# Accelerometer Data File
# Started @Tue May 05 21:14:53 GMT+08:00 2020
#
#
# sensor Vendor: BOSCH
# sensor Name: BMI160 Accelerometer
# sensor Resolution: 0.0023956299m/sec^2; Max Range: 156.9064; Min Delay: 5000 microseconds
# The sensor's attributes are the result hardware and the Android capabilities.
# It means that the Android may not utilize all features provided by the hardware.
#
# Some devices and Android versions save battery too much so the device may go to sleep.
# It just happens after couple of minutes from turning off the scree and it is easy to find it out.
#
# The following file provides the data from accelerometer in the m/s^2 format.
# The diff value is just a time delta between the samples
#
#
# data format:
# so we have 4 columns with values separated by the ","
# X,Y,Z,time_from_previous_sample(ms)

# sensor speed set to:FASTEST
# units set to: m/sec^2
# gravity  filtered out
# Accuracy: HIGH
-0.136,8.547,0.44,0
-0.105,7.709,0.379,4
-0.094,6.99,0.276,5
-0.124,6.321,0.253,5
-0.107,5.741,0.223,5
-0.088,5.188,0.205,5
-0.122,4.695,0.254,5
-0.101,4.23,0.271,5
-0.143,3.815,0.322,5
-0.133,3.442,0.315,5
-0.098,3.094,0.297,5
-0.075,2.72,0.22,5
-0.072,2.418,0.086,5
-0.034,2.197,-0.051,5
-0.048,1.939,-0.201,5
0.016,1.775,-0.246,5
-0.002,1.58,-0.273,5
0.023,1.418,-0.215,5
0.055,1.267,-0.142,5
0.041,1.136,-0.067,4
0.041,1.048,0.042,5
0.029,0.969,0.05,5
0.004,0.916,0.067,5
-0.026,0.841,0.052,5
-0.032,0.735,0.107,5
-0.037,0.692,0.109,5
-0.02,0.614,0.137,5
-0.04,0.57,0.106,5
-0.049,0.487,0.117,5
-0.052,0.43,0.096,5
-0.038,0.382,0.104,5
-0.052,0.314,0.042,5
-0.042,0.291,0.072,5
-0.06,0.232,0.073,5
-0.075,0.213,0.079,5
-0.055,0.183,0.032,5
-0.045,0.139,0.038,5
-0.088,0.146,0.068,5
-0.057,0.127,0.04,4
-0.06,0.08,0.062,5
-0.037,0.076,0.051,5
-0.05,0.077,0.093,5
-0.067,0.052,0.106,5
-0.004,0.081,0.112,5
0.021,0.099,0.092,5
0.036,0.059,0.1,5
0.007,0.075,0.034,5
-0.006,0.089,0.035,5
-0.001,0.067,0.006,5
0.037,0.112,-0.072,5
0.012,0.105,-0.129,5
0.015,0.077,-0.077,5
0.022,0.078,-0.117,5
0.015,0.074,-0.135,5
0.005,0.05,-0.109,5
-0.033,-0.002,-0.029,5
-0.034,0.019,-0.004,4
-0.022,-0.021,0.017,5
-0.011,-0.062,0.049,5
-0.023,-0.081,0.062,5
-0.012,-0.073,-0.004,5
-0.019,-0.044,0.056,5
0.003,-0.061,-0.009,5
0.029,-0.064,-0.004,5
0.017,-0.036,-0.003,5
0.028,-0.002,-0.003,5
-0.012,-0.015,-0.02,5
-0.002,-0.005,-0.026,5
0.014,-0.038,0.005,5
0.038,0.033,-0.05,5
0.004,0.052,0.027,5
-0.038,0.033,-0.018,5
-0.008,0.056,-0.012,5
0.017,0.05,0.032,4
-0.005,0.045,0.033,5
-0.052,0.041,-0.021,5
0.013,0.024,-0.006,5
0.016,0.017,-0.01,5
0.01,0.015,-0.004,5
-0.042,-0.007,0.025,5
-0.025,-0.028,0.044,5
-0.04,0.0,-0.002,5
-0.001,0.013,0.023,5
-0.001,0.029,0.033,5
-0.005,0.017,0.056,5
-0.022,-0.009,0.046,5
-0.032,0.012,-0.014,5
-0.008,0.024,-0.004,5
0.018,0.03,-0.016,5
0.012,0.04,-0.032,5
0.058,0.04,-0.037,5
-0.011,0.036,-0.033,5
0.028,0.015,-0.047,4
0.012,-0.016,-0.042,5
-0.001,-0.001,-0.025,5
0.028,-0.035,-0.031,5
0.008,-0.045,-0.041,5
-0.022,-0.044,-0.02,5
0.001,-0.053,-0.013,5
0.001,-0.039,-0.042,5
-0.02,-0.035,-0.034,5
0.015,-0.001,0.0,5
0.014,-0.018,-0.009,5
-0.025,0.004,0.009,5
-0.01,0.038,0.025,5
0.0,0.039,0.001,5
-0.013,0.009,0.014,5
-0.038,0.034,0.034,5
-0.021,0.086,0.056,5
-0.032,0.086,0.063,5
-0.015,0.095,0.061,4
-0.023,0.072,0.051,5
-0.02,0.056,0.029,5
-0.01,0.046,0.039,5
-0.043,0.037,0.03,5
-0.026,0.038,-0.002,5
-0.019,0.038,0.006,5
-0.06,0.004,0.014,5
-0.054,-0.021,0.064,5
-0.074,-0.032,0.023,5
-0.045,-0.063,0.042,5
-0.032,-0.035,0.051,5
-0.016,-0.075,0.055,5
0.024,-0.054,0.027,5
0.013,-0.044,0.02,5
0.011,-0.07,-0.002,5
0.006,-0.063,0.031,5
-0.015,-0.048,0.054,5
0.002,-0.009,0.031,4
0.006,-0.021,-0.001,5
-0.028,-0.023,0.007,5
-0.003,0.004,-0.014,5
0.0,0.017,-0.026,5
-0.003,0.045,-0.092,5
0.061,0.015,-0.074,5
0.094,0.065,-0.084,5
0.11,0.063,-0.097,5
0.086,0.043,0.002,5
0.069,0.009,-0.057,5
0.04,0.012,-0.047,5
0.015,-0.014,-0.034,5
-0.02,-0.03,-0.043,5
-0.018,-0.074,0.02,5
-0.025,-0.097,0.113,5
-0.005,-0.087,0.175,5
-0.03,-0.113,0.192,5
-0.036,-0.054,0.138,4
0.001,-0.07,0.09,5
-0.024,-0.072,0.072,5
-0.013,-0.034,0.052,5
0.0,-0.009,0.055,5
0.009,-0.026,0.089,5
0.021,0.002,0.11,5
0.01,0.032,0.202,5
0.0,0.059,0.195,5
-0.003,0.087,0.162,5
0.005,0.07,0.129,5
0.0,0.059,0.06,5
0.022,0.057,-0.083,5
0.045,0.043,-0.217,5
0.041,0.021,-0.333,5
0.05,0.028,-0.334,5
0.062,-0.013,-0.253,5
0.073,-0.05,-0.129,5
0.061,-0.076,-0.068,5
0.064,-0.094,-0.031,4
0.074,-0.097,-0.011,5
0.024,-0.057,-0.001,5
-0.051,-0.064,0.058,5
-0.016,-0.032,0.074,5
-0.014,0.005,0.054,5
-0.043,0.013,0.035,5
-0.03,0.046,0.062,5
-0.035,0.046,0.056,5
-0.023,0.015,-0.001,5
-0.034,0.057,-0.026,5
-0.043,0.055,0.04,5
-0.026,0.041,0.014,5
-0.019,0.015,0.004,5
-0.034,-0.007,0.0,5
-0.048,0.01,-0.008,5
-0.03,-0.024,-0.033,5
-0.023,-0.009,-0.047,4
-0.046,0.017,-0.072,5
-0.007,0.015,-0.039,5
0.005,0.039,-0.027,5
-0.011,0.031,-0.037,5
-0.006,0.054,-0.046,5
0.024,0.057,-0.029,5
0.039,0.056,-0.034,5
-0.007,0.05,0.024,5
0.005,0.019,0.017,5
-0.016,-0.008,0.046,5
-0.027,-0.016,0.015,5
-0.011,-0.005,0.014,5
-0.019,-0.035,-0.013,5
-0.004,-0.044,-0.011,5
0.021,-0.014,-0.01,5
-0.01,-0.025,-0.018,5
-0.022,-0.023,-0.029,5
-0.002,-0.012,0.016,5
0.006,0.006,0.002,4
0.005,-0.003,0.023,5
0.0,0.023,0.072,5
-0.008,0.029,0.091,5
0.001,-0.012,0.056,5
-0.02,0.001,0.059,5
-0.009,-0.007,0.062,5
0.0,0.01,-0.004,5
0.012,0.001,0.004,5
-0.027,0.022,0.021,5
-0.024,0.003,0.049,5
0.008,0.011,0.027,5
-0.009,0.031,0.089,5
0.016,-0.001,0.037,5
0.032,0.007,-0.001,5
0.033,0.002,-0.022,5
0.025,-0.006,-0.05,5
-0.011,0.041,-0.028,5
-0.014,0.058,-0.042,4
-0.008,0.044,-0.068,5
-0.046,0.031,-0.061,5
-0.072,0.032,-0.102,5
-0.09,0.029,-0.105,5
-0.073,0.0,-0.082,5
-0.044,0.013,-0.078,5
-0.035,-0.013,-0.066,5
-0.049,-0.016,-0.007,5
-0.052,-0.023,0.04,5
-0.017,-0.038,0.001,5
-0.002,-0.073,-0.024,5
-0.036,-0.057,0.047,5
-0.02,-0.034,0.025,5
0.02,-0.031,-0.003,5
-0.007,-0.032,0.018,5
0.01,0.005,0.021,5
-0.003,0.017,-0.006,5
-0.007,0.033,0.002,4
0.027,0.047,-0.019,5
0.037,0.038,-0.03,5
0.072,0.025,0.02,5
0.052,0.036,0.026,5
0.03,0.062,0.006,5
0.022,0.06,-0.002,5
0.037,0.015,-0.023,5
-0.047,0.027,-0.038,5
-0.012,0.02,-0.043,5
-0.011,0.018,-0.047,5
-0.04,-0.009,-0.034,5
-0.045,-0.025,-0.004,5
-0.027,-0.044,-0.051,5
-0.02,-0.031,-0.033,5
-0.04,-0.037,-0.034,5
-0.04,-0.037,-0.044,5
0.011,-0.102,-0.035,5
-0.011,-0.101,-0.053,4
-0.053,-0.095,-0.035,5
-0.052,-0.085,0.015,5
-0.051,-0.111,0.052,5
-0.033,-0.104,0.047,5
-0.025,-0.059,0.042,5
0.002,-0.066,0.038,5
-0.01,-0.051,0.021,5
-0.005,-0.037,0.015,5
0.0,-0.029,0.013,5
-0.008,-0.013,0.029,5
-0.012,-0.012,-0.003,5
0.001,0.01,-0.033,5
-0.002,0.03,0.013,5
0.01,-0.006,-0.018,5
0.013,0.002,-0.055,5
0.003,0.002,-0.049,5
0.007,-0.015,-0.006,5
0.006,0.007,-0.001,4
-0.002,0.011,0.037,5
0.028,0.01,0.029,5
-0.026,0.017,-0.024,5
-0.058,0.011,-0.022,5
-0.039,0.053,-0.033,5
-0.018,0.087,-0.06,5
0.005,0.087,-0.084,5
-0.008,0.099,-0.131,5
-0.046,0.081,-0.118,5
-0.08,0.094,-0.063,5
-0.068,0.063,0.003,5
-0.031,0.065,0.019,5
0.019,0.072,0.069,5
0.073,0.017,0.144,5
0.035,0.028,0.087,5
0.049,0.021,0.052,5
0.027,0.019,0.008,5
0.037,0.039,0.016,4
0.038,0.022,0.01,5
0.047,0.041,0.035,5
0.038,-0.001,0.104,5
0.043,-0.027,0.176,5
-0.013,-0.058,0.21,5
-0.033,-0.07,0.249,5
0.004,-0.037,0.246,5
0.008,-0.063,0.178,5
0.037,-0.048,0.121,5
0.0,-0.035,0.006,5
0.042,-0.01,-0.166,5
0.038,0.02,-0.292,5
0.047,0.018,-0.344,5
0.059,0.051,-0.323,5
0.049,0.05,-0.243,5
-0.002,0.019,-0.107,5
0.019,-0.003,-0.092,5
0.008,0.005,-0.078,5
-0.018,0.008,-0.036,4
-0.007,0.038,0.006,5
-0.05,-0.012,0.065,5
-0.036,-0.028,0.059,5
-0.032,-0.043,0.117,5
-0.046,-0.073,0.14,5
-0.016,-0.087,0.126,5
-0.049,-0.087,0.105,5
-0.013,-0.057,0.09,5
-0.012,-0.042,0.059,5
-0.002,-0.051,0.002,5
0.001,-0.033,0.027,5
-0.015,-0.021,-0.056,5
-0.022,-0.023,-0.033,5
0.001,0.026,-0.052,5
0.013,0.023,-0.085,5
-0.004,-0.008,-0.09,5
-0.008,-0.003,-0.029,4
-0.011,0.018,0.0,5
-0.066,0.007,0.034,5
-0.068,0.028,0.047,5
-0.031,0.021,0.086,5
-0.05,0.006,0.146,5
-0.027,-0.011,0.149,5
-0.033,-0.001,0.129,5
-0.047,-0.027,0.129,5
0.026,-0.02,0.099,5
0.027,-0.014,0.063,5
-0.026,-0.008,0.018,5
-0.006,-0.037,0.016,5
0.011,-0.029,0.049,5
0.001,-0.018,0.053,5
0.044,-0.016,0.056,5
0.014,-0.001,0.007,5
-0.008,-0.023,0.093,5
-0.012,-0.007,0.045,5
-0.023,0.005,-0.002,4
-0.047,0.0,-0.015,5
-0.042,0.009,-0.043,5
-0.029,0.043,-0.061,5
-0.035,0.043,-0.093,5
-0.006,0.051,-0.11,5
0.02,0.102,-0.116,5
0.014,0.087,-0.104,5
0.012,0.079,-0.12,5
0.024,0.028,-0.138,5
0.069,0.059,-0.068,5
0.062,0.032,-0.052,5
0.008,0.003,-0.026,5
0.02,0.007,-0.006,5
-0.002,-0.006,-0.018,5
-0.006,0.002,0.022,5
-0.01,0.015,0.032,5
0.0,-0.003,0.063,5
0.012,-0.028,0.061,4
-0.014,-0.004,0.047,5
-0.034,-0.003,0.012,5
-0.001,-0.025,-0.023,5
0.029,-0.022,-0.029,5
-0.016,-0.016,-0.031,5
-0.01,-0.027,-0.019,5
-0.035,-0.02,-0.03,5
-0.032,-0.018,-0.035,5
-0.033,-0.046,-0.023,5
-0.06,-0.011,-0.055,5
-0.054,-0.053,0.001,5
-0.04,-0.039,-0.024,5
-0.036,-0.027,-0.03,5
-0.049,-0.054,-0.01,5
-0.018,-0.023,0.02,5
-0.004,0.0,0.001,5
-0.025,0.004,-0.007,5
-0.044,0.021,-0.002,4
-0.013,0.045,0.006,5
0.021,0.049,-0.006,5
0.019,0.053,-0.04,5
-0.016,0.043,-0.071,5
0.019,0.047,-0.089,5
0.021,0.047,-0.111,5
0.006,0.038,-0.108,5
-0.002,0.051,-0.123,5
0.001,0.037,-0.132,5
0.014,0.016,-0.132,5
0.052,-0.019,-0.114,5
0.012,-0.013,-0.055,5
-0.01,-0.041,-0.054,5
0.0,-0.093,-0.075,5
0.003,-0.084,-0.002,5
0.003,-0.067,0.001,5
-0.01,-0.077,0.079,5
-0.004,-0.061,0.079,4
0.004,-0.055,0.063,5
0.012,-0.049,0.078,5
-0.014,-0.006,0.061,5
0.008,0.029,0.038,5
0.003,0.069,0.064,5
0.011,0.062,0.032,5
0.027,0.077,-0.022,5
0.024,0.091,-0.028,5
-0.02,0.095,-0.056,5
0.015,0.115,-0.054,5
0.04,0.104,-0.045,5
0.07,0.085,-0.027,5
0.046,0.063,-0.037,5
0.037,0.009,-0.033,5
0.059,-0.016,-0.034,5
0.062,-0.032,-0.009,5
0.064,-0.059,-0.039,5
0.062,-0.087,0.003,4
0.043,-0.096,0.003,5
0.03,-0.086,0.02,5
0.005,-0.065,0.056,5
-0.025,-0.049,-0.004,5
-0.044,-0.027,0.03,5
-0.026,-0.003,0.048,5
-0.015,0.009,0.022,5
-0.009,0.0,0.015,5
0.008,0.008,0.005,5
-0.022,0.055,-0.016,5
-0.037,0.045,-0.075,5
-0.029,0.049,-0.054,5
-0.03,0.014,-0.036,5
-0.01,-0.021,-0.015,5
0.046,-0.04,0.02,5
-0.005,-0.062,0.057,5
0.077,-0.052,0.09,5
0.116,-0.064,0.051,4
0.109,-0.049,-0.005,5
0.102,-0.052,-0.043,5
0.062,-0.013,-0.039,5
0.056,-0.041,-0.005,5
0.05,0.005,0.038,5
0.006,0.022,0.099,5
-0.054,0.032,0.162,5
-0.044,0.064,0.189,5
-0.061,0.057,0.234,5
-0.098,0.051,0.198,5
-0.084,0.068,0.114,5
-0.067,0.057,-0.022,5
-0.077,0.047,-0.123,5
-0.078,0.042,-0.197,5
-0.062,0.068,-0.237,5
-0.06,0.083,-0.201,5
-0.037,0.1,-0.133,5
0.005,0.034,-0.12,4
0.03,0.031,-0.039,5
0.036,0.04,-0.056,5
0.084,0.036,-0.055,5
0.041,0.037,-0.045,5
0.002,0.033,-0.058,5
-0.027,0.047,-0.009,5
-0.046,0.016,-0.004,5
-0.05,0.015,0.013,5
-0.036,-0.02,0.037,5
-0.05,-0.04,0.077,5
-0.049,-0.057,0.099,5
0.002,-0.077,0.033,5
-0.01,-0.061,0.043,5
-0.022,-0.063,0.03,5
-0.041,-0.079,0.053,5
-0.002,-0.062,-0.008,5
-0.015,-0.043,-0.011,5
0.007,-0.026,-0.01,5
0.006,-0.001,-0.022,4
0.006,0.019,-0.05,5
0.001,0.043,-0.075,5
0.009,0.052,-0.054,5
-0.004,0.051,-0.032,5
-0.016,0.054,0.031,5
0.023,0.023,-0.01,5
0.008,0.0,0.024,5
-0.009,-0.021,0.009,5
-0.004,-0.028,0.025,5
-0.012,-0.064,0.036,5
0.001,-0.075,-0.014,5
0.014,-0.093,-0.017,5
0.017,-0.071,0.005,5
-0.023,-0.081,0.022,5
0.004,-0.055,-0.001,5
-0.017,-0.058,0.007,5
-0.041,-0.04,-0.019,5
-0.032,-0.014,0.021,4
0.0,0.004,0.019,5
-0.012,-0.004,0.017,5
-0.024,0.008,0.002,5
0.0,0.011,0.019,5
0.012,0.019,0.009,5
-0.022,0.043,-0.022,5
0.0,0.034,-0.045,5
-0.007,0.048,-0.049,5
-0.015,0.017,-0.027,5
0.02,0.003,-0.063,5
0.035,-0.018,-0.035,5
0.014,-0.042,0.015,5
0.047,-0.051,0.0,5
0.03,-0.067,-0.012,5
-0.02,-0.061,0.032,5
0.011,-0.063,0.007,5
-0.015,-0.052,0.019,4
-0.039,-0.064,0.056,5
-0.018,-0.036,0.011,5
0.013,-0.015,0.023,5
0.033,-0.009,0.047,5
-0.008,-0.013,0.046,5
0.005,0.022,0.007,5
0.039,0.024,0.015,5
0.056,0.03,0.026,5
0.038,0.031,0.002,5
0.021,0.024,0.023,5
0.006,0.017,0.008,5
0.001,-0.005,0.029,5
-0.011,-0.009,0.043,5
0.032,-0.047,0.026,5
0.003,-0.055,0.053,5
-0.035,-0.084,0.018,5
-0.014,-0.101,0.055,5
0.0,-0.117,0.079,4
-0.013,-0.118,0.046,5
0.009,-0.136,0.045,5
0.008,-0.11,0.054,5
0.016,-0.09,0.053,5
0.062,-0.085,0.069,5
0.06,-0.103,0.049,5
0.006,-0.114,0.035,5
0.014,-0.141,0.058,5
0.026,-0.127,0.078,5
0.006,-0.162,0.1,5
-0.015,-0.176,0.081,5
-0.087,-0.162,0.073,5
-0.065,-0.176,0.139,5
-0.085,-0.159,0.134,5
-0.119,-0.1,0.159,5
-0.073,-0.012,0.199,5
-0.083,0.044,0.171,5
-0.13,0.135,0.132,4
-0.16,0.181,0.11,5
-0.17,0.189,0.077,5
-0.162,0.243,0.048,5
-0.176,0.236,-0.003,5
-0.188,0.23,0.001,5
-0.221,0.207,0.022,5
-0.203,0.186,-0.018,5
-0.2,0.154,-0.021,5
-0.202,0.117,-0.031,5
-0.207,0.067,-0.045,5
-0.117,0.017,-0.024,5
-0.106,-0.005,-0.013,5
-0.099,-0.052,-0.016,5
-0.046,-0.051,0.063,5
-0.063,-0.055,0.074,5
-0.096,-0.058,0.083,5
-0.004,-0.142,0.2,5
-0.133,-0.132,0.214,4
-0.171,-0.128,0.245,5
-0.193,-0.145,0.302,5
-0.148,-0.182,0.259,5
-0.172,-0.194,0.302,5
-0.206,-0.153,0.336,5
-0.185,-0.155,0.376,5
-0.21,-0.144,0.351,5
-0.193,-0.116,0.342,5
-0.157,-0.118,0.333,5
-0.167,-0.132,0.352,5
-0.163,-0.14,0.248,5
-0.185,-0.104,0.193,5
-0.193,-0.133,0.143,5
-0.191,-0.158,0.103,5
-0.154,-0.151,0.174,5
-0.113,-0.162,0.213,5
-0.097,-0.18,0.261,5
-0.014,-0.175,0.247,4
-0.004,-0.162,0.292,5
0.043,-0.158,0.336,5
0.034,-0.155,0.362,5
0.052,-0.105,0.3,5
0.081,-0.013,0.231,5
0.043,0.031,0.135,5
0.077,0.084,0.164,5
0.117,0.118,0.152,5
0.127,0.137,0.184,5
0.101,0.123,0.256,5
0.108,0.197,0.33,5
0.14,0.19,0.323,5
0.075,0.175,0.303,5
0.046,0.214,0.316,5
0.041,0.227,0.336,5
0.071,0.273,0.337,5
0.068,0.263,0.256,5
0.006,0.28,0.148,5
-0.106,0.389,0.224,4
-0.186,0.463,0.27,5
-0.254,0.481,0.329,5
-0.284,0.54,0.4,5
-0.359,0.607,0.472,5
-0.427,0.68,0.494,5
-0.487,0.715,0.548,5
-0.551,0.73,0.575,5
-0.62,0.756,0.547,5
-0.64,0.762,0.549,5
-0.718,0.811,0.554,5
-0.733,0.799,0.572,5
-0.698,0.792,0.545,5
-0.706,0.756,0.439,5
-0.687,0.693,0.373,5
-0.622,0.637,0.344,5
-0.504,0.599,0.297,5
-0.368,0.591,0.276,4
-0.253,0.562,0.227,5
-0.137,0.544,0.2,5
-0.029,0.598,0.231,5
0.072,0.65,0.178,5
0.104,0.774,0.1,5
0.115,0.943,-0.069,5
0.086,1.128,-0.2,5
0.09,1.369,-0.339,5
0.099,1.62,-0.555,5
0.071,1.777,-0.745,5
0.056,1.905,-0.938,5
0.076,1.926,-1.18,5
0.111,1.828,-1.303,5
0.169,1.572,-1.445,5
0.208,1.259,-1.541,5
0.295,0.84,-1.581,5
0.408,0.33,-1.591,5
0.47,-0.211,-1.647,4
0.553,-0.729,-1.616,5
0.661,-1.181,-1.579,5
0.759,-1.529,-1.542,5
0.834,-1.828,-1.47,5
0.935,-2.111,-1.43,5
1.109,-2.352,-1.374,5
1.356,-2.574,-1.365,5
1.517,-2.743,-1.315,5
1.564,-2.779,-1.261,5
1.52,-2.811,-1.281,5
1.549,-2.819,-1.235,5
1.549,-2.804,-1.28,5
1.596,-2.774,-1.311,5
1.644,-2.737,-1.279,5
1.522,-2.615,-1.267,5
1.327,-2.418,-1.149,5
1.026,-2.124,-0.996,5
0.699,-1.808,-0.767,4
0.375,-1.421,-0.474,5
-0.067,-0.968,-0.259,5
-0.521,-0.565,-0.052,5
-0.848,-0.091,0.09,5
-1.13,0.288,0.15,5
-1.379,0.712,0.161,5
-1.512,1.076,0.145,5
-1.503,1.334,0.126,5
-1.456,1.503,0.057,5
-1.375,1.727,-0.085,5
-1.276,1.852,-0.068,5
-1.175,1.856,-0.066,5
-0.997,1.804,-0.042,5
-0.824,1.632,0.043,5
-0.69,1.426,0.112,5
-0.603,1.219,0.191,5
-0.539,1.006,0.314,5
-0.42,0.811,0.49,4
-0.266,0.6,0.536,5
-0.088,0.398,0.603,5
0.148,0.255,0.607,5
0.396,0.078,0.594,5
0.559,-0.062,0.564,5
0.736,-0.146,0.473,5
0.869,-0.257,0.461,5
1.006,-0.313,0.427,5
1.073,-0.381,0.449,5
1.13,-0.411,0.378,5
1.142,-0.448,0.375,5
1.152,-0.472,0.424,5
1.132,-0.485,0.411,5
1.045,-0.454,0.387,5
0.975,-0.408,0.37,5
0.838,-0.402,0.376,5
0.698,-0.366,0.304,5
0.551,-0.312,0.291,4
0.354,-0.251,0.27,5
0.215,-0.247,0.273,5
0.124,-0.27,0.263,5
-0.051,-0.256,0.22,5
-0.179,-0.316,0.284,5
-0.252,-0.379,0.311,5
-0.373,-0.432,0.349,5
-0.474,-0.483,0.392,5
-0.569,-0.543,0.417,5
-0.589,-0.57,0.457,5
-0.604,-0.634,0.476,5
-0.642,-0.648,0.51,5
-0.625,-0.618,0.489,5
-0.558,-0.608,0.462,5
-0.52,-0.564,0.36,5
-0.463,-0.546,0.324,5
-0.4,-0.483,0.27,5
-0.317,-0.448,0.178,4
-0.294,-0.381,0.139,5
-0.247,-0.283,0.129,5
-0.201,-0.246,0.099,5
-0.163,-0.161,0.106,5
-0.104,-0.106,0.1,5
-0.124,-0.078,0.141,5
-0.098,-0.087,0.093,5
-0.071,-0.048,0.092,5
-0.09,-0.044,0.07,5
-0.059,-0.052,0.046,5
-0.079,-0.068,0.037,5
-0.067,-0.113,0.08,5
-0.017,-0.171,0.081,5
-0.05,-0.253,0.116,5
-0.066,-0.245,0.117,5
-0.042,-0.315,0.183,5
-0.055,-0.378,0.242,5
-0.032,-0.34,0.265,4
-0.025,-0.336,0.222,5
0.007,-0.333,0.26,5
-0.002,-0.313,0.234,5
0.015,-0.311,0.167,5
0.056,-0.241,0.142,5
0.068,-0.209,0.188,5
0.07,-0.153,0.238,5
0.058,-0.103,0.223,5
0.122,-0.076,0.278,5
0.131,-0.085,0.379,5
0.118,-0.094,0.449,5
0.093,-0.097,0.469,5
0.015,-0.101,0.465,5
-0.003,-0.121,0.393,5
-0.02,-0.121,0.327,5
-0.031,-0.114,0.243,5
0.023,-0.085,0.141,5
0.034,-0.016,0.071,4
0.086,0.066,0.115,5
0.168,0.193,0.289,5
0.19,0.303,0.463,5
0.236,0.372,0.606,5
0.277,0.451,0.834,5
0.305,0.492,1.005,5
0.244,0.542,1.06,5
0.177,0.492,1.117,5
0.15,0.49,1.036,5
0.023,0.506,0.915,5
-0.056,0.524,0.78,5
-0.205,0.545,0.629,5
-0.288,0.628,0.445,5
-0.272,0.725,0.314,5
-0.228,0.889,0.158,5
-0.179,1.016,0.121,5
-0.178,1.199,0.147,5
-0.173,1.389,0.197,4
-0.13,1.522,0.333,5
-0.126,1.701,0.459,5
-0.182,1.768,0.529,5
-0.409,1.811,0.627,5
-0.64,1.763,0.767,5
-0.955,1.643,0.824,5
-1.191,1.483,0.573,5
-1.43,1.395,0.029,5
-1.571,1.385,-0.869,5
-1.487,1.509,-1.795,5
-0.951,1.703,-2.594,5
-0.08,1.955,-3.209,5
1.017,2.078,-3.509,5
2.14,2.155,-3.567,5
2.994,2.331,-3.68,5
3.294,2.577,-3.89,5
3.145,2.754,-4.074,5
2.844,2.845,-4.128,4
2.387,2.828,-4.21,5
1.739,2.627,-4.164,5
0.781,2.312,-3.812,5
-0.434,1.969,-3.392,5
-1.55,1.526,-3.174,5
-2.447,0.762,-2.736,5
-2.887,-0.158,-2.247,5
-3.047,-0.978,-1.78,5
-2.923,-1.751,-1.288,5
-2.514,-2.438,-0.564,5
-2.017,-2.965,0.129,5
-1.47,-3.35,0.586,5
-0.94,-3.441,0.812,5
-0.488,-3.291,0.942,5
-0.172,-3.022,0.942,5
0.103,-2.591,0.775,5
0.23,-2.082,0.464,5
0.293,-1.542,0.202,5
0.342,-1.073,-0.05,4
0.333,-0.672,-0.243,5
0.317,-0.325,-0.244,5
0.165,-0.081,-0.254,5
0.053,0.038,-0.203,5
-0.067,0.064,-0.105,5
-0.272,0.049,0.025,5
-0.499,-0.002,0.173,5
-0.669,-0.136,0.294,5
-0.77,-0.268,0.48,5
-0.848,-0.431,0.703,5
-0.888,-0.608,0.943,5
-0.894,-0.806,1.09,5
-0.835,-0.919,1.141,5
-0.773,-1.025,1.027,5
-0.635,-1.099,1.001,5
-0.468,-1.149,0.949,5
-0.257,-1.142,0.854,4
-0.038,-1.135,0.79,5
0.181,-1.129,0.745,5
0.447,-1.111,0.735,5
0.803,-1.082,0.666,5
1.076,-1.064,0.617,5
1.21,-1.022,0.594,5
1.278,-0.937,0.552,5
1.336,-0.917,0.453,5
1.241,-0.89,0.421,5
1.099,-0.839,0.374,5
0.981,-0.803,0.38,5
0.865,-0.77,0.385,5
0.796,-0.736,0.459,5
0.686,-0.727,0.516,5
0.527,-0.693,0.473,5
0.336,-0.624,0.464,5
0.165,-0.604,0.513,5
0.041,-0.591,0.492,5
-0.178,-0.567,0.485,4
-0.358,-0.518,0.497,5
-0.435,-0.518,0.452,5
-0.52,-0.488,0.415,5
-0.529,-0.474,0.434,5
-0.601,-0.452,0.455,5
-0.644,-0.39,0.379,5
-0.64,-0.355,0.385,5
-0.64,-0.375,0.406,5
-0.641,-0.359,0.379,5
-0.654,-0.302,0.371,5
-0.58,-0.28,0.338,5
-0.496,-0.226,0.296,5
-0.447,-0.126,0.231,5
-0.402,-0.053,0.238,5
-0.37,0.063,0.21,5
-0.312,0.135,0.176,5
-0.224,0.164,0.133,5
-0.15,0.243,0.154,4
0.006,0.27,0.199,5
0.07,0.213,0.222,5
0.188,0.191,0.299,5
0.255,0.202,0.273,5
0.29,0.191,0.289,5
0.304,0.167,0.264,5
0.317,0.159,0.281,5
0.436,0.126,0.244,5
0.474,0.092,0.215,5
0.483,0.1,0.254,5
0.452,0.068,0.298,5
0.393,0.035,0.32,5
0.354,-0.002,0.335,5
0.323,-0.019,0.383,5
0.299,-0.094,0.427,5
0.308,-0.149,0.475,5
0.355,-0.208,0.526,5
0.345,-0.252,0.512,4
0.354,-0.231,0.444,5
0.357,-0.212,0.442,5
0.373,-0.169,0.364,5
0.366,-0.1,0.401,5
0.407,-0.013,0.391,5
0.392,0.052,0.502,5
0.404,0.12,0.53,5
0.355,0.151,0.49,5
0.346,0.171,0.462,5
0.298,0.227,0.403,5
0.255,0.307,0.294,5
0.212,0.337,0.234,5
0.139,0.368,0.133,5
0.048,0.426,0.089,5
0.026,0.469,0.059,5
-0.019,0.522,-0.011,5
-0.069,0.551,-0.04,5
-0.07,0.479,0.006,4
0.026,0.362,0.096,5
-0.096,0.33,0.181,5
-0.155,0.232,0.254,5
-0.153,0.149,0.435,5
-0.181,0.078,0.551,5
-0.184,-0.033,0.685,5
-0.213,-0.064,0.815,5
-0.196,-0.135,0.833,5
-0.155,-0.203,0.866,5
-0.044,-0.179,0.861,5
0.019,-0.195,0.749,5
0.134,-0.163,0.657,5
0.293,-0.064,0.574,5
0.35,0.049,0.37,5
0.435,0.143,0.221,5
0.474,0.31,0.125,5
0.452,0.494,-0.046,5
0.471,0.578,-0.287,4
0.441,0.663,-0.465,5
0.363,0.76,-0.561,5
0.219,0.865,-0.591,5
0.093,0.89,-0.557,5
0.045,0.922,-0.48,5
-0.019,0.942,-0.333,5
-0.025,0.899,-0.119,5
-0.023,0.835,0.078,5
-0.038,0.777,0.324,5
0.0,0.734,0.542,5
-0.038,0.708,0.681,5
-0.065,0.633,0.76,5
-0.114,0.561,0.783,5
-0.202,0.462,0.812,5
-0.272,0.39,0.778,5
-0.357,0.29,0.778,5
-0.403,0.171,0.804,5
-0.41,0.076,0.909,4
-0.382,-0.047,1.012,5
-0.301,-0.202,1.139,5
-0.266,-0.311,1.245,5
-0.171,-0.374,1.241,5
0.022,-0.492,1.155,5
0.412,-0.585,0.997,5
0.651,-0.643,0.738,5
0.879,-0.673,0.172,5
0.808,-0.537,-0.576,5
0.253,-0.031,-1.303,5
-0.758,0.915,-2.341,5
-1.863,2.073,-4.037,5
-2.711,3.267,-5.762,5
-3.978,4.565,-7.087,5
-5.377,6.03,-8.274,5
-6.309,7.478,-7.942,5
-6.553,8.506,-6.415,5
-5.247,8.672,-4.08,4
-2.399,7.71,-1.552,5
0.93,6.008,-0.19,5
3.349,4.033,0.345,5
4.656,2.0,0.75,5
5.457,-0.345,0.619,5
6.071,-2.711,0.174,5
6.606,-4.788,0.005,5
6.436,-6.163,0.263,5
5.694,-6.822,0.763,5
4.672,-7.002,0.915,5
3.101,-6.633,1.159,5
1.119,-5.759,1.263,5
-0.578,-4.829,1.042,5
-1.796,-3.859,0.899,5
-2.53,-2.892,0.507,5
-2.833,-1.861,-0.09,5
-2.916,-0.83,-0.339,5
-2.852,0.122,-0.491,5
-2.632,0.825,-0.674,4
-2.338,1.269,-0.818,5
-2.04,1.538,-0.779,5
-1.767,1.643,-0.632,5
-1.444,1.547,-0.388,5
-1.002,1.242,-0.125,5
-0.453,0.816,0.012,5
0.177,0.265,0.17,5
0.771,-0.282,0.213,5
1.142,-0.758,0.243,5
1.42,-1.096,0.176,5
1.614,-1.323,0.223,5
1.69,-1.445,0.188,5
1.732,-1.468,0.182,5
1.606,-1.433,0.176,5
1.635,-1.419,0.172,5
1.657,-1.402,0.081,5
1.607,-1.348,0.12,4
1.442,-1.261,0.19,5
1.19,-1.156,0.262,5
0.951,-1.023,0.365,5
0.743,-0.938,0.44,5
0.497,-0.823,0.478,5
0.201,-0.658,0.534,5
0.022,-0.571,0.575,5
-0.173,-0.505,0.509,5
-0.294,-0.446,0.441,5
-0.381,-0.44,0.487,5
-0.433,-0.426,0.451,5
-0.48,-0.409,0.41,5
-0.484,-0.455,0.412,5
-0.522,-0.388,0.41,5
-0.47,-0.431,0.412,5
-0.41,-0.409,0.392,5
-0.343,-0.437,0.418,5
-0.265,-0.355,0.471,5
-0.174,-0.366,0.501,4
-0.088,-0.373,0.434,5
-0.006,-0.366,0.442,5
-0.005,-0.269,0.458,5
0.072,-0.298,0.442,5
0.099,-0.324,0.514,5
0.089,-0.309,0.541,5
0.123,-0.308,0.504,5
0.085,-0.299,0.488,5
-0.026,-0.29,0.34,5
-0.006,-0.3,0.28,5
-0.044,-0.27,0.204,5
-0.143,-0.247,0.042,5
-0.245,-0.231,0.038,5
-0.324,-0.182,-0.004,5
-0.378,-0.138,-0.021,5
-0.469,-0.077,0.028,5
-0.504,-0.022,0.068,5
-0.527,0.031,0.074,4
-0.526,0.101,0.006,5
-0.49,0.19,-0.002,5
-0.506,0.266,-0.062,5
-0.49,0.313,-0.116,5
-0.428,0.333,-0.161,5
-0.424,0.403,-0.269,5
-0.243,0.41,-0.173,5
-0.12,0.417,-0.229,5
-0.013,0.405,-0.168,5
0.177,0.377,-0.086,5
0.297,0.378,0.025,5
0.41,0.319,0.152,5
0.481,0.296,0.253,5
0.545,0.24,0.322,5
0.606,0.177,0.398,5
0.671,0.142,0.427,5
0.724,0.141,0.436,5
0.768,0.135,0.427,4
0.756,0.148,0.431,5
0.685,0.154,0.461,5
0.599,0.182,0.467,5
0.418,0.271,0.459,5
0.307,0.3,0.413,5
0.225,0.326,0.354,5
0.125,0.358,0.353,5
0.026,0.391,0.292,5
-0.075,0.434,0.241,5
-0.166,0.455,0.29,5
-0.21,0.474,0.322,5
-0.353,0.457,0.38,5
-0.391,0.463,0.407,5
-0.42,0.417,0.431,5
-0.465,0.327,0.448,5
-0.53,0.252,0.485,5
-0.529,0.166,0.501,5
-0.558,0.072,0.571,5
-0.571,0.034,0.596,4
-0.574,-0.028,0.601,5
-0.551,-0.069,0.623,5
-0.505,-0.07,0.565,5
-0.467,-0.037,0.457,5
-0.364,0.0,0.329,5
-0.25,0.06,0.167,5
-0.208,0.093,0.085,5
-0.153,0.174,0.021,5
0.008,0.221,-0.019,5
0.141,0.238,-0.021,5
0.256,0.248,0.057,5
0.386,0.262,0.103,5
0.407,0.258,0.08,5
0.431,0.236,0.089,5
0.483,0.195,0.136,5
0.443,0.158,0.222,5
0.369,0.164,0.26,4
0.258,0.195,0.341,5
0.22,0.214,0.376,5
0.219,0.232,0.438,5
0.167,0.256,0.515,5
0.18,0.239,0.523,5
0.158,0.271,0.536,5
0.164,0.244,0.486,5
0.16,0.206,0.459,5
0.17,0.147,0.482,5
0.114,0.059,0.481,5
0.051,-0.037,0.403,5
-0.005,-0.136,0.47,5
-0.078,-0.273,0.557,5
-0.109,-0.414,0.609,5
-0.154,-0.549,0.66,5
-0.16,-0.714,0.715,5
-0.131,-0.837,0.755,5
-0.092,-0.938,0.766,4
-0.018,-1.051,0.715,5
0.073,-1.097,0.648,5
0.139,-1.129,0.536,5
0.173,-1.12,0.478,5
0.254,-1.042,0.464,5
0.319,-1.003,0.306,5
0.339,-0.928,0.189,5
0.391,-0.775,0.157,5
0.425,-0.603,0.111,5
0.456,-0.512,0.122,5
0.492,-0.345,0.131,5
0.46,-0.215,0.152,5
0.47,-0.189,0.124,5
0.376,-0.123,0.094,5
0.252,-0.089,-0.013,5
0.132,-0.115,-0.128,5
-0.109,-0.112,-0.176,5
-0.309,-0.156,-0.257,4
-0.446,-0.214,-0.214,5
-0.587,-0.339,-0.111,5
-0.705,-0.46,0.046,5
-0.781,-0.617,0.248,5
-0.862,-0.844,0.391,5
-1.03,-1.074,0.46,5
-1.461,-1.173,0.306,5
-1.975,-1.103,-0.646,5
-2.488,-0.558,-2.163,5
-2.683,0.424,-3.64,5
-1.773,1.351,-4.866,5
0.408,1.974,-6.254,5
2.944,2.643,-7.223,5
4.511,3.288,-7.367,5
5.56,3.873,-5.355,5
5.292,4.64,-2.449,5
4.94,6.409,-0.519,5
5.041,7.599,-0.402,5
5.062,7.697,-0.711,4
4.297,6.914,-0.709,5
1.937,5.8,-1.03,5
-1.428,4.578,-1.337,5
-4.422,3.099,-1.711,5
-6.169,1.522,-2.109,5
-6.574,0.004,-1.739,5
-6.757,-1.06,-0.923,5
-6.508,-1.803,0.143,5
-5.93,-2.235,0.956,5
-5.333,-2.438,1.502,5
-4.377,-2.552,1.787,5
-3.314,-2.602,1.66,5
-2.013,-2.644,1.214,5
-0.726,-2.539,0.558,5
0.147,-2.229,0.162,5
0.749,-1.765,-0.164,5
1.32,-1.278,-0.479,5
1.805,-0.878,-0.582,4
2.115,-0.575,-0.627,5
2.391,-0.25,-0.72,5
2.552,-0.027,-0.785,5
2.405,0.233,-0.763,5
2.082,0.512,-0.652,5
1.603,0.745,-0.539,5
0.99,0.83,-0.33,5
0.348,0.863,0.0,5
-0.289,0.824,0.18,5
-0.959,0.72,0.235,5
-1.384,0.502,0.289,5
-1.629,0.27,0.338,5
-1.742,0.032,0.477,5
-1.697,-0.263,0.705,5
-1.489,-0.56,0.897,5
-1.206,-0.918,1.01,5
-0.835,-1.261,1.042,5
-0.472,-1.527,1.102,4
-0.187,-1.762,1.061,5
0.054,-1.965,1.062,5
0.286,-2.088,0.982,5
0.486,-2.163,0.97,5
0.67,-2.175,0.899,5
0.827,-2.134,0.865,5
0.964,-2.024,0.826,5
1.005,-1.839,0.743,5
1.013,-1.565,0.694,5
0.976,-1.266,0.569,5
0.865,-0.963,0.469,5
0.761,-0.655,0.331,5
0.677,-0.374,0.16,5
0.57,-0.134,0.011,5
0.535,0.003,0.001,5
0.468,0.094,-0.054,5
0.387,0.14,-0.032,5
0.34,0.092,0.078,4
0.198,0.095,0.096,5
0.143,0.051,0.074,5
0.108,-0.035,0.105,5
0.127,-0.126,0.12,5
0.144,-0.23,0.126,5
0.22,-0.349,0.173,5
0.289,-0.469,0.203,5
0.281,-0.577,0.299,5
0.318,-0.614,0.364,5
0.364,-0.643,0.431,5
0.409,-0.682,0.466,5
0.398,-0.692,0.488,5
0.354,-0.7,0.495,5
0.375,-0.669,0.454,5
0.329,-0.619,0.465,5
0.188,-0.557,0.427,5
0.07,-0.549,0.384,5
0.007,-0.511,0.35,4
-0.101,-0.438,0.242,5
-0.164,-0.468,0.269,5
-0.242,-0.507,0.277,5
-0.308,-0.525,0.202,5
-0.407,-0.52,0.147,5
-0.465,-0.49,0.119,5
-0.544,-0.436,0.129,5
-0.588,-0.401,0.198,5
-0.547,-0.305,0.187,5
-0.548,-0.193,0.25,5
-0.532,-0.1,0.233,5
-0.392,-0.025,0.214,5
-0.263,0.058,0.214,5
-0.159,0.173,0.18,5
-0.048,0.285,0.14,5
0.085,0.377,0.182,5
0.206,0.486,0.198,5
0.198,0.579,0.174,4
0.264,0.616,0.196,5
0.311,0.675,0.236,5
0.336,0.72,0.277,5
0.35,0.755,0.28,5
0.349,0.766,0.217,5
0.344,0.75,0.195,5
0.306,0.644,0.215,5
0.262,0.563,0.167,5
0.206,0.416,0.133,5
0.245,0.31,0.163,5
0.204,0.192,0.276,5
0.2,0.048,0.382,5
0.15,-0.025,0.438,5
0.079,-0.091,0.472,5
0.028,-0.168,0.511,5
-0.069,-0.199,0.486,5
-0.161,-0.162,0.489,5
-0.222,-0.184,0.466,5
-0.144,-0.217,0.423,4
-0.211,-0.075,0.334,5
-0.233,0.026,0.287,5
-0.193,0.088,0.362,5
-0.079,0.187,0.334,5
-0.045,0.255,0.314,5
-0.027,0.246,0.287,5
0.026,0.235,0.236,5
0.058,0.168,0.174,5
0.087,0.125,0.169,5
0.112,0.031,0.178,5
0.11,-0.045,0.156,5
0.086,-0.122,0.166,5
0.06,-0.209,0.175,5
0.093,-0.231,0.171,5
0.079,-0.229,0.158,5
0.054,-0.219,0.207,5
0.07,-0.184,0.177,5
0.054,-0.084,0.224,4
0.04,-0.002,0.288,5
0.006,0.027,0.268,5
-0.011,0.141,0.284,5
-0.001,0.144,0.355,5
0.015,0.155,0.414,5
0.014,0.161,0.394,5
0.004,0.115,0.368,5
0.025,0.056,0.331,5
0.005,0.033,0.323,5
-0.02,-0.073,0.313,5
-0.001,-0.134,0.311,5
-0.01,-0.203,0.349,5
-0.03,-0.299,0.413,5
-0.044,-0.329,0.437,5
-0.031,-0.331,0.44,5
-0.093,-0.341,0.388,5
-0.075,-0.319,0.297,5
-0.059,-0.309,0.22,5
-0.04,-0.278,0.142,4
-0.074,-0.224,0.08,5
-0.127,-0.18,0.038,5
-0.192,-0.162,-0.004,5
-0.194,-0.116,0.017,5
-0.14,-0.117,-0.083,5
-0.144,-0.097,-0.083,5
-0.103,-0.117,-0.023,5
-0.067,-0.166,-0.012,5
-0.004,-0.227,-0.041,5
0.021,-0.273,0.079,5
0.101,-0.358,0.096,5
0.16,-0.408,0.203,5
0.204,-0.423,0.226,5
0.278,-0.467,0.246,5
0.315,-0.468,0.325,5
0.318,-0.421,0.409,5
0.394,-0.366,0.411,5
0.596,-0.394,0.379,4
0.941,-0.531,0.474,5
1.312,-0.719,0.556,5
1.612,-0.94,0.505,5
1.972,-1.273,0.161,5
1.973,-1.434,-0.367,5
1.091,-1.028,-0.99,5
-0.396,-0.141,-2.231,5
-2.102,1.023,-4.206,5
-3.84,2.511,-6.194,5
-5.641,4.1,-7.772,5
-7.218,5.896,-8.465,5
-7.828,7.556,-7.7,5
-7.08,8.658,-5.486,5
-4.269,8.762,-2.317,5
0.316,7.687,0.09,5
3.745,6.802,1.145,5
5.305,5.769,2.367,5
6.042,3.886,1.708,4
6.592,1.618,0.11,5
7.058,-0.766,-1.025,5
6.869,-2.707,-1.185,5
5.997,-3.966,-0.041,5
4.255,-4.612,0.82,5
2.429,-4.84,1.44,5
0.639,-4.744,1.52,5
-0.829,-4.464,1.286,5
-2.164,-3.935,1.016,5
-3.314,-3.287,0.91,5
-3.891,-2.67,0.659,5
-4.524,-1.83,0.317,5
-4.834,-0.94,-0.058,5
-4.794,-0.023,-0.384,5
-4.401,0.819,-0.367,5
-3.767,1.504,-0.292,5
-2.977,2.138,-0.439,5
-1.994,2.553,-0.585,4
-0.958,2.738,-0.785,5
-0.009,2.705,-0.961,5
0.883,2.456,-1.097,5
1.756,2.021,-1.022,5
2.464,1.435,-1.088,5
2.928,0.817,-0.867,5
3.256,0.119,-0.582,5
3.417,-0.512,-0.489,5
3.528,-1.038,-0.294,5
3.485,-1.43,-0.195,5
3.426,-1.671,-0.085,5
3.281,-1.878,0.004,5
3.009,-1.984,0.073,5
2.695,-1.983,0.134,5
2.339,-1.932,0.233,5
1.787,-1.777,0.403,5
1.185,-1.578,0.475,5
0.489,-1.334,0.622,4
-0.231,-0.976,0.693,5
-0.902,-0.676,0.718,5
-1.51,-0.371,0.703,5
-1.884,-0.067,0.723,5
-2.157,0.176,0.676,5
-2.346,0.365,0.725,5
-2.443,0.488,0.734,5
-2.44,0.525,0.747,5
-2.282,0.481,0.827,5
-2.115,0.39,0.822,5
-1.907,0.235,0.813,5
-1.587,0.034,0.736,5
-1.217,-0.136,0.671,5
-0.846,-0.291,0.595,5
-0.55,-0.438,0.497,5
-0.154,-0.532,0.421,5
0.209,-0.638,0.396,5
0.421,-0.695,0.335,4
0.508,-0.69,0.306,5
0.587,-0.703,0.267,5
0.649,-0.706,0.227,5
0.709,-0.76,0.204,5
0.676,-0.762,0.201,5
0.622,-0.755,0.198,5
0.551,-0.735,0.23,5
0.483,-0.739,0.237,5
0.361,-0.704,0.231,5
0.265,-0.659,0.268,5
0.186,-0.636,0.228,5
0.112,-0.65,0.244,5
0.088,-0.628,0.271,5
0.044,-0.578,0.287,5
0.001,-0.594,0.233,5
-0.046,-0.582,0.278,5
-0.093,-0.575,0.332,5
-0.126,-0.578,0.308,5
-0.209,-0.555,0.29,4
-0.291,-0.512,0.317,5
-0.292,-0.444,0.354,5
-0.254,-0.403,0.344,5
-0.332,-0.372,0.267,5
-0.273,-0.352,0.231,5
-0.22,-0.334,0.122,5
-0.168,-0.283,0.093,5
-0.129,-0.25,0.006,5
-0.043,-0.238,-0.024,5
-0.004,-0.18,-0.026,5
0.013,-0.162,-0.075,5
0.007,-0.159,-0.08,5
0.023,-0.121,-0.085,5
0.038,-0.036,-0.047,5
0.06,-0.019,-0.037,5
0.132,-0.03,-0.004,5
0.149,-0.001,0.039,5
0.121,0.063,0.082,4
0.152,0.125,0.018,5
0.253,0.156,0.146,5
0.219,0.179,0.196,5
0.201,0.217,0.232,5
0.224,0.251,0.174,5
0.245,0.274,0.148,5
0.272,0.315,0.155,5
0.297,0.288,0.096,5
0.319,0.25,0.082,5
0.3,0.212,0.1,5
0.226,0.234,0.15,5
0.152,0.241,0.178,5
0.059,0.251,0.221,5
0.002,0.261,0.263,5
-0.028,0.286,0.276,5
-0.029,0.322,0.179,5
-0.009,0.337,0.286,5
-0.004,0.347,0.335,4
0.043,0.407,0.25,5
0.008,0.431,0.238,5
0.012,0.448,0.304,5
-0.019,0.394,0.291,5
-0.012,0.346,0.258,5
-0.011,0.286,0.292,5
-0.049,0.171,0.194,5
-0.035,0.063,0.153,5
-0.057,-0.02,0.168,5
-0.047,-0.078,0.116,5
-0.038,-0.113,0.148,5
-0.065,-0.106,0.198,5
-0.045,-0.052,0.182,5
-0.058,-0.008,0.211,5
-0.091,0.043,0.281,5
-0.133,0.142,0.309,5
-0.129,0.18,0.299,5
-0.12,0.239,0.321,4
-0.155,0.289,0.302,5
-0.166,0.294,0.271,5
-0.166,0.316,0.244,5
-0.132,0.259,0.194,5
-0.166,0.242,0.162,5
-0.176,0.187,0.128,5
-0.162,0.13,0.137,5
-0.137,0.078,0.166,5
-0.141,0.01,0.283,5
-0.118,-0.033,0.311,5
-0.037,-0.103,0.284,5
0.004,-0.171,0.324,5
0.099,-0.222,0.279,5
0.166,-0.286,0.251,5
0.219,-0.348,0.291,5
0.231,-0.339,0.305,5
0.26,-0.348,0.36,5
0.281,-0.4,0.354,4
0.305,-0.368,0.379,5
0.244,-0.336,0.389,5
0.25,-0.354,0.419,5
0.225,-0.379,0.394,5
0.176,-0.397,0.329,5
0.15,-0.379,0.244,5
0.088,-0.375,0.181,5
-0.037,-0.251,0.102,5
-0.072,-0.187,0.053,5
-0.09,-0.13,0.044,5
-0.172,-0.013,0.031,5
-0.189,0.121,0.01,5
-0.183,0.199,-0.02,5
-0.203,0.308,-0.031,5
-0.2,0.372,-0.054,5
-0.15,0.404,-0.044,5
-0.105,0.407,-0.018,5
-0.103,0.37,0.022,4
-0.071,0.329,0.054,5
0.026,0.205,0.135,5
0.105,0.068,0.212,5
0.15,-0.058,0.29,5
0.17,-0.229,0.36,5
0.252,-0.404,0.388,5
0.235,-0.584,0.358,5
0.285,-0.689,0.335,5
0.317,-0.797,0.336,5
0.319,-0.863,0.333,5
0.309,-0.863,0.308,5
0.33,-0.898,0.32,5
0.301,-0.834,0.331,5
0.28,-0.755,0.384,5
0.196,-0.636,0.488,5
0.103,-0.521,0.534,5
-0.049,-0.387,0.524,5
-0.182,-0.374,0.514,4
-0.521,-0.323,0.502,5
-0.861,-0.343,0.266,5
-1.206,-0.278,-0.035,5
-1.512,-0.177,-0.678,5
-1.718,0.163,-1.597,5
-1.775,0.866,-2.562,5
-1.365,1.547,-3.646,5
-0.353,2.025,-4.665,5
1.095,2.318,-5.276,5
2.351,2.819,-5.533,5
3.12,3.481,-5.294,5
3.493,4.098,-4.299,5
3.295,4.542,-2.865,5
2.478,5.096,-1.337,5
1.381,5.784,-0.333,5
-0.131,5.943,-0.157,5
-1.863,5.603,-0.116,5
-3.456,4.693,-0.22,4
-4.533,3.272,-0.41,5
-4.959,1.656,-0.558,5
-4.812,0.189,-0.774,5
-4.029,-1.053,-0.67,5
-2.79,-2.086,-0.366,5
-1.498,-2.76,0.057,5
-0.469,-3.092,0.357,5
0.344,-3.166,0.537,5
1.064,-3.056,0.66,5
1.492,-2.742,0.508,5
1.657,-2.287,0.099,5
1.69,-1.739,-0.25,5
1.594,-1.152,-0.484,5
1.538,-0.679,-0.47,5
1.487,-0.318,-0.388,5
1.433,-0.083,-0.332,5
1.208,0.071,-0.2,5
0.803,0.214,-0.063,5
0.218,0.365,0.089,4
-0.596,0.441,0.157,5
-1.402,0.461,0.249,5
-1.938,0.424,0.328,5
-2.27,0.364,0.411,5
-2.535,0.293,0.478,5
-2.682,0.238,0.602,5
-2.642,0.141,0.633,5
-2.417,-0.019,0.681,5
-1.955,-0.189,0.665,5
-1.428,-0.33,0.654,5
-0.867,-0.517,0.567,5
-0.289,-0.68,0.489,5
0.261,-0.793,0.418,5
0.808,-0.908,0.385,5
1.313,-1.024,0.273,5
1.798,-1.072,0.207,5
2.04,-1.099,0.113,5
2.172,-1.127,0.076,4
2.188,-1.135,0.021,5
2.21,-1.142,0.01,5
2.041,-1.109,0.074,5
1.729,-1.093,0.174,5
1.427,-1.061,0.251,5
1.094,-0.985,0.321,5
0.782,-0.904,0.362,5
0.42,-0.857,0.378,5
0.106,-0.805,0.422,5
-0.227,-0.764,0.397,5
-0.51,-0.709,0.391,5
-0.726,-0.711,0.421,5
-0.856,-0.679,0.431,5
-0.917,-0.645,0.508,5
-0.851,-0.615,0.518,5
-0.805,-0.623,0.479,5
-0.741,-0.612,0.392,5
-0.624,-0.577,0.357,4
-0.523,-0.579,0.296,5
-0.466,-0.577,0.175,5
-0.329,-0.541,0.145,5
-0.197,-0.513,0.126,5
-0.095,-0.466,0.1,5
-0.112,-0.38,0.043,5
-0.014,-0.329,0.069,5
0.051,-0.301,0.096,5
0.115,-0.301,0.164,5
0.215,-0.331,0.26,5
0.34,-0.367,0.354,5
0.422,-0.399,0.384,5
0.501,-0.428,0.44,5
0.515,-0.476,0.465,5
0.528,-0.501,0.47,5
0.579,-0.555,0.479,5
0.555,-0.551,0.466,5
0.478,-0.577,0.453,4
0.379,-0.589,0.455,5
0.302,-0.538,0.384,5
0.246,-0.48,0.311,5
0.114,-0.372,0.327,5
-0.018,-0.287,0.312,5
-0.106,-0.228,0.311,5
-0.121,-0.123,0.31,5
-0.178,-0.008,0.382,5
-0.199,0.057,0.365,5
-0.145,0.155,0.325,5
-0.074,0.281,0.322,5
-0.075,0.361,0.311,5
-0.029,0.441,0.216,5
-0.009,0.526,0.194,5
0.03,0.568,0.175,5
0.061,0.598,0.123,5
0.055,0.607,0.089,5
0.114,0.624,0.041,4
0.15,0.578,0.063,5
0.127,0.538,0.1,5
0.101,0.449,0.115,5
0.13,0.409,0.138,5
0.155,0.368,0.167,5
0.123,0.327,0.207,5
0.084,0.29,0.195,5
0.059,0.308,0.192,5
0.048,0.303,0.212,5
0.069,0.281,0.225,5
0.075,0.296,0.22,5
0.038,0.305,0.237,5
0.055,0.309,0.303,5
0.05,0.257,0.346,5
0.071,0.209,0.411,5
0.055,0.184,0.434,5
0.062,0.092,0.503,5
0.129,-0.024,0.461,4
0.121,-0.073,0.445,5
0.139,-0.13,0.487,5
0.181,-0.203,0.46,5
0.184,-0.282,0.457,5
0.157,-0.275,0.467,5
0.15,-0.278,0.45,5
0.122,-0.276,0.491,5
0.058,-0.287,0.429,5
0.022,-0.297,0.382,5
-0.087,-0.276,0.318,5
-0.057,-0.322,0.217,5
-0.09,-0.302,0.277,5
-0.141,-0.259,0.176,5
-0.187,-0.242,0.249,5
-0.19,-0.209,0.289,5
-0.175,-0.162,0.294,5
-0.175,-0.12,0.273,5
-0.119,-0.121,0.311,5
-0.077,-0.083,0.323,4
-0.026,-0.036,0.368,5
0.023,0.014,0.322,5
0.021,0.047,0.299,5
0.04,0.133,0.17,5
0.015,0.206,0.097,5
0.052,0.263,0.035,5
0.06,0.31,0.045,5
-0.01,0.382,-0.015,5
-0.026,0.434,-0.056,5
0.001,0.421,-0.111,5
-0.011,0.456,-0.203,5
0.02,0.419,-0.17,5
0.035,0.416,-0.192,5
0.113,0.357,-0.142,5
0.145,0.334,-0.029,5
0.152,0.271,0.051,5
0.184,0.231,0.17,4
0.222,0.195,0.326,5
0.217,0.132,0.444,5
0.182,0.076,0.507,5
0.134,-0.026,0.525,5
0.094,-0.079,0.581,5
0.081,-0.162,0.548,5
0.029,-0.232,0.558,5
-0.037,-0.333,0.545,5
-0.072,-0.429,0.555,5
-0.1,-0.49,0.435,5
-0.163,-0.557,0.435,5
-0.194,-0.635,0.383,5
-0.243,-0.675,0.28,5
-0.309,-0.698,0.178,5
-0.356,-0.701,0.079,5
-0.372,-0.704,0.023,5
-0.395,-0.664,-0.086,5
-0.399,-0.602,-0.146,5
-0.376,-0.546,-0.162,4
-0.295,-0.504,-0.124,5
-0.274,-0.432,-0.077,5
-0.169,-0.346,-0.039,5
-0.066,-0.255,-0.009,5
0.06,-0.156,0.047,5
0.222,-0.115,0.18,5
0.372,-0.03,0.317,5
0.619,-0.087,0.38,5
0.95,-0.277,0.514,5
1.294,-0.551,0.553,5
1.669,-0.922,0.442,5
1.864,-1.373,-0.054,5
1.643,-1.705,-0.768,5
0.789,-1.548,-1.885,5
-0.823,-0.777,-3.325,5
-2.684,0.36,-5.217,5
-4.506,1.725,-6.475,5
-6.033,3.013,-6.534,4
-7.081,4.177,-6.156,5
-7.67,5.423,-5.248,5
-7.609,6.854,-4.124,5
-6.034,7.699,-2.88,5
-2.836,7.761,-1.148,5
0.67,7.196,0.53,5
3.409,6.334,1.081,5
5.317,5.343,1.141,5
6.38,3.783,0.578,5
7.009,1.866,-0.129,5
7.166,0.145,-0.746,5
7.057,-1.273,-0.964,5
6.743,-2.409,-0.868,5
6.09,-3.189,-0.6,5
5.016,-3.517,-0.079,5
3.76,-3.514,0.458,5
2.307,-3.249,0.65,5
0.973,-2.911,0.645,4
-0.24,-2.547,0.481,5
-1.358,-2.068,0.381,5
-2.174,-1.611,0.291,5
-2.698,-1.187,0.055,5
-3.105,-0.676,-0.074,5
-3.281,-0.134,-0.136,5
-3.281,0.275,-0.182,5
-3.125,0.682,-0.212,5
-2.817,1.032,-0.259,5
-2.445,1.209,-0.298,5
-1.92,1.265,-0.341,5
-1.357,1.293,-0.329,5
-0.855,1.147,-0.382,5
-0.321,0.942,-0.482,5
0.167,0.688,-0.554,5
0.615,0.421,-0.486,5
0.903,0.129,-0.407,5
1.088,-0.228,-0.37,4
1.247,-0.502,-0.299,5
1.316,-0.732,-0.222,5
1.352,-0.896,-0.161,5
1.269,-1.013,-0.08,5
1.137,-1.037,0.065,5
0.89,-1.032,0.175,5
0.672,-0.955,0.248,5
0.436,-0.877,0.296,5
0.263,-0.754,0.284,5
0.121,-0.67,0.277,5
-0.071,-0.556,0.258,5
-0.163,-0.349,0.271,5
-0.25,-0.202,0.27,5
-0.303,-0.156,0.221,5
-0.32,-0.076,0.229,5
-0.262,-0.038,0.202,5
-0.193,-0.034,0.22,5
-0.139,-0.057,0.211,5
-0.03,-0.163,0.237,4
0.045,-0.276,0.257,5
0.14,-0.39,0.326,5
0.225,-0.489,0.427,5
0.245,-0.595,0.388,5
0.298,-0.721,0.479,5
0.337,-0.813,0.526,5
0.282,-0.839,0.486,5
0.133,-0.872,0.476,5
0.098,-0.892,0.489,5
0.024,-0.945,0.479,5
-0.021,-0.932,0.452,5
-0.092,-0.921,0.411,5
-0.139,-0.863,0.392,5
-0.155,-0.773,0.301,5
-0.161,-0.695,0.335,5
-0.188,-0.652,0.345,5
-0.156,-0.582,0.336,5
-0.08,-0.567,0.315,4
-0.046,-0.54,0.31,5
-0.003,-0.542,0.279,5
0.07,-0.518,0.302,5
0.037,-0.466,0.345,5
0.033,-0.484,0.384,5
0.073,-0.436,0.38,5
0.048,-0.44,0.377,5
0.035,-0.434,0.391,5
0.074,-0.395,0.369,5
0.063,-0.364,0.332,5
0.086,-0.319,0.367,5
0.121,-0.287,0.331,5
0.109,-0.289,0.246,5
0.081,-0.26,0.221,5
0.047,-0.247,0.212,5
0.102,-0.243,0.186,5
0.057,-0.232,0.215,5
0.073,-0.209,0.202,4
0.057,-0.179,0.186,5
-0.038,-0.148,0.211,5
-0.09,-0.151,0.22,5
-0.159,-0.127,0.202,5
-0.134,-0.088,0.169,5
-0.147,-0.092,0.173,5
-0.179,-0.083,0.156,5
-0.187,-0.131,0.171,5
-0.186,-0.169,0.261,5
-0.214,-0.131,0.213,5
-0.214,-0.139,0.227,5
-0.232,-0.168,0.29,5
-0.243,-0.169,0.334,5
-0.27,-0.208,0.409,5
-0.304,-0.269,0.389,5
-0.269,-0.268,0.398,5
-0.242,-0.271,0.422,5
-0.213,-0.244,0.462,4
-0.188,-0.211,0.485,5
-0.126,-0.22,0.471,5
-0.096,-0.181,0.436,5
0.0,-0.154,0.384,5
0.072,-0.108,0.32,5
0.104,-0.041,0.266,5
0.192,0.048,0.205,5
0.285,0.108,0.215,5
0.287,0.166,0.15,5
0.418,0.223,0.152,5
0.445,0.278,0.133,5
0.465,0.345,0.15,5
0.453,0.384,0.191,5
0.403,0.418,0.219,5
0.328,0.45,0.266,5
0.231,0.469,0.265,5
0.169,0.444,0.251,5
0.074,0.399,0.222,4
-0.031,0.394,0.204,5
-0.088,0.406,0.166,5
-0.097,0.387,0.219,5
-0.07,0.344,0.21,5
-0.071,0.297,0.193,5
-0.051,0.237,0.212,5
-0.05,0.191,0.238,5
0.005,0.142,0.284,5
0.005,0.145,0.234,5
0.004,0.118,0.184,5
-0.034,0.11,0.196,5
-0.074,0.056,0.181,5
-0.131,0.063,0.137,5
-0.161,0.07,0.149,5
-0.14,0.076,0.242,5
-0.161,0.09,0.308,5
-0.132,0.111,0.368,5
-0.106,0.138,0.404,4
-0.091,0.137,0.364,5
-0.056,0.106,0.271,5
-0.041,0.126,0.205,5
0.013,0.113,0.133,5
0.051,0.106,0.132,5
0.097,0.091,0.124,5
0.122,0.095,0.154,5
0.149,0.077,0.087,5
0.19,0.099,0.117,5
0.21,0.124,0.084,5
0.167,0.133,0.049,5
0.15,0.176,0.032,5
0.109,0.197,0.123,5
0.124,0.203,0.167,5
0.094,0.208,0.193,5
0.094,0.196,0.29,5
0.127,0.138,0.395,5
0.119,0.064,0.523,4
0.103,0.005,0.557,5
0.062,-0.093,0.596,5
0.021,-0.218,0.558,5
-0.023,-0.334,0.571,5
-0.064,-0.438,0.548,5
-0.083,-0.554,0.524,5
-0.092,-0.645,0.48,5
-0.078,-0.701,0.458,5
-0.058,-0.769,0.438,5
-0.035,-0.791,0.446,5
-0.053,-0.751,0.457,5
-0.034,-0.744,0.433,5
-0.052,-0.791,0.484,5
-0.013,-0.75,0.419,5
-0.003,-0.692,0.342,5
0.018,-0.679,0.256,5
0.046,-0.65,0.226,5
0.055,-0.628,0.096,4
0.036,-0.574,-0.046,5
0.02,-0.559,-0.132,5
-0.02,-0.503,-0.209,5
0.015,-0.466,-0.244,5
0.031,-0.402,-0.25,5
0.011,-0.332,-0.208,5
-0.007,-0.251,-0.209,5
-0.075,-0.153,-0.149,5
-0.149,-0.051,-0.061,5
-0.199,0.009,-0.102,5
-0.188,0.038,-0.092,5
-0.264,0.103,-0.039,5
-0.358,0.115,0.033,5
-0.503,0.073,0.279,5
-0.849,0.087,0.437,5
-1.178,0.061,0.397,5
-1.461,0.033,0.047,5
-1.647,0.146,-0.931,5
-1.659,0.541,-2.372,4
-1.152,1.008,-3.811,5
-0.016,1.481,-4.964,5
1.64,2.026,-5.364,5
3.307,2.582,-5.254,5
4.532,3.203,-4.638,5
5.135,3.783,-3.898,5
4.962,4.357,-3.246,5
4.504,5.09,-2.572,5
3.851,5.77,-1.793,5
2.699,6.025,-1.368,5
0.757,5.888,-1.02,5
-1.473,5.407,-0.948,5
-3.277,4.499,-0.875,5
-4.372,3.239,-0.731,5
-4.878,1.89,-0.68,5
-5.145,0.658,-0.853,5
-5.1,-0.394,-0.875,5
-4.771,-1.316,-0.559,4
-4.177,-2.055,-0.129,5
-3.492,-2.564,0.306,5
-2.837,-2.851,0.594,5
-2.282,-2.837,0.595,5
-1.717,-2.601,0.535,5
-1.136,-2.155,0.452,5
-0.518,-1.69,0.273,5
0.136,-1.223,0.108,5
0.743,-0.804,-0.07,5
1.332,-0.396,-0.223,5
1.776,-0.067,-0.321,5
2.09,0.15,-0.366,5
2.226,0.298,-0.369,5
2.257,0.415,-0.409,5
2.096,0.485,-0.424,5
1.813,0.506,-0.425,5
1.49,0.494,-0.391,5
1.134,0.44,-0.248,4
0.766,0.331,-0.107,5
0.452,0.203,0.015,5
0.127,-0.01,0.194,5
-0.169,-0.19,0.386,5
-0.359,-0.434,0.597,5
-0.422,-0.64,0.779,5
-0.402,-0.813,0.843,5
-0.266,-0.93,0.849,5
-0.141,-0.966,0.855,5
0.006,-1.007,0.769,5
0.061,-0.993,0.675,5
0.163,-0.98,0.577,5
0.259,-0.938,0.451,5
0.306,-0.853,0.328,5
0.336,-0.772,0.36,5
0.337,-0.763,0.35,5
0.307,-0.769,0.353,5
0.311,-0.808,0.37,4
0.262,-0.788,0.44,5
0.219,-0.847,0.452,5
0.128,-0.883,0.485,5
0.046,-0.954,0.561,5
-0.052,-1.052,0.591,5
-0.129,-1.102,0.653,5
-0.172,-1.169,0.648,5
-0.288,-1.246,0.66,5
-0.29,-1.289,0.676,5
-0.317,-1.294,0.656,5
-0.311,-1.285,0.582,5
-0.288,-1.268,0.519,5
-0.255,-1.223,0.493,5
-0.277,-1.2,0.457,5
-0.215,-1.14,0.445,5
-0.202,-1.078,0.388,5
-0.216,-1.022,0.409,5
-0.199,-0.946,0.355,5
-0.2,-0.834,0.337,4
-0.193,-0.763,0.286,5
-0.144,-0.614,0.223,5
-0.121,-0.492,0.183,5
-0.07,-0.395,0.143,5
-0.041,-0.282,0.112,5
-0.02,-0.168,0.118,5
0.046,-0.099,0.136,5
0.054,-0.029,0.144,5
0.083,0.016,0.125,5
0.083,0.113,0.074,5
0.071,0.175,0.105,5
0.15,0.179,0.039,5
0.165,0.187,-0.029,5
0.2,0.164,-0.065,5
0.275,0.152,-0.106,5
0.299,0.107,-0.104,5
0.338,0.044,-0.11,5
0.39,0.001,-0.112,4
0.394,-0.033,-0.054,5
0.389,-0.085,0.028,5
0.342,-0.107,0.043,5
0.312,-0.148,0.051,5
0.281,-0.172,0.089,5
0.296,-0.189,0.115,5
0.27,-0.2,0.155,5
0.235,-0.202,0.213,5
0.194,-0.225,0.252,5
0.187,-0.254,0.239,5
0.1,-0.25,0.289,5
0.012,-0.259,0.268,5
-0.053,-0.272,0.297,5
-0.147,-0.228,0.315,5
-0.261,-0.166,0.357,5
-0.347,-0.055,0.338,5
-0.39,0.04,0.356,5
-0.428,0.179,0.389,4
-0.48,0.32,0.368,5
-0.536,0.452,0.322,5
-0.538,0.562,0.342,5
-0.51,0.656,0.381,5
-0.407,0.707,0.3,5
-0.367,0.709,0.287,5
-0.321,0.682,0.344,5
-0.237,0.639,0.357,5
-0.196,0.571,0.3,5
-0.146,0.505,0.313,5
-0.123,0.416,0.351,5
-0.038,0.318,0.363,5
0.021,0.213,0.387,5
0.075,0.162,0.464,5
0.111,0.085,0.517,5
0.164,-0.009,0.401,5
0.217,-0.077,0.373,5
0.264,-0.142,0.401,4
0.324,-0.158,0.356,5
0.365,-0.155,0.346,5
0.345,-0.166,0.342,5
0.345,-0.136,0.334,5
0.311,-0.079,0.322,5
0.249,0.014,0.315,5
0.155,0.129,0.314,5
0.088,0.249,0.287,5
-0.028,0.324,0.262,5
-0.154,0.412,0.232,5
-0.281,0.504,0.247,5
-0.132,0.424,0.218,5
-0.17,0.398,0.214,5
-0.209,0.363,0.244,5
-0.201,0.279,0.349,5
-0.181,0.13,0.443,5
-0.072,0.04,0.506,5
-0.035,-0.045,0.615,5
-0.014,-0.148,0.653,5
0.047,-0.241,0.661,4
0.012,-0.333,0.633,5
0.041,-0.421,0.592,5
0.049,-0.447,0.545,5
0.079,-0.485,0.534,5
0.062,-0.488,0.472,5
0.043,-0.443,0.446,5
0.086,-0.42,0.358,5
0.086,-0.314,0.31,5
0.034,-0.17,0.218,5
0.035,-0.041,0.162,5
0.006,0.139,0.034,5
-0.02,0.211,-0.025,5
-0.087,0.302,-0.096,5
-0.048,0.392,-0.172,5
-0.073,0.426,-0.194,5
-0.031,0.453,-0.144,5
0.005,0.459,-0.074,4
0.087,0.435,0.053,5
0.074,0.404,0.113,5
0.131,0.359,0.183,5
0.157,0.259,0.294,5
0.171,0.177,0.286,5
0.158,0.103,0.339,5
0.181,-0.006,0.396,5
0.159,-0.057,0.447,5
0.151,-0.128,0.514,5
0.136,-0.159,0.536,5
0.084,-0.207,0.581,5
0.075,-0.23,0.627,5
0.068,-0.233,0.616,5
0.022,-0.239,0.476,5
0.028,-0.28,0.424,5
0.021,-0.351,0.352,5
-0.019,-0.402,0.291,5
-0.077,-0.401,0.236,4
-0.125,-0.425,0.191,5
-0.152,-0.477,0.184,5
-0.214,-0.477,0.192,5
-0.287,-0.49,0.168,5
-0.336,-0.497,0.19,5
-0.363,-0.507,0.162,5
-0.447,-0.543,0.185,5
-0.389,-0.566,0.184,5
-0.372,-0.552,0.131,5
-0.365,-0.549,0.156,5
-0.315,-0.576,0.192,5
-0.254,-0.665,0.221,5
-0.224,-0.702,0.173,5
-0.214,-0.709,0.142,5
-0.184,-0.741,0.098,5
-0.179,-0.784,0.019,5
-0.187,-0.822,-0.098,5
-0.164,-0.821,-0.218,4
-0.078,-0.864,-0.316,5
-0.083,-0.894,-0.423,5
-0.092,-0.891,-0.363,5
-0.057,-0.862,-0.292,5
-0.008,-0.892,-0.181,5
0.151,-0.954,0.086,5
0.386,-0.992,0.198,5
0.606,-0.992,0.269,5
0.86,-1.03,0.41,5
1.252,-1.173,0.524,5
1.808,-1.4,0.467,5
2.243,-1.661,0.153,5
2.402,-1.909,-0.628,5
1.899,-1.782,-1.69,5
0.761,-1.281,-3.081,5
-0.771,-0.735,-5.199,5
-2.439,-0.071,-7.256,5
-4.264,1.112,-8.22,4
-5.858,2.966,-7.993,5
-6.285,5.195,-6.422,5
-5.381,7.33,-4.077,5
-3.227,9.062,-1.627,5
-0.491,10.233,0.483,5
2.6,10.955,1.382,5
5.283,10.95,1.662,5
6.897,9.824,0.953,5
7.733,7.545,-0.447,5
8.093,4.687,-2.118,5
7.779,2.025,-3.151,5
6.747,-0.211,-3.103,5
5.051,-1.832,-2.03,5
2.878,-2.859,-0.392,5
0.858,-3.539,1.344,5
-0.809,-3.913,2.347,5
-1.917,-4.108,2.651,5
-2.514,-4.227,2.705,5
-2.797,-4.08,2.447,4
-3.086,-3.81,2.009,5
-3.355,-3.472,1.554,5
-3.468,-3.06,1.127,5
-3.616,-2.586,0.773,5
-3.643,-2.121,0.497,5
-3.382,-1.628,0.12,5
-3.091,-1.043,-0.21,5
-2.609,-0.641,-0.418,5
-1.969,-0.224,-0.544,5
-1.251,0.19,-0.627,5
-0.458,0.533,-0.689,5
0.384,0.798,-0.758,5
1.096,1.024,-0.894,5
1.74,1.168,-1.02,5
2.213,1.292,-1.073,5
2.44,1.327,-1.069,5
2.437,1.25,-1.048,4
2.245,1.116,-0.887,5
1.96,0.884,-0.695,5
1.626,0.563,-0.38,5
1.226,0.17,-0.118,5
0.806,-0.221,0.156,5
0.26,-0.526,0.382,5
-0.334,-0.728,0.555,5
-0.796,-0.896,0.624,5
-1.216,-0.988,0.579,5
-1.521,-1.009,0.499,5
-1.688,-1.055,0.505,5
-1.713,-0.997,0.481,5
-1.692,-0.888,0.445,5
-1.592,-0.744,0.44,5
-1.312,-0.566,0.417,5
-0.97,-0.423,0.38,5
-0.606,-0.307,0.29,5
-0.217,-0.22,0.231,5
0.058,-0.108,0.143,4
0.263,-0.037,0.03,5
0.344,0.048,-0.063,5
0.504,0.082,-0.173,5
0.609,0.13,-0.306,5
0.604,0.186,-0.345,5
0.582,0.279,-0.366,5
0.541,0.329,-0.36,5
0.362,0.391,-0.332,5
0.183,0.455,-0.342,5
-0.024,0.517,-0.273,5
-0.176,0.521,-0.259,5
-0.327,0.534,-0.177,5
-0.384,0.506,-0.095,5
-0.38,0.447,0.073,5
-0.36,0.333,0.213,5
-0.311,0.248,0.264,5
-0.185,0.12,0.363,5
-0.041,-0.033,0.46,4
0.126,-0.112,0.535,5
0.255,-0.213,0.559,5
0.346,-0.312,0.615,5
0.467,-0.38,0.601,5
0.545,-0.415,0.519,5
0.581,-0.494,0.54,5
0.617,-0.561,0.486,5
0.538,-0.57,0.395,5
0.42,-0.599,0.351,5
0.309,-0.603,0.242,5
0.153,-0.56,0.145,5
0.008,-0.517,0.122,5
-0.104,-0.414,0.036,5
-0.214,-0.338,0.089,5
-0.287,-0.188,0.11,5
-0.284,-0.061,0.129,5
-0.239,0.069,0.15,5
-0.133,0.122,0.239,5
-0.016,0.188,0.262,4
0.131,0.186,0.327,5
0.17,0.142,0.406,5
0.17,0.08,0.438,5
0.118,-0.039,0.481,5
0.059,-0.143,0.549,5
-0.015,-0.245,0.572,5
-0.112,-0.354,0.605,5
-0.205,-0.435,0.622,5
-0.253,-0.495,0.555,5
-0.357,-0.51,0.573,5
-0.412,-0.523,0.507,5
-0.539,-0.51,0.465,5
-0.605,-0.506,0.423,5
-0.618,-0.447,0.355,5
-0.612,-0.398,0.285,5
-0.577,-0.315,0.222,5
-0.519,-0.227,0.182,5
-0.411,-0.127,0.091,4
-0.262,-0.037,0.004,5
-0.124,0.108,-0.017,5
0.008,0.196,-0.054,5
0.111,0.293,-0.118,5
0.169,0.341,-0.166,5
0.212,0.406,-0.137,5
0.217,0.439,-0.11,5
0.199,0.404,-0.086,5
0.166,0.372,-0.056,5
0.158,0.283,0.014,5
0.104,0.177,0.042,5
0.054,0.073,0.129,5
0.019,-0.032,0.189,5
0.03,-0.12,0.248,5
0.018,-0.211,0.356,5
-0.026,-0.272,0.415,5
-0.01,-0.326,0.391,5
0.003,-0.341,0.447,4
0.007,-0.376,0.432,5
0.036,-0.373,0.41,5
0.063,-0.357,0.313,5
0.074,-0.369,0.252,5
0.144,-0.315,0.175,5
0.185,-0.274,0.153,5
0.184,-0.182,0.138,5
0.226,-0.082,0.081,5
0.229,0.016,0.051,5
0.305,0.083,-0.026,5
0.313,0.152,-0.084,5
0.256,0.21,-0.14,5
0.213,0.219,-0.13,5
0.201,0.266,-0.234,5
0.146,0.248,-0.288,5
0.067,0.219,-0.302,5
0.025,0.219,-0.276,5
-0.071,0.21,-0.214,4
-0.206,0.193,-0.193,5
-0.302,0.178,-0.057,5
-0.384,0.186,0.069,5
-0.431,0.202,0.165,5
-0.509,0.138,0.217,5
-0.466,0.103,0.26,5
-0.411,0.119,0.277,5
-0.34,0.042,0.254,5
-0.319,0.025,0.263,5
-0.188,0.001,0.206,5
-0.057,-0.042,0.156,5
0.047,-0.046,0.058,5
0.111,-0.067,0.0,5
0.199,-0.073,-0.059,5
0.283,-0.083,-0.126,5
0.323,-0.109,-0.148,5
0.394,-0.081,-0.189,5
0.441,-0.06,-0.196,5
0.453,-0.058,-0.241,4
0.408,-0.065,-0.243,5
0.367,-0.037,-0.188,5
0.304,-0.038,-0.169,5
0.188,-0.034,-0.079,5
0.074,0.016,0.027,5
-0.058,0.027,0.089,5
-0.121,0.007,0.175,5
-0.229,0.062,0.265,5
-0.297,0.065,0.299,5
-0.306,0.063,0.26,5
-0.318,0.052,0.26,5
-0.273,0.042,0.23,5
-0.181,0.012,0.168,5
-0.12,0.024,0.19,5
-0.048,-0.085,0.149,5
0.038,-0.111,0.104,5
0.06,-0.113,0.068,5
0.123,-0.127,0.001,4
0.162,-0.141,-0.08,5
0.176,-0.157,-0.111,5
0.215,-0.167,-0.134,5
0.232,-0.154,-0.099,5
0.2,-0.13,-0.089,5
0.154,-0.083,-0.136,5
0.139,-0.079,-0.157,5
0.017,0.002,-0.081,5
-0.048,0.053,0.012,5
-0.069,0.061,0.045,5
-0.157,0.102,0.015,5
-0.167,0.143,0.035,5
-0.176,0.129,0.023,5
-0.18,0.146,0.029,5
-0.171,0.14,0.048,5
-0.141,0.092,0.043,5
-0.122,0.061,0.043,5
-0.119,0.042,0.043,5
-0.089,0.0,0.051,4
-0.063,-0.043,0.046,5
-0.091,-0.069,0.076,5
-0.078,-0.101,0.077,5
-0.044,-0.134,0.052,5
-0.005,-0.138,0.047,5
0.046,-0.111,-0.022,5
0.072,-0.108,-0.032,5
0.125,-0.115,-0.076,5
0.125,-0.103,-0.073,5
0.151,-0.045,-0.083,5
0.162,-0.015,-0.057,5
0.154,0.003,-0.06,5
0.13,0.007,-0.093,5
0.078,0.028,-0.131,5
0.105,0.046,-0.144,5
0.043,0.055,-0.125,5
0.008,0.049,-0.087,5
-0.039,0.048,-0.061,4
-0.082,0.065,-0.042,5
-0.1,0.037,-0.016,5
-0.086,0.068,-0.018,5
-0.107,0.087,0.021,5
-0.075,0.091,0.049,5
-0.024,0.073,0.044,5
0.038,0.036,-0.028,5
0.06,0.032,-0.004,5
0.101,-0.005,0.03,5
0.151,-0.03,0.049,5
0.162,-0.036,-0.007,5
0.197,-0.092,-0.015,5
0.216,-0.109,-0.026,5
0.238,-0.102,-0.058,5
0.235,-0.109,-0.113,5
0.19,-0.103,-0.196,5
0.107,-0.062,-0.189,5
0.07,0.003,-0.14,4
-0.005,0.072,-0.096,5
-0.138,0.155,-0.073,5
-0.245,0.191,-0.044,5
-0.35,0.228,0.058,5
-0.431,0.253,0.104,5
-0.461,0.202,0.132,5
-0.462,0.164,0.171,5
-0.463,0.143,0.184,5
-0.421,0.047,0.204,5
-0.401,-0.021,0.227,5
-0.348,-0.062,0.17,5
-0.253,-0.116,0.178,5
-0.188,-0.169,0.182,5
-0.131,-0.165,0.185,5
-0.1,-0.17,0.137,5
0.016,-0.179,0.08,5
0.066,-0.183,0.063,5
0.099,-0.156,-0.041,4
0.149,-0.123,-0.063,5
0.181,-0.05,-0.13,5
0.219,-0.019,-0.207,5
0.258,0.033,-0.204,5
0.292,-0.016,-0.27,5
0.319,-0.006,-0.234,5
0.261,0.045,-0.12,5
0.252,0.084,-0.073,5
0.201,0.144,-0.062,5
0.056,0.182,0.025,5
0.08,0.12,-0.062,5
0.094,0.113,-0.048,5
0.003,0.114,0.012,5
-0.07,0.103,0.102,5
-0.11,0.071,0.121,5
-0.134,0.025,0.226,5
-0.112,0.018,0.263,5
-0.019,0.029,-0.408,5
0.125,0.22,-0.674,4
0.129,0.254,-0.369,5
0.185,0.19,-0.134,5
0.287,0.072,0.025,5
0.293,-0.094,0.238,5
0.177,-0.188,0.46,5
-0.003,-0.165,0.461,5
-0.201,-0.157,0.182,5
-0.245,-0.111,0.078,5
-0.117,-0.065,0.199,5
-0.05,0.001,0.304,5
-0.062,0.087,0.231,5
0.137,0.048,0.501,5
0.231,-0.025,0.7,5
0.087,-0.061,0.29,5
-0.058,-0.064,0.002,5
-0.121,-0.096,0.015,5
-0.126,-0.155,0.044,5
-0.204,-0.161,-0.05,4
-0.205,-0.137,-0.011,5
-0.163,-0.08,0.032,5
-0.112,-0.085,0.012,5
-0.105,-0.063,0.097,5
-0.095,-0.061,0.143,5
-0.008,-0.102,0.172,5
0.109,-0.127,0.413,5
0.111,-0.092,0.691,5
0.052,-0.087,0.027,5
-0.099,-0.048,-0.333,5
-0.235,0.106,-0.454,5
-0.276,0.225,-0.663,5
-0.206,0.345,-0.64,5
-0.099,0.349,-0.468,5
0.091,0.267,-0.357,5
0.216,0.223,-0.265,5
0.241,0.2,-0.131,5
0.252,0.176,-0.238,4
0.274,0.171,-0.24,5
0.268,0.158,-0.259,5
0.263,0.134,-0.207,5
0.284,0.103,-0.131,5
0.242,0.101,-0.079,5
0.192,0.096,-0.066,5
0.16,0.069,-0.004,5
0.092,-0.023,0.043,5
0.04,-0.09,0.065,5
-0.049,-0.124,0.153,5
-0.092,-0.185,0.211,5
-0.139,-0.265,0.241,5
-0.211,-0.256,0.256,5
-0.267,-0.261,0.243,5
-0.284,-0.239,0.215,5
-0.281,-0.249,0.262,5
-0.274,-0.229,0.206,5
-0.195,-0.158,0.194,5
-0.133,-0.104,0.114,4
-0.098,-0.054,0.025,5
-0.071,0.023,-0.011,5
-0.016,0.081,-0.07,5
-0.032,0.138,-0.132,5
-0.007,0.184,-0.166,5
0.027,0.205,-0.18,5
0.037,0.24,-0.166,5
0.038,0.229,-0.145,5
0.0,0.163,-0.126,5
-0.025,0.108,-0.079,5
-0.023,0.11,-0.058,5
-0.038,0.034,-0.009,5
-0.017,-0.033,-0.043,5
-0.062,-0.099,0.008,5
-0.121,-0.11,0.029,5
-0.109,-0.138,0.082,5
-0.085,-0.128,0.104,5
-0.072,-0.163,0.119,4
-0.056,-0.142,0.112,5
-0.072,-0.119,0.113,5
-0.052,-0.12,0.136,5
-0.055,-0.108,0.118,5
0.027,-0.067,0.102,5
0.05,-0.047,0.057,5
0.118,-0.025,0.017,5
0.167,-0.027,-0.027,5
0.137,0.0,-0.08,5
0.171,0.026,-0.124,5
0.167,0.036,-0.146,5
0.193,0.063,-0.144,5
0.131,0.074,-0.104,5
0.096,0.066,-0.119,5
0.091,0.077,-0.155,5
0.004,0.104,-0.122,5
-0.009,0.098,-0.067,5
-0.038,0.122,-0.038,4
-0.09,0.084,0.003,5
-0.098,0.071,-0.013,5
-0.101,0.073,0.026,5
-0.061,0.031,0.036,5
-0.05,-0.01,0.02,5
-0.011,-0.009,0.061,5
0.058,-0.038,0.029,5
0.113,-0.056,0.013,5
0.144,-0.098,0.012,5
0.164,-0.135,0.036,5
0.152,-0.1,-0.053,5
0.167,-0.073,-0.03,5
0.168,-0.044,0.011,5
0.155,0.003,-0.05,5
0.157,0.02,-0.01,5
0.141,-0.007,-0.074,5
0.148,0.04,-0.084,5
0.09,0.049,-0.049,4
0.047,0.035,-0.014,5
0.025,0.04,-0.026,5
-0.041,0.036,-0.01,5
-0.063,0.045,0.089,5
-0.087,-0.014,0.128,5
-0.151,-0.051,0.119,5
-0.162,-0.081,0.167,5
-0.189,-0.15,0.202,5
-0.209,-0.165,0.195,5
-0.227,-0.183,0.154,5
-0.221,-0.225,0.177,5
-0.199,-0.224,0.112,5
-0.205,-0.202,0.032,5
-0.24,-0.19,0.02,5
-0.233,-0.171,0.005,5
-0.189,-0.124,0.056,5
-0.144,-0.072,0.051,5
-0.116,-0.022,0.054,4
-0.139,0.027,0.027,5
-0.069,0.071,-0.009,5
0.001,0.142,-0.064,5
0.006,0.179,-0.084,5
0.061,0.23,-0.127,5
0.102,0.237,-0.123,5
0.139,0.222,-0.106,5
0.164,0.213,-0.052,5
0.204,0.191,0.008,5
0.222,0.172,0.02,5
0.221,0.103,-0.011,5
0.238,0.089,-0.057,5
0.218,0.045,-0.134,5
0.218,0.058,-0.228,5
0.183,0.013,-0.287,5
0.105,0.059,-0.327,5
0.06,0.062,-0.325,5
-0.019,0.06,-0.296,4
-0.12,0.093,-0.202,5
-0.173,0.131,-0.096,5
-0.211,0.126,-0.013,5
-0.229,0.131,0.009,5
-0.241,0.139,0.056,5
-0.247,0.134,0.072,5
-0.252,0.116,0.138,5
-0.253,0.096,0.158,5
-0.189,0.043,0.121,5
-0.161,0.017,0.152,5
-0.106,-0.04,0.158,5
-0.091,-0.074,0.134,5
-0.06,-0.075,0.12,5
0.044,-0.089,0.074,5
0.022,-0.059,0.062,5
0.024,-0.087,0.043,5
0.03,-0.1,0.021,5
0.053,-0.116,-0.006,5
0.039,-0.109,-0.018,4
0.057,-0.098,-0.046,5
0.021,-0.079,-0.059,5
-0.015,-0.067,-0.066,5
-0.005,-0.065,-0.077,5
0.008,-0.028,-0.03,5
-0.018,-0.012,-0.083,5
-0.051,0.018,-0.023,5
-0.05,0.047,-0.016,5
-0.045,0.072,0.002,5
-0.113,0.06,0.04,5
-0.046,0.08,0.028,5
-0.037,0.089,-0.009,5
-0.02,0.076,0.021,5
0.028,0.099,0.079,5
0.06,0.024,0.046,5
0.08,0.017,0.067,5
0.128,-0.027,0.086,5
0.149,-0.084,0.021,5
0.126,-0.067,0.023,4
0.156,-0.103,0.021,5
0.136,-0.153,0.019,5
0.148,-0.155,-0.038,5
0.146,-0.161,-0.026,5
0.089,-0.132,-0.066,5
0.067,-0.123,-0.012,5
0.082,-0.102,-0.002,5
0.056,-0.04,0.006,5
0.029,-0.032,0.018,5
0.039,-0.046,-0.013,5
0.039,-0.007,-0.033,5
0.014,0.002,-0.082,5
0.025,0.027,-0.047,5
0.053,0.012,-0.077,5
0.099,0.028,-0.1,5
0.106,0.046,-0.09,5
0.143,0.011,-0.098,5
0.155,0.023,-0.032,4
0.1,0.021,0.005,5
0.077,-0.002,0.013,5
0.087,-0.019,0.033,5
0.061,-0.047,0.099,5
0.016,-0.06,0.093,5
0.01,-0.075,0.123,5
-0.055,-0.102,0.158,5
-0.11,-0.148,0.189,5
-0.094,-0.142,0.187,5
-0.136,-0.158,0.203,5
-0.144,-0.168,0.166,5
-0.186,-0.151,0.136,5
-0.184,-0.149,0.105,5
-0.149,-0.06,0.086,5
-0.091,-0.063,0.047,5
-0.086,-0.039,-0.004,5
-0.06,0.024,-0.042,5
-0.045,0.052,-0.111,4
-0.011,0.068,-0.126,5
-0.027,0.13,-0.131,5
0.014,0.147,-0.148,5
0.021,0.167,-0.107,5
0.049,0.198,-0.075,5
0.027,0.195,-0.084,5
0.063,0.227,-0.093,5
0.074,0.2,-0.084,5
0.019,0.184,-0.106,5
0.034,0.2,-0.022,5
0.044,0.193,0.018,5
0.018,0.187,-0.021,5
-0.009,0.181,0.036,5
-0.03,0.146,0.054,5
-0.039,0.096,0.109,5
-0.074,0.078,0.124,5
-0.062,0.014,0.124,5
-0.078,-0.025,0.138,5
-0.135,-0.07,0.158,4
-0.125,-0.08,0.134,5
-0.096,-0.137,0.077,5
-0.107,-0.119,0.091,5
-0.101,-0.141,0.108,5
-0.069,-0.131,0.058,5
-0.041,-0.084,0.048,5
-0.041,-0.049,0.013,5
-0.037,-0.01,-0.061,5
-0.016,0.029,-0.055,5
-0.036,0.082,-0.075,5
-0.075,0.1,-0.119,5
-0.033,0.146,-0.172,5
-0.043,0.148,-0.155,5
-0.051,0.164,-0.126,5
-0.016,0.151,-0.161,5
0.006,0.149,-0.171,5
0.074,0.177,-0.162,5
0.089,0.134,-0.137,4
0.071,0.077,-0.08,5
0.103,0.061,-0.016,5
0.157,0.029,0.019,5
0.146,-0.033,0.051,5
0.135,-0.073,0.055,5
0.117,-0.118,0.097,5
0.071,-0.157,0.04,5
0.124,-0.176,0.04,5
0.099,-0.206,0.113,5
0.08,-0.224,0.128,5
0.111,-0.258,0.128,5
0.108,-0.184,0.132,5
0.102,-0.222,0.162,5
0.083,-0.226,0.107,5
0.062,-0.164,0.045,5
0.025,-0.113,0.01,5
0.044,-0.059,-0.012,5
-0.007,-0.036,-0.015,4
-0.014,-0.036,-0.013,5
-0.03,-0.011,0.078,5
-0.036,0.045,0.078,5
-0.097,0.088,0.105,5
-0.1,0.109,0.086,5
-0.06,0.128,0.051,5
-0.036,0.124,0.012,5
-0.003,0.103,-0.066,5
0.01,0.106,-0.18,5
0.026,0.13,-0.227,5
0.036,0.108,-0.251,5
0.002,0.101,-0.269,5
0.036,0.096,-0.221,5
0.024,0.073,-0.13,5
0.048,0.04,-0.026,5
0.004,0.023,-0.006,5
-0.021,0.029,-0.001,5
-0.002,0.005,0.037,5
0.019,-0.021,0.016,4
0.026,-0.023,-0.002,5
0.044,-0.012,0.04,5
0.062,-0.024,0.04,5
0.051,-0.043,0.041,5
0.054,-0.026,0.08,5
-0.002,-0.079,0.093,5
-0.019,-0.114,0.11,5
-0.03,-0.077,0.094,5
-0.1,-0.065,0.089,5
-0.142,-0.08,0.059,5
-0.166,-0.076,0.079,5
-0.175,-0.055,0.079,5
-0.171,-0.024,0.097,5
-0.175,-0.022,0.113,5
-0.175,-0.015,0.123,5
-0.127,0.007,0.107,5
-0.093,0.024,0.113,5
-0.083,0.017,0.08,4
-0.023,0.024,0.042,5
0.021,-0.021,0.038,5
-0.01,0.015,0.017,5
0.033,0.039,0.024,5
0.111,0.027,0.004,5
0.148,-0.027,0.004,5
0.198,-0.046,0.033,5
0.165,-0.058,0.013,5
0.187,-0.083,0.024,5
0.155,-0.096,0.065,5
0.153,-0.108,0.033,5
0.137,-0.131,0.021,5
0.081,-0.11,0.07,5
0.077,-0.051,0.067,5
0.03,-0.042,0.091,5
0.023,-0.046,0.064,5
0.003,-0.011,0.049,5
0.02,0.032,0.105,4
0.048,0.016,0.098,5
0.065,0.01,0.084,5
0.076,-0.02,0.063,5
0.15,-0.035,0.052,5
0.165,-0.045,0.056,5
0.157,-0.075,0.007,5
0.215,-0.08,0.015,5
0.228,-0.051,0.009,5
0.175,-0.067,-0.034,5
0.187,-0.052,0.0,5
0.147,-0.072,0.042,5
0.085,-0.022,0.081,5
0.016,0.018,0.081,5
-0.054,0.068,0.094,5
-0.087,0.096,0.115,5
-0.152,0.099,0.056,5
-0.154,0.111,-0.005,5
-0.177,0.108,0.008,5
-0.155,0.132,-0.031,4
-0.122,0.093,-0.028,5
-0.067,0.092,-0.068,5
-0.047,0.078,-0.1,5
-0.021,0.053,-0.06,5
0.036,0.056,-0.036,5
0.037,0.055,-0.063,5
0.046,0.067,-0.048,5
0.089,0.06,-0.013,5
0.054,0.058,-0.016,5
0.044,0.078,-0.036,5
0.079,0.105,-0.062,5
0.023,0.116,-0.004,5
-0.025,0.117,-0.021,5
-0.062,0.123,-0.015,5
-0.094,0.102,0.046,5
-0.154,0.061,0.054,5
-0.181,0.029,0.058,5
-0.176,-0.02,0.104,5
-0.189,-0.022,0.166,4
-0.187,-0.016,0.184,5
-0.151,-0.036,0.136,5
-0.106,-0.075,0.131,5
-0.112,-0.063,0.135,5
-0.11,-0.066,0.173,5
-0.047,-0.072,0.168,5
-0.029,-0.065,0.152,5
-0.074,-0.054,0.171,5
-0.023,-0.079,0.119,5
-0.008,-0.084,0.116,5
-0.046,-0.075,0.1,5
-0.05,-0.055,0.055,5
-0.023,-0.028,-0.001,5
0.017,0.004,0.007,5
0.015,0.064,-0.058,5
0.035,0.084,-0.121,5
0.079,0.118,-0.1,5
0.101,0.128,-0.086,4
0.104,0.141,-0.064,5
0.106,0.131,-0.045,5
0.126,0.114,-0.027,5
0.143,0.076,-0.068,5
0.189,0.026,-0.031,5
0.201,0.006,-0.002,5
0.15,-0.046,0.002,5
0.17,-0.075,0.045,5
0.213,-0.102,0.057,5
0.17,-0.114,0.125,5
0.136,-0.119,0.151,5
0.135,-0.077,0.127,5
0.109,-0.078,0.054,5
0.042,-0.07,-0.002,5
0.042,-0.033,-0.036,5
0.033,-0.047,-0.226,5
0.017,-0.021,-0.204,5
-0.031,-0.006,-0.132,4
0.005,-0.039,0.001,5
0.048,-0.1,0.066,5
0.116,-0.181,0.115,5
0.053,-0.249,0.22,5
-0.033,-0.267,0.28,5
-0.319,-0.175,-0.247,5
-0.468,0.018,-0.334,5
-0.326,0.119,-0.085,5
-0.117,0.116,0.211,5
0.023,0.156,0.457,5
0.038,0.184,0.523,5
0.004,0.187,0.484,5
-0.034,0.172,0.366,5
-0.039,0.194,0.248,5
-0.04,0.14,0.201,5
-0.023,0.078,0.151,5
-0.007,-0.015,0.024,5
0.027,-0.065,-0.128,4
0.089,-0.14,-0.21,5
0.127,-0.174,-0.262,5
0.158,-0.225,-0.305,5
0.133,-0.215,-0.27,5
0.042,-0.202,-0.191,5
-0.03,-0.174,-0.168,5
-0.117,-0.122,-0.164,5
-0.106,-0.062,-0.173,5
-0.108,0.016,-0.225,5
-0.054,0.097,-0.306,5
-0.04,0.165,-0.198,5
-0.088,0.221,-0.023,5
-0.096,0.221,-0.033,5
-0.035,0.181,-0.241,5
-0.053,0.193,-0.204,5
-0.082,0.131,-0.076,5
-0.056,0.075,0.017,5
-0.029,0.011,0.037,4
-0.009,-0.032,0.024,5
0.03,-0.081,0.043,5
-0.002,-0.103,0.018,5
-0.093,-0.071,-0.022,5
-0.083,-0.055,-0.028,5
-0.114,-0.045,-0.056,5
-0.102,0.006,-0.076,5
-0.131,0.053,-0.051,5
-0.118,0.103,-0.05,5
-0.119,0.114,-0.041,5
-0.115,0.159,-0.028,5
-0.069,0.143,-0.021,5
-0.071,0.15,0.01,5
-0.064,0.165,-0.028,5
-0.053,0.144,0.004,5
-0.022,0.091,0.038,5
0.005,0.039,0.081,5
0.043,-0.042,0.073,5
0.048,-0.063,0.079,4
0.069,-0.117,0.053,5
0.032,-0.157,0.027,5
0.063,-0.141,-0.014,5
0.074,-0.144,-0.03,5
0.049,-0.108,0.041,5
0.01,-0.076,0.028,5
0.0,-0.03,-0.017,5
-0.038,0.02,0.023,5
-0.064,0.035,0.102,5
-0.109,0.088,0.109,5
-0.146,0.079,0.103,5
-0.131,0.075,0.101,5
-0.079,0.093,0.074,5
-0.063,0.084,0.032,5
0.029,0.054,0.007,5
0.073,0.036,-0.032,5
0.118,0.049,-0.084,5
0.123,0.001,-0.097,5
0.162,0.001,-0.17,4
0.172,-0.007,-0.17,5
0.176,-0.019,-0.127,5
0.137,0.0,-0.131,5
0.136,0.029,-0.114,5
0.105,0.009,-0.102,5
0.082,0.043,-0.053,5

# Completed @Tue May 05 21:15:07 GMT+08:00 2020
