# Accelerometer Data File
# Started @Tue May 05 21:15:55 GMT+08:00 2020
#
#
# sensor Vendor: BOSCH
# sensor Name: BMI160 Accelerometer
# sensor Resolution: 0.0023956299m/sec^2; Max Range: 156.9064; Min Delay: 5000 microseconds
# The sensor's attributes are the result hardware and the Android capabilities.
# It means that the Android may not utilize all features provided by the hardware.
#
# Some devices and Android versions save battery too much so the device may go to sleep.
# It just happens after couple of minutes from turning off the scree and it is easy to find it out.
#
# The following file provides the data from accelerometer in the m/s^2 format.
# The diff value is just a time delta between the samples
#
#
# data format:
# so we have 4 columns with values separated by the ","
# X,Y,Z,time_from_previous_sample(ms)

# sensor speed set to:FASTEST
# units set to: m/sec^2
# gravity  filtered out
# Accuracy: HIGH
-0.502,8.693,-0.132,0
-0.452,7.807,-0.123,4
-0.471,7.017,-0.059,5
-0.428,6.311,-0.027,5
-0.39,5.663,-0.02,5
-0.359,5.131,0.007,5
-0.315,4.609,0.066,5
-0.283,4.144,0.064,5
-0.22,3.712,0.075,5
-0.237,3.337,0.067,5
-0.175,3.012,0.052,5
-0.11,2.702,0.029,5
-0.094,2.431,0.014,5
-0.055,2.197,-0.03,5
-0.041,1.999,-0.031,5
-0.019,1.794,-0.037,5
0.012,1.585,0.013,5
0.011,1.431,-0.004,5
-0.028,1.3,0.0,5
-0.043,1.166,0.017,4
-0.043,1.08,0.006,5
-0.068,0.98,0.01,5
-0.092,0.895,0.052,5
-0.048,0.814,-0.004,5
-0.06,0.763,-0.047,5
-0.097,0.712,-0.063,5
-0.053,0.65,-0.057,5
0.012,0.576,-0.068,5
-0.058,0.527,-0.057,5
-0.056,0.474,0.012,5
0.018,0.358,0.02,5
0.037,0.309,0.005,5
0.016,0.248,0.039,5
0.015,0.18,0.026,5
-0.02,0.132,0.062,5
0.015,0.114,0.052,5
0.052,0.073,0.016,5
0.008,0.091,0.006,5
0.02,0.116,-0.037,4
0.01,0.135,-0.007,5
0.004,0.13,-0.05,5
-0.034,0.151,-0.032,5
-0.03,0.175,-0.041,5
-0.053,0.179,-0.054,5
-0.061,0.178,-0.036,5
-0.029,0.173,-0.024,5
-0.035,0.195,-0.021,5
-0.027,0.201,-0.075,5
0.014,0.151,-0.05,5
0.012,0.097,-0.041,5
0.015,0.083,-0.024,5
0.07,0.062,-0.043,5
0.11,0.021,-0.017,5
0.099,-0.045,-0.011,5
0.102,-0.079,0.024,5
0.07,-0.093,0.056,5
0.08,-0.092,0.029,4
0.064,-0.096,0.047,5
0.027,-0.125,0.029,5
0.0,-0.086,0.057,5
-0.013,-0.069,0.051,5
0.004,-0.041,0.059,5
-0.055,-0.006,0.031,5
-0.046,0.041,-0.005,5
-0.045,0.067,-0.052,5
-0.088,0.051,-0.038,5
-0.079,0.098,-0.03,5
-0.08,0.114,-0.049,5
-0.102,0.124,-0.078,5
-0.044,0.086,-0.088,5
-0.027,0.12,-0.036,5
-0.033,0.065,-0.071,5
-0.008,0.028,-0.046,5
0.013,0.038,-0.042,5
0.029,0.0,-0.02,4
0.044,-0.008,-0.018,5
0.069,-0.037,-0.025,5
0.054,-0.059,-0.022,5
0.04,-0.083,-0.016,5
0.031,-0.071,-0.018,5
0.02,-0.059,-0.008,5
0.0,-0.083,0.031,5
-0.038,-0.084,-0.01,5
-0.068,-0.058,0.007,5
-0.074,-0.039,0.036,5
-0.088,-0.022,0.041,5
-0.123,0.026,0.046,5
-0.102,0.054,0.08,5
-0.091,0.061,0.046,5
-0.087,0.055,0.007,5
-0.03,0.088,0.002,5
-0.019,0.114,0.023,5
-0.008,0.047,-0.004,5
0.048,0.025,-0.012,4
0.082,0.001,-0.028,5
0.073,-0.024,-0.06,5
0.088,-0.031,-0.019,5
0.105,-0.053,-0.017,5
0.09,-0.078,-0.016,5
0.111,-0.087,-0.027,5
0.065,-0.083,-0.05,5
0.037,-0.07,-0.015,5
-0.026,-0.042,-0.048,5
-0.049,-0.042,-0.043,5
-0.079,-0.033,-0.051,5
-0.088,0.021,-0.016,5
-0.144,0.032,-0.01,5
-0.129,0.063,-0.026,5
-0.112,0.065,-0.024,5
-0.131,0.076,-0.008,5
-0.088,0.047,-0.016,5
-0.027,0.059,-0.023,4
-0.042,0.062,-0.016,5
0.026,0.034,0.019,5
0.032,0.026,0.021,5
0.107,0.019,0.019,5
0.139,-0.003,0.004,5
0.134,-0.02,-0.017,5
0.137,-0.031,-0.019,5
0.098,-0.045,-0.026,5
0.084,-0.036,-0.032,5
0.067,-0.041,0.035,5
0.077,-0.024,0.092,5
0.056,-0.026,0.173,5
0.034,-0.049,0.181,5
-0.012,-0.044,0.215,5
-0.054,-0.014,0.155,5
-0.01,0.008,0.135,5
-0.013,0.068,0.117,5
-0.025,0.087,0.118,5
-0.044,0.052,0.149,4
-0.061,0.116,0.152,5
-0.063,0.091,0.149,5
-0.035,0.086,0.143,5
-0.019,0.099,0.129,5
0.004,0.072,0.094,5
-0.004,0.043,0.063,5
0.043,0.06,0.014,5
0.081,0.041,-0.026,5
0.103,0.02,-0.109,5
0.123,0.001,-0.189,5
0.115,0.001,-0.226,5
0.129,-0.007,-0.216,5
0.082,-0.041,-0.173,5
0.061,-0.024,-0.035,5
0.089,-0.082,0.05,5
0.059,-0.095,0.131,5
0.031,-0.107,0.169,5
0.019,-0.109,0.178,4
-0.016,-0.094,0.203,5
-0.04,-0.119,0.222,5
-0.019,-0.137,0.243,5
-0.056,-0.106,0.236,5
-0.046,-0.087,0.195,5
-0.046,-0.078,0.184,5
-0.024,-0.066,0.088,5
-0.008,-0.008,0.023,5
-0.003,0.005,0.012,5
0.039,0.013,-0.036,5
0.057,0.046,-0.092,5
0.116,0.067,-0.126,5
0.104,0.078,-0.131,5
0.085,0.074,-0.135,5
0.068,0.084,-0.117,5
0.039,0.093,-0.088,5
0.031,0.053,-0.105,5
0.037,0.026,-0.069,4
0.02,0.019,-0.036,5
0.052,0.005,-0.015,5
0.056,-0.051,-0.044,5
0.024,-0.054,-0.005,5
0.005,-0.036,0.0,5
-0.029,-0.05,0.003,5
-0.065,-0.062,0.063,5
-0.063,-0.047,0.057,5
-0.087,-0.055,0.034,5
-0.091,-0.011,0.005,5
-0.099,-0.005,-0.012,5
-0.089,0.02,-0.037,5
-0.046,0.061,-0.08,5
-0.058,0.046,-0.085,5
-0.074,0.033,-0.059,5
-0.067,0.081,-0.023,5
-0.064,0.09,-0.064,5
-0.032,0.081,-0.049,5
-0.037,0.047,-0.005,4
-0.02,0.03,-0.052,5
0.006,0.022,-0.034,5
0.027,-0.013,-0.017,5
0.025,-0.016,-0.05,5
0.022,-0.058,-0.067,5
-0.005,-0.069,-0.056,5
0.012,-0.049,-0.076,5
0.049,-0.07,-0.047,5
0.036,-0.076,-0.025,5
-0.014,-0.047,0.007,5
0.003,-0.064,0.045,5
0.012,-0.053,0.002,5
0.01,-0.03,-0.01,5
0.022,-0.006,0.015,5
0.003,0.007,0.035,5
-0.001,0.028,0.028,5
0.02,0.046,0.016,5
0.005,0.02,-0.032,4
-0.046,0.027,-0.029,5
-0.02,-0.001,-0.052,5
0.007,-0.022,0.013,5
-0.032,-0.072,-0.009,5
-0.046,-0.108,-0.012,5
-0.058,-0.136,0.035,5
-0.057,-0.131,0.019,5
-0.051,-0.165,0.021,5
-0.02,-0.17,0.019,5
0.003,-0.149,0.017,5
0.007,-0.159,0.05,5
0.032,-0.096,0.028,5
0.046,-0.078,0.068,5
0.058,-0.053,0.078,5
0.074,0.021,0.062,5
0.045,0.066,0.043,5
0.049,0.115,0.043,5
0.044,0.112,0.008,4
0.018,0.166,-0.005,5
0.021,0.188,-0.039,5
-0.011,0.221,-0.082,5
-0.023,0.246,-0.074,5
-0.016,0.221,-0.075,5
-0.01,0.191,-0.029,5
0.05,0.163,-0.03,5
0.019,0.116,-0.031,5
0.03,0.092,-0.011,5
0.088,0.061,-0.018,5
0.131,0.05,-0.008,5
0.117,0.011,0.009,5
0.067,0.001,-0.021,5
0.06,-0.007,-0.01,5
0.058,-0.015,-0.022,5
0.04,0.008,-0.05,5
0.018,0.05,-0.062,5
0.064,0.053,-0.116,5
0.019,0.078,-0.152,4
0.021,0.109,-0.137,5
0.019,0.094,-0.14,5
0.008,0.089,-0.143,5
0.0,0.067,-0.172,5
0.0,0.039,-0.151,5
-0.004,0.009,-0.084,5
-0.056,-0.039,-0.054,5
-0.024,-0.035,-0.018,5
0.0,-0.083,-0.008,5
-0.06,-0.122,0.027,5
-0.02,-0.114,0.058,5
0.016,-0.15,0.104,5
-0.002,-0.148,0.064,5
0.036,-0.107,0.066,5
0.054,-0.092,0.085,5
0.04,-0.044,0.055,5
0.018,-0.014,0.019,5
0.051,0.004,-0.033,4
0.037,0.051,-0.052,5
0.025,0.093,-0.09,5
-0.003,0.084,-0.085,5
-0.024,0.097,-0.089,5
-0.008,0.079,-0.132,5
-0.029,0.105,-0.153,5
-0.061,0.056,-0.125,5
-0.102,-0.001,-0.121,5
-0.092,0.0,-0.079,5
-0.1,-0.043,-0.062,5
-0.137,-0.082,-0.034,5
-0.119,-0.121,-0.018,5
-0.116,-0.122,0.035,5
-0.139,-0.131,0.031,5
-0.163,-0.135,0.093,5
-0.151,-0.117,0.092,5
-0.123,-0.106,0.065,5
-0.15,-0.078,0.102,4
-0.092,-0.057,0.113,5
-0.056,-0.017,0.072,5
-0.072,-0.006,0.039,5
-0.065,0.023,0.005,5
-0.058,0.038,0.026,5
-0.031,0.03,0.027,5
-0.032,0.027,0.068,5
0.017,0.011,0.065,5
0.054,-0.049,0.145,5
0.019,-0.053,0.139,5
0.038,-0.069,0.134,5
0.0,-0.071,0.099,5
-0.003,-0.051,-0.014,5
-0.029,-0.037,0.004,5
-0.039,0.018,0.051,5
-0.005,0.042,-0.027,5
-0.026,0.059,0.053,5
-0.066,0.075,0.112,5
-0.068,0.136,0.14,4
-0.087,0.144,0.195,5
-0.091,0.177,0.141,5
-0.099,0.142,0.118,5
-0.072,0.128,0.072,5
-0.043,0.141,-0.008,5
0.007,0.109,-0.063,5
0.041,0.064,-0.156,5
0.046,0.049,-0.235,5
0.058,0.065,-0.25,5
0.083,0.02,-0.255,5
0.104,-0.007,-0.251,5
0.068,-0.028,-0.183,5
0.07,-0.077,-0.122,5
0.05,-0.112,-0.032,5
-0.006,-0.144,0.078,5
-0.053,-0.138,0.113,5
-0.086,-0.133,0.141,5
-0.155,-0.175,0.165,4
-0.161,-0.128,0.157,5
-0.128,-0.102,0.206,5
-0.179,-0.092,0.151,5
-0.118,-0.031,0.093,5
-0.145,0.014,0.049,5
-0.152,0.047,0.01,5
-0.072,0.064,-0.064,5
-0.082,0.118,-0.13,5
-0.014,0.141,-0.191,5
0.013,0.144,-0.215,5
0.046,0.134,-0.18,5
0.084,0.129,-0.192,5
0.097,0.086,-0.156,5
0.105,0.056,-0.08,5
0.142,0.003,0.013,5
0.14,-0.044,0.055,5
0.109,-0.113,0.11,5
0.089,-0.136,0.116,5
0.042,-0.135,0.143,4
0.033,-0.148,0.146,5
0.021,-0.146,0.101,5
0.01,-0.148,0.177,5
0.001,-0.138,0.142,5
-0.02,-0.102,0.154,5
-0.039,-0.015,0.091,5
-0.018,0.042,0.034,5
-0.008,0.085,-0.011,5
-0.003,0.111,-0.036,5
0.035,0.121,-0.058,5
0.045,0.165,-0.026,5
0.049,0.183,-0.045,5
0.053,0.135,-0.041,5
0.06,0.151,0.006,5
0.015,0.115,-0.003,5
-0.007,0.086,0.001,5
0.032,0.064,-0.015,5
0.041,0.023,-0.027,4
0.063,0.0,-0.054,5
0.048,0.0,-0.066,5
0.048,-0.008,-0.077,5
0.03,0.013,-0.034,5
0.014,0.0,-0.001,5
0.034,0.003,-0.07,5
0.005,-0.013,0.005,5
-0.008,0.026,0.018,5
-0.028,0.015,0.012,5
-0.008,0.017,0.019,5
-0.016,0.011,0.026,5
0.002,0.027,0.04,5
-0.002,0.02,0.049,5
0.006,-0.024,0.023,5
-0.006,-0.052,0.029,5
-0.001,-0.077,0.06,5
-0.027,-0.09,0.05,5
-0.02,-0.12,0.023,5
-0.031,-0.13,0.021,4
-0.019,-0.155,0.023,5
-0.03,-0.187,0.051,5
-0.07,-0.224,0.029,5
-0.106,-0.206,0.03,5
-0.108,-0.216,0.053,5
-0.162,-0.198,0.06,5
-0.198,-0.17,0.033,5
-0.182,-0.131,0.004,5
-0.172,-0.118,-0.013,5
-0.172,-0.102,-0.012,5
-0.151,-0.066,-0.01,5
-0.127,-0.033,-0.005,5
-0.076,0.016,0.0,5
-0.046,-0.01,-0.009,5
-0.042,0.011,-0.012,5
0.005,0.028,-0.067,5
0.064,0.003,-0.021,5
0.097,0.007,-0.058,4
0.061,0.024,-0.035,5
0.111,-0.004,-0.014,5
0.152,-0.029,-0.026,5
0.141,-0.022,-0.014,5
0.131,-0.007,-0.073,5
0.126,0.01,-0.027,5
0.165,0.014,-0.059,5
0.14,-0.021,-0.049,5
0.126,0.023,-0.061,5
0.088,0.025,-0.046,5
0.074,0.001,-0.054,5
0.037,0.001,-0.027,5
0.068,0.001,-0.003,5
-0.012,0.018,0.005,5
-0.049,0.037,0.03,5
-0.083,0.034,0.019,5
-0.057,0.047,0.03,5
-0.03,0.025,0.044,5
-0.018,0.053,0.078,4
-0.008,0.052,0.092,5
0.035,0.06,0.083,5
0.014,0.032,0.104,5
0.052,0.025,0.068,5
0.089,0.065,0.079,5
0.106,0.033,0.027,5
0.096,0.021,0.038,5
0.112,0.006,0.034,5
0.092,0.022,0.03,5
0.083,0.016,0.027,5
0.049,0.044,0.0,5
0.031,0.104,-0.005,5
0.006,0.094,-0.004,5
0.001,0.11,-0.042,5
-0.02,0.151,-0.064,5
-0.048,0.175,-0.006,5
-0.052,0.2,-0.027,5
-0.055,0.223,-0.058,5
-0.041,0.222,-0.074,4
-0.063,0.2,-0.054,5
-0.052,0.171,-0.078,5
-0.038,0.124,-0.084,5
-0.026,0.077,-0.036,5
-0.001,0.026,-0.041,5
0.024,-0.027,-0.041,5
0.013,-0.037,-0.02,5
0.016,-0.085,0.02,5
0.023,-0.094,0.018,5
0.05,-0.102,0.059,5
0.024,-0.1,0.027,5
0.008,-0.12,0.033,5
0.012,-0.099,0.03,5
-0.001,-0.055,-0.002,5
-0.031,-0.011,-0.037,5
-0.041,0.028,-0.033,5
-0.024,0.034,-0.021,5
0.008,0.065,-0.027,4
0.05,0.063,-0.02,5
0.036,0.082,0.045,5
0.08,0.035,0.037,5
0.068,0.001,0.028,5
0.026,0.001,0.039,5
-0.005,-0.011,-0.016,5
0.016,-0.027,-0.109,5
0.027,-0.024,-0.111,5
0.024,-0.069,-0.087,5
0.017,-0.079,-0.083,5
0.024,-0.071,-0.07,5
0.0,-0.069,0.018,5
-0.007,-0.079,0.063,5
-0.02,-0.062,0.113,5
-0.052,-0.069,0.119,5
-0.047,-0.062,0.129,5
-0.033,-0.06,0.077,5
-0.065,-0.067,0.017,4
-0.075,-0.056,-0.108,5
-0.05,-0.024,-0.141,5
-0.05,-0.009,-0.191,5
-0.071,0.008,-0.185,5
-0.046,0.042,-0.166,5
-0.029,0.081,-0.102,5
-0.013,0.051,-0.049,5
-0.011,0.042,0.011,5
-0.023,0.063,0.049,5
0.0,0.031,0.018,5
-0.012,0.032,0.029,5
-0.024,-0.005,0.065,5
-0.008,-0.039,0.08,5
0.035,-0.026,0.055,5
-0.02,-0.045,0.04,5
0.024,-0.109,0.062,5
0.031,-0.137,0.021,5
0.045,-0.123,0.019,5
0.032,-0.107,-0.016,4
0.041,-0.087,0.015,5
0.007,-0.061,-0.02,5
0.019,-0.034,-0.044,5
-0.008,0.021,-0.083,5
-0.02,0.018,-0.074,5
0.011,0.021,-0.05,5
-0.015,0.049,-0.014,5
-0.005,0.035,-0.026,5
0.025,0.04,0.014,5
-0.002,0.028,-0.016,5
-0.041,0.029,0.023,5
-0.041,0.005,0.06,5
-0.037,-0.016,0.036,5
-0.042,0.006,0.054,5
-0.068,-0.02,0.096,5
-0.044,-0.074,0.087,5
-0.039,-0.053,0.125,5
-0.035,-0.065,0.1,4
-0.036,-0.097,0.107,5
-0.084,-0.105,0.096,5
-0.08,-0.073,0.065,5
-0.068,-0.07,0.063,5
-0.035,-0.063,0.056,5
-0.074,-0.048,0.059,5
-0.058,-0.056,0.079,5
-0.061,-0.055,0.106,5
-0.089,-0.053,0.104,5
-0.067,-0.078,0.085,5
-0.039,-0.105,0.072,5
-0.087,-0.142,0.06,5
-0.1,-0.171,-0.018,5
-0.047,-0.192,-0.051,5
-0.007,-0.233,-0.114,5
-0.011,-0.184,-0.176,5
0.08,-0.187,-0.111,5
0.05,-0.194,-0.096,5
0.071,-0.188,-0.047,4
0.064,-0.182,-0.021,5
0.036,-0.108,-0.04,5
0.041,-0.101,0.01,5
0.002,-0.048,0.052,5
-0.044,0.025,0.099,5
-0.074,0.057,0.119,5
-0.063,0.086,0.18,5
-0.056,0.12,0.244,5
-0.055,0.117,0.263,5
-0.093,0.17,0.241,5
-0.088,0.114,0.255,5
-0.13,0.107,0.342,5
-0.096,0.126,0.299,5
-0.039,0.088,0.26,5
-0.022,0.057,0.239,5
-0.002,0.034,0.172,5
0.036,0.048,0.12,5
0.023,0.069,0.06,4
0.051,0.071,-0.027,5
0.063,0.085,-0.097,5
0.031,0.081,-0.139,5
0.036,0.137,-0.168,5
0.02,0.171,-0.216,5
-0.003,0.193,-0.164,5
0.018,0.208,-0.156,5
0.051,0.196,-0.149,5
0.05,0.18,-0.164,5
0.058,0.175,-0.109,5
0.074,0.175,-0.081,5
0.079,0.144,-0.09,5
0.05,0.082,-0.051,5
0.04,0.083,-0.046,5
0.028,0.053,-0.028,5
-0.03,0.03,-0.051,5
-0.07,-0.011,-0.106,5
-0.089,0.011,-0.113,5
-0.115,-0.011,-0.119,4
-0.125,-0.048,-0.128,5
-0.065,-0.048,-0.146,5
-0.058,-0.052,-0.131,5
-0.048,-0.038,-0.135,5
-0.043,-0.068,-0.134,5
-0.052,-0.087,-0.134,5
-0.051,-0.066,-0.073,5
-0.046,-0.089,-0.057,5
-0.063,-0.106,-0.008,5
-0.052,-0.121,-0.016,5
-0.021,-0.105,-0.062,5
-0.062,-0.086,-0.034,5
-0.099,-0.099,0.012,5
-0.11,-0.089,0.041,5
-0.078,-0.101,0.084,5
-0.078,-0.1,0.08,5
-0.058,-0.103,0.05,5
-0.073,-0.088,0.058,4
-0.053,-0.083,0.056,5
-0.039,-0.041,0.042,5
-0.031,0.01,0.025,5
-0.062,0.022,0.027,5
-0.095,0.067,0.011,5
-0.102,0.108,-0.011,5
-0.075,0.144,-0.07,5
-0.072,0.164,-0.071,5
-0.082,0.187,-0.142,5
-0.108,0.189,-0.175,5
-0.101,0.175,-0.166,5
-0.152,0.127,-0.201,5
-0.175,0.097,-0.142,5
-0.175,0.074,-0.124,5
-0.162,0.028,-0.038,5
-0.102,0.0,0.008,5
-0.126,-0.034,0.111,5
-0.101,-0.052,0.22,5
-0.086,-0.034,0.289,5
-0.03,-0.035,0.38,4
0.002,-0.018,0.515,5
0.045,0.013,0.571,5
0.079,0.11,0.643,5
0.101,0.19,0.704,5
0.07,0.274,0.741,5
0.032,0.35,0.796,5
0.051,0.466,0.747,5
-0.057,0.57,0.663,5
-0.12,0.724,0.588,5
-0.181,0.79,0.504,5
-0.254,0.9,0.389,5
-0.327,0.883,0.25,5
-0.342,0.916,0.169,5
-0.364,0.919,0.157,5
-0.379,0.857,0.15,5
-0.328,0.733,0.186,5
-0.347,0.616,0.206,5
-0.321,0.451,0.255,4
-0.353,0.354,0.268,5
-0.301,0.263,0.198,5
-0.258,0.232,0.204,5
-0.184,0.17,0.201,5
-0.166,0.144,0.194,5
-0.128,0.147,0.187,5
-0.08,0.201,0.164,5
-0.064,0.246,0.126,5
-0.088,0.355,0.1,5
-0.074,0.453,0.056,5
-0.097,0.528,-0.074,5
-0.135,0.618,-0.165,5
-0.143,0.711,-0.295,5
-0.215,0.769,-0.464,5
-0.262,0.778,-0.607,5
-0.296,0.761,-0.749,5
-0.327,0.732,-0.855,5
-0.255,0.624,-0.899,5
-0.217,0.398,-0.947,4
-0.135,0.143,-0.99,5
-0.026,-0.077,-1.016,5
0.092,-0.328,-0.931,5
0.281,-0.558,-0.86,5
0.498,-0.864,-0.899,5
0.737,-1.067,-0.882,5
0.987,-1.257,-0.82,5
1.202,-1.485,-0.794,5
1.397,-1.655,-0.779,5
1.529,-1.839,-0.727,5
1.591,-1.995,-0.684,5
1.639,-2.08,-0.719,5
1.673,-2.191,-0.733,5
1.73,-2.261,-0.686,5
1.721,-2.259,-0.708,5
1.574,-2.222,-0.667,5
1.464,-2.177,-0.622,5
1.253,-2.045,-0.568,4
1.011,-1.862,-0.498,5
0.729,-1.611,-0.393,5
0.324,-1.239,-0.293,5
-0.035,-0.917,-0.246,5
-0.238,-0.588,-0.049,5
-0.425,-0.245,0.08,5
-0.585,0.093,0.214,5
-0.686,0.39,0.305,5
-0.79,0.696,0.334,5
-0.883,0.958,0.383,5
-0.868,1.095,0.4,5
-0.837,1.205,0.33,5
-0.702,1.27,0.345,5
-0.532,1.216,0.336,5
-0.32,1.215,0.272,5
-0.137,1.115,0.249,5
-0.041,1.016,0.267,5
0.061,0.919,0.253,4
0.102,0.849,0.258,5
0.131,0.785,0.409,5
0.135,0.681,0.549,5
0.108,0.604,0.533,5
0.167,0.557,0.523,5
0.197,0.527,0.531,5
0.255,0.418,0.499,5
0.32,0.299,0.466,5
0.37,0.195,0.446,5
0.423,0.124,0.384,5
0.407,0.047,0.371,5
0.366,-0.077,0.399,5
0.347,-0.143,0.415,5
0.286,-0.228,0.421,5
0.219,-0.252,0.452,5
0.089,-0.292,0.45,5
-0.027,-0.306,0.4,5
-0.11,-0.327,0.421,4
-0.233,-0.32,0.409,5
-0.287,-0.322,0.342,5
-0.392,-0.29,0.303,5
-0.503,-0.274,0.307,5
-0.496,-0.225,0.298,5
-0.533,-0.189,0.277,5
-0.492,-0.179,0.275,5
-0.456,-0.187,0.226,5
-0.354,-0.168,0.203,5
-0.284,-0.169,0.174,5
-0.226,-0.195,0.092,5
-0.143,-0.27,0.079,5
-0.111,-0.299,0.097,5
-0.083,-0.278,0.057,5
-0.057,-0.323,0.047,5
-0.043,-0.377,0.098,5
-0.03,-0.481,0.174,5
-0.018,-0.563,0.157,5
-0.016,-0.657,0.249,4
-0.04,-0.716,0.254,5
-0.054,-0.761,0.259,5
-0.083,-0.78,0.332,5
-0.117,-0.753,0.389,5
-0.132,-0.768,0.471,5
-0.17,-0.756,0.523,5
-0.243,-0.663,0.518,5
-0.245,-0.601,0.475,5
-0.276,-0.515,0.401,5
-0.352,-0.416,0.24,5
-0.369,-0.284,0.173,5
-0.362,-0.182,0.104,5
-0.412,-0.039,0.029,5
-0.414,0.106,0.0,5
-0.381,0.251,-0.029,5
-0.382,0.402,-0.022,5
-0.305,0.491,-0.032,5
-0.231,0.55,-0.038,4
-0.117,0.555,-0.017,5
-0.037,0.521,0.062,5
0.07,0.516,0.055,5
0.149,0.469,0.097,5
0.233,0.444,0.1,5
0.304,0.36,0.103,5
0.356,0.281,0.041,5
0.381,0.188,0.089,5
0.454,0.148,0.084,5
0.469,0.09,-0.031,5
0.552,0.12,-0.002,5
0.596,0.112,0.062,5
0.596,0.183,0.245,5
0.567,0.216,0.311,5
0.57,0.306,0.396,5
0.569,0.427,0.413,5
0.534,0.479,0.419,5
0.524,0.521,0.532,4
0.394,0.603,0.552,5
0.268,0.62,0.488,5
0.151,0.648,0.435,5
-0.019,0.704,0.383,5
-0.116,0.754,0.405,5
-0.177,0.834,0.537,5
-0.181,0.897,0.608,5
-0.262,0.993,0.672,5
-0.378,1.04,0.669,5
-0.457,1.1,0.671,5
-0.661,1.14,0.643,5
-0.871,1.113,0.717,5
-1.016,1.109,0.722,5
-1.147,1.015,0.685,5
-1.45,0.957,0.276,5
-1.517,1.133,-0.876,5
-1.244,1.485,-2.184,5
-0.564,1.853,-3.267,5
0.31,2.189,-4.044,4
1.137,2.591,-4.829,5
1.941,3.021,-5.294,5
2.536,3.409,-5.411,5
2.614,3.766,-5.439,5
2.456,3.881,-5.046,5
2.232,3.686,-4.382,5
1.918,3.197,-3.805,5
1.343,2.464,-3.041,5
0.48,1.618,-2.237,5
-0.326,0.693,-1.725,5
-0.926,-0.297,-1.337,5
-1.256,-1.194,-0.957,5
-1.51,-1.975,-0.594,5
-1.604,-2.579,-0.431,5
-1.638,-2.976,-0.25,5
-1.681,-3.17,-0.087,5
-1.685,-3.18,-0.048,5
-1.572,-3.022,0.007,5
-1.424,-2.732,-0.049,4
-1.264,-2.334,-0.151,5
-1.069,-1.864,-0.218,5
-0.889,-1.397,-0.214,5
-0.782,-0.969,-0.123,5
-0.704,-0.652,-0.007,5
-0.638,-0.38,0.178,5
-0.639,-0.208,0.401,5
-0.614,-0.127,0.654,5
-0.625,-0.192,0.869,5
-0.533,-0.302,0.98,5
-0.385,-0.431,1.11,5
-0.26,-0.634,1.111,5
-0.126,-0.837,1.121,5
0.105,-1.068,1.181,5
0.306,-1.263,1.3,5
0.517,-1.412,1.377,5
0.784,-1.521,1.416,5
0.99,-1.632,1.408,4
1.158,-1.71,1.319,5
1.314,-1.711,1.208,5
1.441,-1.687,1.01,5
1.495,-1.565,0.745,5
1.531,-1.439,0.52,5
1.429,-1.299,0.351,5
1.381,-1.087,0.213,5
1.269,-0.905,0.118,5
1.138,-0.754,0.059,5
0.959,-0.627,0.027,5
0.725,-0.517,0.003,5
0.45,-0.422,-0.001,5
0.271,-0.328,0.084,5
0.046,-0.304,0.171,5
-0.156,-0.274,0.3,5
-0.356,-0.237,0.356,5
-0.488,-0.192,0.441,5
-0.594,-0.19,0.513,4
-0.725,-0.193,0.565,5
-0.829,-0.195,0.586,5
-0.875,-0.292,0.584,5
-0.874,-0.297,0.474,5
-0.868,-0.302,0.366,5
-0.893,-0.297,0.286,5
-0.916,-0.216,0.27,5
-0.936,-0.194,0.248,5
-0.95,-0.067,0.197,5
-0.954,0.038,0.164,5
-0.949,0.12,0.113,5
-0.915,0.285,0.063,5
-0.849,0.437,0.014,5
-0.79,0.544,0.008,5
-0.707,0.645,0.0,5
-0.632,0.723,0.042,5
-0.487,0.711,0.037,5
-0.309,0.687,0.0,5
-0.144,0.648,-0.03,4
0.012,0.592,0.015,5
0.178,0.52,-0.024,5
0.329,0.425,0.029,5
0.477,0.3,0.009,5
0.576,0.21,-0.004,5
0.669,0.098,0.017,5
0.705,0.015,0.015,5
0.717,-0.067,0.027,5
0.666,-0.164,0.114,5
0.613,-0.281,0.137,5
0.538,-0.322,0.21,5
0.45,-0.346,0.305,5
0.34,-0.337,0.339,5
0.272,-0.29,0.391,5
0.189,-0.248,0.451,5
0.165,-0.21,0.458,5
0.123,-0.168,0.511,5
0.128,-0.121,0.516,4
0.093,-0.057,0.551,5
0.041,0.025,0.47,5
0.05,0.023,0.461,5
0.045,0.003,0.351,5
0.075,-0.013,0.328,5
0.084,-0.051,0.347,5
0.115,-0.08,0.312,5
0.103,-0.137,0.354,5
0.162,-0.149,0.358,5
0.206,-0.151,0.343,5
0.211,-0.153,0.365,5
0.272,-0.125,0.307,5
0.275,-0.117,0.319,5
0.264,-0.114,0.3,5
0.247,-0.089,0.27,5
0.235,-0.033,0.278,5
0.164,-0.004,0.254,5
0.13,0.035,0.28,4
0.078,0.022,0.291,5
0.036,0.046,0.314,5
0.019,0.046,0.338,5
-0.055,0.054,0.373,5
-0.101,0.049,0.422,5
-0.095,0.005,0.457,5
-0.107,-0.025,0.472,5
-0.096,-0.044,0.464,5
-0.108,-0.061,0.482,5
-0.093,-0.128,0.494,5
-0.127,-0.089,0.526,5
-0.153,-0.024,0.487,5
-0.172,-0.052,0.468,5
-0.155,-0.025,0.404,5
-0.126,0.041,0.389,5
-0.122,0.08,0.449,5
-0.106,0.089,0.465,5
-0.056,0.119,0.448,4
-0.051,0.163,0.46,5
-0.015,0.155,0.435,5
0.028,0.153,0.478,5
0.073,0.155,0.443,5
0.104,0.105,0.489,5
0.163,0.034,0.47,5
0.155,0.022,0.466,5
0.187,0.015,0.428,5
0.155,-0.02,0.355,5
0.183,0.011,0.285,5
0.22,0.027,0.205,5
0.185,0.05,0.059,5
0.171,0.157,0.019,5
0.219,0.224,-0.068,5
0.214,0.261,-0.083,5
0.236,0.334,-0.066,5
0.272,0.387,-0.033,5
0.267,0.391,-0.052,5
0.266,0.404,0.013,4
0.243,0.402,0.171,5
0.189,0.366,0.201,5
0.153,0.334,0.276,5
0.034,0.309,0.352,5
0.099,0.162,0.329,5
0.051,0.137,0.408,5
-0.018,0.119,0.316,5
0.004,0.068,0.388,5
-0.008,0.01,0.413,5
0.009,0.009,0.454,5
0.038,0.003,0.456,5
0.116,-0.005,0.479,5
0.191,0.025,0.431,5
0.219,0.031,0.371,5
0.223,0.045,0.334,5
0.235,0.088,0.365,5
0.255,0.079,0.315,5
0.341,0.045,0.327,4
0.367,0.028,0.389,5
0.361,-0.026,0.445,5
0.437,-0.139,0.551,5
0.47,-0.268,0.655,5
0.492,-0.366,0.857,5
0.271,-0.515,0.819,5
-0.117,-0.493,0.474,5
-0.679,-0.155,-0.314,5
-1.443,0.437,-1.373,5
-2.126,1.173,-2.576,5
-2.844,1.918,-3.671,5
-3.952,2.566,-4.567,5
-5.142,3.284,-5.485,5
-6.106,4.27,-5.828,5
-6.172,5.105,-5.176,5
-5.193,5.676,-3.646,5
-3.243,5.79,-1.751,5
-0.574,5.314,-0.693,4
2.025,4.472,-0.473,5
3.904,3.473,-0.287,5
5.031,2.126,-0.453,5
5.45,0.672,-0.791,5
5.461,-0.713,-1.026,5
5.371,-2.059,-1.036,5
5.235,-3.228,-0.811,5
4.595,-3.914,-0.338,5
3.7,-4.238,0.031,5
2.598,-4.309,0.286,5
1.515,-4.111,0.456,5
0.393,-3.64,0.475,5
-0.666,-3.034,0.367,5
-1.423,-2.317,0.218,5
-1.892,-1.577,0.033,5
-1.992,-0.872,-0.211,5
-2.004,-0.229,-0.492,5
-1.821,0.431,-0.684,5
-1.561,0.996,-0.882,4
-1.159,1.409,-0.893,5
-0.802,1.725,-0.92,5
-0.485,1.888,-0.871,5
-0.242,1.898,-0.801,5
-0.158,1.798,-0.764,5
-0.142,1.593,-0.722,5
-0.084,1.278,-0.633,5
-0.033,0.84,-0.371,5
0.056,0.385,-0.144,5
0.119,-0.057,0.029,5
0.176,-0.487,0.241,5
0.184,-0.847,0.376,5
0.136,-1.142,0.546,5
0.044,-1.329,0.659,5
-0.054,-1.498,0.77,5
-0.135,-1.572,0.796,5
-0.212,-1.557,0.768,5
-0.259,-1.535,0.696,5
-0.324,-1.446,0.63,4
-0.352,-1.323,0.572,5
-0.291,-1.217,0.51,5
-0.236,-1.134,0.39,5
-0.229,-1.003,0.261,5
-0.068,-0.95,0.187,5
0.106,-0.907,0.194,5
0.259,-0.829,0.201,5
0.397,-0.763,0.215,5
0.495,-0.695,0.254,5
0.596,-0.634,0.31,5
0.7,-0.597,0.348,5
0.729,-0.572,0.386,5
0.777,-0.484,0.391,5
0.777,-0.375,0.378,5
0.708,-0.308,0.383,5
0.633,-0.298,0.301,5
0.479,-0.247,0.241,5
0.327,-0.149,0.204,4
0.148,-0.074,0.136,5
-0.042,-0.019,0.084,5
-0.185,0.012,0.088,5
-0.222,0.028,0.071,5
-0.308,0.077,0.068,5
-0.29,0.121,0.022,5
-0.291,0.186,0.007,5
-0.245,0.219,-0.001,5
-0.177,0.258,0.002,5
-0.112,0.284,-0.066,5
-0.04,0.29,-0.068,5
0.062,0.235,-0.031,5
0.159,0.198,0.006,5
0.255,0.097,0.035,5
0.281,0.057,0.113,5
0.305,-0.06,0.188,5
0.274,-0.196,0.312,5
0.243,-0.332,0.466,4
0.24,-0.475,0.574,5
0.164,-0.591,0.642,5
0.092,-0.705,0.681,5
0.022,-0.755,0.733,5
-0.104,-0.783,0.725,5
-0.236,-0.76,0.661,5
-0.337,-0.727,0.664,5
-0.394,-0.633,0.632,5
-0.436,-0.548,0.508,5
-0.449,-0.424,0.401,5
-0.421,-0.334,0.344,5
-0.327,-0.18,0.232,5
-0.234,-0.132,0.166,5
-0.137,-0.063,0.071,5
-0.024,0.05,0.043,5
0.042,0.075,0.038,5
0.081,0.145,0.03,5
0.107,0.191,0.057,5
0.139,0.172,0.095,4
0.151,0.176,0.12,5
0.149,0.193,0.189,5
0.181,0.213,0.248,5
0.193,0.191,0.266,5
0.183,0.176,0.326,5
0.147,0.141,0.371,5
0.158,0.132,0.346,5
0.207,0.123,0.346,5
0.208,0.128,0.398,5
0.217,0.119,0.362,5
0.217,0.137,0.343,5
0.161,0.141,0.348,5
0.106,0.161,0.291,5
0.074,0.201,0.262,5
0.062,0.151,0.296,5
0.077,0.157,0.271,5
0.091,0.171,0.226,5
0.099,0.116,0.225,4
0.089,0.108,0.233,5
0.093,0.08,0.222,5
0.092,0.042,0.179,5
0.122,0.038,0.199,5
0.135,0.038,0.283,5
0.096,0.026,0.341,5
0.082,0.045,0.35,5
0.039,0.079,0.366,5
0.009,0.157,0.386,5
-0.008,0.124,0.369,5
-0.007,0.133,0.345,5
0.019,0.128,0.327,5
0.017,0.133,0.351,5
-0.01,0.102,0.333,5
-0.035,0.062,0.325,5
-0.07,0.017,0.275,5
-0.11,-0.066,0.248,5
-0.155,-0.098,0.206,4
-0.118,-0.136,0.207,5
-0.132,-0.161,0.173,5
-0.123,-0.218,0.16,5
-0.102,-0.174,0.148,5
-0.053,-0.157,0.185,5
-0.026,-0.133,0.175,5
0.023,-0.068,0.209,5
0.038,-0.048,0.305,5
0.034,-0.06,0.322,5
0.026,-0.063,0.445,5
0.08,-0.078,0.503,5
0.076,-0.066,0.513,5
0.09,-0.046,0.522,5
0.081,-0.111,0.466,5
0.068,-0.112,0.38,5
0.044,-0.105,0.303,5
-0.041,-0.082,0.17,5
-0.136,-0.039,0.097,5
-0.196,0.028,0.018,4
-0.219,0.077,0.029,5
-0.223,0.095,0.048,5
-0.196,0.163,0.103,5
-0.159,0.199,0.058,5
-0.139,0.226,0.1,5
-0.099,0.203,0.129,5
-0.12,0.162,0.142,5
-0.12,0.15,0.252,5
-0.151,0.1,0.3,5
-0.175,0.034,0.464,5
-0.145,-0.033,0.53,5
-0.156,-0.129,0.645,5
-0.153,-0.228,0.671,5
-0.159,-0.326,0.664,5
-0.152,-0.349,0.606,5
-0.111,-0.37,0.558,5
-0.065,-0.381,0.507,4
0.005,-0.377,0.409,5
0.065,-0.382,0.312,5
0.114,-0.361,0.173,5
0.167,-0.299,0.0,5
0.181,-0.269,-0.068,5
0.27,-0.229,-0.052,5
0.295,-0.232,0.004,5
0.283,-0.213,0.107,5
0.28,-0.209,0.074,5
0.205,-0.214,0.101,5
0.102,-0.236,0.121,5
-0.101,-0.238,0.247,5
-0.328,-0.261,0.524,5
-0.61,-0.261,0.726,5
-0.906,-0.291,0.817,5
-1.272,-0.318,0.671,5
-1.58,-0.221,-0.003,5
-1.849,0.231,-0.96,5
-1.81,0.906,-2.139,4
-1.28,1.673,-3.692,5
-0.04,2.531,-5.288,5
1.575,3.407,-6.285,5
3.033,4.333,-6.139,5
4.225,5.076,-5.275,5
5.083,5.672,-4.161,5
4.953,5.868,-2.857,5
4.083,6.38,-2.507,5
3.658,6.367,-2.515,5
2.809,5.437,-2.022,5
0.942,4.38,-1.609,5
-1.276,3.21,-1.073,5
-3.199,1.889,-0.319,5
-4.435,0.502,0.083,5
-4.974,-0.827,0.234,5
-5.183,-1.951,0.305,5
-5.143,-2.739,0.516,5
-4.668,-3.241,0.658,4
-4.007,-3.64,0.808,5
-3.387,-3.712,1.046,5
-2.94,-3.409,0.976,5
-2.405,-3.051,0.74,5
-1.539,-2.634,0.296,5
-0.618,-2.155,-0.099,5
0.132,-1.577,-0.275,5
0.808,-1.066,-0.325,5
1.495,-0.619,-0.327,5
2.043,-0.29,-0.354,5
2.451,-0.067,-0.319,5
2.602,0.133,-0.364,5
2.622,0.3,-0.457,5
2.459,0.309,-0.407,5
2.161,0.239,-0.229,5
1.781,0.151,-0.025,5
1.392,-0.014,0.115,5
1.016,-0.224,0.237,4
0.539,-0.383,0.364,5
0.089,-0.59,0.44,5
-0.35,-0.854,0.486,5
-0.712,-1.092,0.498,5
-1.058,-1.37,0.586,5
-1.31,-1.569,0.613,5
-1.433,-1.762,0.673,5
-1.497,-1.926,0.726,5
-1.481,-1.992,0.744,5
-1.453,-2.025,0.799,5
-1.424,-1.978,0.844,5
-1.355,-1.914,0.794,5
-1.215,-1.795,0.714,5
-1.059,-1.62,0.613,5
-0.858,-1.402,0.47,5
-0.579,-1.171,0.332,5
-0.301,-0.925,0.282,5
-0.06,-0.681,0.215,5
0.239,-0.393,0.09,4
0.477,-0.152,0.025,5
0.675,0.061,-0.046,5
0.879,0.3,-0.067,5
0.89,0.425,-0.073,5
0.922,0.452,-0.079,5
0.89,0.493,-0.049,5
0.866,0.482,0.015,5
0.749,0.421,0.031,5
0.644,0.375,0.079,5
0.48,0.294,0.14,5
0.385,0.213,0.191,5
0.251,0.131,0.189,5
0.062,0.062,0.144,5
-0.124,-0.008,0.147,5
-0.215,-0.072,0.136,5
-0.331,-0.082,0.106,5
-0.457,-0.104,0.112,5
-0.528,-0.149,0.196,5
-0.531,-0.113,0.167,4
-0.5,-0.149,0.155,5
-0.398,-0.138,0.251,5
-0.28,-0.081,0.312,5
-0.218,-0.021,0.29,5
-0.062,0.032,0.213,5
0.098,0.089,0.248,5
0.196,0.114,0.232,5
0.34,0.18,0.213,5
0.44,0.214,0.192,5
0.49,0.218,0.185,5
0.549,0.218,0.18,5
0.567,0.166,0.144,5
0.571,0.124,0.16,5
0.574,0.051,0.265,5
0.581,0.015,0.286,5
0.549,-0.024,0.244,5
0.438,-0.056,0.245,5
0.381,-0.128,0.199,4
0.278,-0.167,0.197,5
0.19,-0.275,0.168,5
0.081,-0.316,0.199,5
-0.039,-0.341,0.231,5
-0.173,-0.38,0.285,5
-0.31,-0.359,0.381,5
-0.417,-0.323,0.412,5
-0.496,-0.295,0.5,5
-0.502,-0.235,0.528,5
-0.504,-0.182,0.514,5
-0.492,-0.176,0.527,5
-0.508,-0.111,0.517,5
-0.448,-0.044,0.371,5
-0.408,0.024,0.282,5
-0.384,0.112,0.232,5
-0.376,0.213,0.157,5
-0.321,0.299,0.133,5
-0.228,0.36,0.098,4
-0.227,0.358,0.11,5
-0.161,0.43,0.168,5
-0.046,0.426,0.189,5
0.009,0.375,0.222,5
0.073,0.29,0.226,5
0.156,0.218,0.263,5
0.21,0.131,0.241,5
0.232,0.015,0.282,5
0.264,-0.046,0.335,5
0.311,-0.119,0.354,5
0.271,-0.159,0.396,5
0.274,-0.147,0.373,5
0.303,-0.163,0.405,5
0.337,-0.194,0.308,5
0.355,-0.192,0.286,5
0.324,-0.177,0.283,5
0.283,-0.224,0.233,5
0.285,-0.244,0.188,4
0.222,-0.228,0.2,5
0.199,-0.24,0.249,5
0.167,-0.268,0.241,5
0.081,-0.206,0.29,5
0.055,-0.186,0.343,5
0.041,-0.18,0.339,5
-0.039,-0.097,0.369,5
-0.057,-0.027,0.358,5
-0.064,0.022,0.297,5
-0.092,0.089,0.258,5
-0.126,0.119,0.172,5
-0.131,0.145,0.185,5
-0.135,0.17,0.136,5
-0.156,0.178,0.054,5
-0.101,0.195,0.035,5
-0.061,0.232,0.023,5
-0.025,0.26,0.029,5
0.085,0.299,0.087,5
0.119,0.32,0.117,4
0.176,0.327,0.122,5
0.215,0.294,0.175,5
0.232,0.261,0.136,5
0.29,0.213,0.161,5
0.317,0.157,0.149,5
0.29,0.077,0.177,5
0.308,0.034,0.228,5
0.299,0.001,0.162,5
0.308,-0.041,0.163,5
0.29,-0.046,0.212,5
0.278,0.005,0.242,5
0.237,0.048,0.226,5
0.222,0.112,0.255,5
0.213,0.161,0.234,5
0.153,0.253,0.168,5
0.124,0.331,0.146,5
0.095,0.397,0.145,5
0.064,0.422,0.173,5
0.1,0.444,0.208,4
0.008,0.382,0.234,5
0.003,0.305,0.336,5
0.02,0.223,0.431,5
0.048,0.106,0.539,5
0.026,-0.024,0.757,5
-0.001,-0.091,0.84,5
-0.04,-0.177,0.881,5
-0.019,-0.297,0.961,5
-0.051,-0.353,0.973,5
-0.025,-0.421,0.923,5
-0.026,-0.53,0.865,5
0.027,-0.58,0.718,5
0.072,-0.639,0.603,5
0.086,-0.618,0.478,5
0.112,-0.621,0.335,5
0.092,-0.567,0.211,5
0.1,-0.51,0.121,5
0.06,-0.485,0.027,4
0.105,-0.419,-0.056,5
0.065,-0.364,-0.159,5
0.002,-0.405,-0.181,5
0.01,-0.374,-0.193,5
-0.015,-0.384,-0.226,5
-0.044,-0.367,-0.186,5
0.011,-0.364,-0.232,5
0.044,-0.358,-0.2,5
0.139,-0.357,-0.068,5
0.241,-0.334,0.024,5
0.407,-0.339,0.138,5
0.56,-0.366,0.241,5
0.586,-0.243,0.083,5
0.605,-0.124,-0.299,5
0.346,0.12,-0.791,5
-0.153,0.725,-1.513,5
-0.931,1.497,-2.53,5
-2.173,2.623,-3.729,4
-3.676,3.662,-4.757,5
-5.286,4.778,-6.242,5
-6.718,6.067,-7.497,5
-6.947,7.025,-6.893,5
-6.205,7.671,-4.558,5
-4.261,7.843,-1.99,5
-1.331,6.938,-0.201,5
1.473,5.417,0.607,5
3.403,3.488,1.218,5
4.734,1.333,1.299,5
5.373,-0.592,0.424,5
5.732,-2.308,-0.45,5
6.158,-3.883,-0.969,5
6.508,-5.068,-1.075,5
6.331,-5.811,-0.838,5
5.534,-6.04,-0.155,5
4.046,-5.725,0.54,5
2.081,-5.04,0.913,5
0.265,-4.269,0.869,4
-1.208,-3.411,0.571,5
-2.372,-2.38,0.225,5
-3.246,-1.276,-0.189,5
-3.654,-0.226,-0.385,5
-3.957,0.761,-0.558,5
-4.078,1.642,-1.088,5
-3.955,2.391,-1.768,5
-3.305,2.854,-1.923,5
-2.449,3.159,-1.825,5
-1.536,3.235,-1.647,5
-0.645,3.045,-1.357,5
0.108,2.637,-0.98,5
0.653,2.033,-0.637,5
1.079,1.33,-0.375,5
1.449,0.55,-0.169,5
1.55,-0.15,0.097,5
1.541,-0.691,0.359,5
1.435,-1.087,0.637,4
1.39,-1.44,0.767,5
1.419,-1.739,0.704,5
1.506,-1.897,0.62,5
1.584,-1.97,0.588,5
1.623,-1.916,0.534,5
1.651,-1.866,0.498,5
1.563,-1.714,0.452,5
1.342,-1.439,0.454,5
1.035,-1.166,0.452,5
0.617,-0.898,0.428,5
0.228,-0.64,0.381,5
-0.169,-0.413,0.308,5
-0.557,-0.242,0.252,5
-0.803,-0.179,0.218,5
-0.96,-0.161,0.325,5
-1.088,-0.179,0.444,5
-1.194,-0.23,0.485,5
-1.217,-0.302,0.527,4
-1.169,-0.41,0.595,5
-1.013,-0.558,0.596,5
-0.864,-0.696,0.575,5
-0.704,-0.752,0.612,5
-0.505,-0.844,0.59,5
-0.308,-0.924,0.514,5
-0.087,-0.978,0.462,5
0.071,-0.971,0.412,5
0.176,-0.938,0.366,5
0.322,-0.948,0.347,5
0.359,-0.883,0.308,5
0.401,-0.812,0.204,5
0.438,-0.765,0.183,5
0.472,-0.693,0.135,5
0.45,-0.632,0.095,5
0.44,-0.543,0.047,5
0.409,-0.489,0.09,5
0.381,-0.401,0.128,5
0.399,-0.348,0.201,4
0.406,-0.274,0.254,5
0.409,-0.199,0.259,5
0.415,-0.123,0.224,5
0.369,-0.059,0.189,5
0.345,-0.002,0.166,5
0.237,0.075,0.162,5
0.192,0.137,0.081,5
0.112,0.157,0.09,5
0.032,0.172,0.15,5
-0.074,0.228,0.195,5
-0.131,0.209,0.202,5
-0.212,0.175,0.225,5
-0.295,0.153,0.228,5
-0.291,0.099,0.222,5
-0.292,0.081,0.187,5
-0.319,0.055,0.216,5
-0.308,0.058,0.229,5
-0.243,0.052,0.232,5
-0.232,0.06,0.226,4
-0.204,0.063,0.177,5
-0.197,0.112,0.164,5
-0.147,0.148,0.139,5
-0.097,0.138,0.133,5
-0.062,0.193,0.116,5
-0.073,0.195,0.156,5
-0.035,0.189,0.213,5
0.002,0.165,0.248,5
0.079,0.14,0.249,5
0.067,0.135,0.384,5
0.12,0.177,0.375,5
0.16,0.194,0.467,5
0.148,0.222,0.519,5
0.151,0.294,0.554,5
0.118,0.351,0.541,5
0.089,0.458,0.504,5
0.059,0.49,0.518,5
0.031,0.527,0.411,4
-0.053,0.552,0.3,5
-0.095,0.527,0.283,5
-0.12,0.504,0.208,5
-0.181,0.458,0.105,5
-0.184,0.386,0.094,5
-0.17,0.335,0.046,5
-0.132,0.258,0.063,5
-0.093,0.181,0.074,5
-0.049,0.102,0.092,5
-0.001,0.049,0.182,5
0.016,-0.024,0.216,5
0.074,-0.086,0.267,5
0.131,-0.103,0.34,5
0.213,-0.153,0.392,5
0.261,-0.181,0.378,5
0.23,-0.219,0.427,5
0.242,-0.257,0.444,5
0.226,-0.266,0.443,4
0.221,-0.3,0.412,5
0.173,-0.339,0.388,5
0.112,-0.352,0.332,5
0.114,-0.369,0.268,5
0.115,-0.362,0.194,5
0.147,-0.386,0.153,5
0.214,-0.382,0.03,5
0.279,-0.326,0.014,5
0.251,-0.302,0.06,5
0.221,-0.225,0.075,5
0.229,-0.211,0.051,5
0.193,-0.198,0.076,5
0.174,-0.252,0.077,5
0.092,-0.222,0.069,5
0.009,-0.17,0.101,5
-0.068,-0.11,0.116,5
-0.122,-0.064,0.156,5
-0.131,-0.058,0.201,5
-0.135,-0.056,0.181,4
-0.083,-0.059,0.21,5
-0.018,-0.053,0.34,5
0.008,0.007,0.474,5
0.029,-0.001,0.547,5
0.086,0.063,0.622,5
0.125,0.104,0.65,5
0.156,0.136,0.645,5
0.14,0.205,0.632,5
0.139,0.318,0.53,5
0.151,0.385,0.438,5
0.149,0.463,0.395,5
0.099,0.537,0.321,5
0.076,0.621,0.211,5
0.038,0.667,0.185,5
-0.012,0.734,0.15,5
-0.006,0.669,0.165,5
-0.066,0.641,0.183,4
-0.094,0.581,0.225,5
-0.123,0.454,0.357,5
-0.188,0.374,0.447,5
-0.225,0.19,0.428,5
-0.315,0.011,0.493,5
-0.426,-0.114,0.478,5
-0.508,-0.206,0.456,5
-0.539,-0.306,0.509,5
-0.545,-0.404,0.57,5
-0.521,-0.441,0.63,5
-0.473,-0.509,0.623,5
-0.465,-0.523,0.625,5
-0.392,-0.514,0.597,5
-0.31,-0.497,0.455,5
-0.287,-0.503,0.302,5
-0.246,-0.414,0.168,5
-0.182,-0.321,0.014,5
-0.134,-0.241,-0.09,5
-0.043,-0.157,-0.142,4
0.025,-0.111,-0.196,5
0.113,-0.057,-0.263,5
0.192,0.0,-0.228,5
0.16,0.03,-0.127,5
0.118,0.04,-0.093,5
0.072,0.023,-0.084,5
0.047,0.025,-0.002,5
-0.06,0.009,0.049,5
-0.123,-0.055,0.04,5
-0.123,-0.088,0.161,5
-0.232,-0.131,0.261,5
-0.355,-0.2,0.274,5
-0.367,-0.404,0.285,5
-0.455,-0.575,0.347,5
-0.582,-0.759,0.334,5
-0.657,-0.877,0.154,5
-0.85,-0.879,-0.442,5
-1.054,-0.61,-1.493,5
-1.026,-0.036,-2.649,4
-0.497,0.608,-3.69,5
0.772,1.185,-4.838,5
2.194,1.804,-5.578,5
3.358,2.528,-5.451,5
4.13,3.323,-4.165,5
4.406,4.15,-2.559,5
4.151,4.92,-1.312,5
3.408,5.527,-0.754,5
2.378,5.607,-0.73,5
1.119,5.206,-1.174,5
-0.238,4.453,-1.57,5
-1.593,3.52,-1.74,5
-2.808,2.479,-1.544,5
-3.726,1.459,-1.131,5
-4.254,0.49,-0.824,5
-4.41,-0.476,-0.608,5
-4.176,-1.337,-0.353,5
-3.633,-2.07,-0.137,4
-2.955,-2.578,-0.016,5
-2.255,-2.812,-0.044,5
-1.555,-2.806,-0.143,5
-0.887,-2.612,-0.267,5
-0.246,-2.247,-0.386,5
0.295,-1.88,-0.374,5
0.726,-1.446,-0.272,5
1.024,-1.073,-0.218,5
1.197,-0.707,-0.162,5
1.332,-0.473,-0.129,5
1.384,-0.357,-0.137,5
1.375,-0.286,-0.119,5
1.19,-0.284,-0.124,5
0.847,-0.272,-0.146,5
0.335,-0.258,-0.093,5
-0.245,-0.211,0.032,5
-0.75,-0.185,0.184,5
-1.128,-0.145,0.277,4
-1.446,-0.092,0.4,5
-1.56,-0.048,0.464,5
-1.524,-0.035,0.482,5
-1.424,-0.04,0.425,5
-1.225,-0.113,0.439,5
-0.93,-0.231,0.455,5
-0.54,-0.359,0.457,5
-0.175,-0.517,0.471,5
0.19,-0.642,0.433,5
0.628,-0.737,0.424,5
1.0,-0.814,0.351,5
1.28,-0.883,0.364,5
1.393,-0.894,0.349,5
1.495,-0.895,0.335,5
1.44,-0.866,0.345,5
1.352,-0.827,0.358,5
1.208,-0.791,0.356,5
1.023,-0.725,0.338,5
0.808,-0.631,0.339,4
0.551,-0.589,0.387,5
0.323,-0.535,0.434,5
0.17,-0.524,0.391,5
0.011,-0.567,0.489,5
-0.149,-0.609,0.483,5
-0.298,-0.652,0.465,5
-0.41,-0.763,0.462,5
-0.528,-0.807,0.411,5
-0.592,-0.843,0.409,5
-0.636,-0.888,0.389,5
-0.706,-0.881,0.355,5
-0.721,-0.9,0.324,5
-0.623,-0.845,0.36,5
-0.557,-0.791,0.333,5
-0.475,-0.733,0.278,5
-0.38,-0.668,0.237,5
-0.286,-0.58,0.287,4
-0.206,-0.526,0.335,5
-0.164,-0.383,0.323,5
-0.091,-0.228,0.274,5
-0.026,-0.115,0.22,5
0.032,-0.052,0.254,5
0.136,-0.008,0.225,5
0.23,0.053,0.142,5
0.237,0.09,0.093,5
0.214,0.107,0.131,5
0.222,0.139,0.161,5
0.2,0.16,0.197,5
0.171,0.114,0.22,5
0.094,0.15,0.237,5
0.097,0.122,0.303,5
0.083,0.105,0.269,5
0.032,0.164,0.263,5
-0.005,0.182,0.215,5
-0.043,0.237,0.194,5
-0.103,0.278,0.183,4
-0.11,0.293,0.113,5
-0.112,0.259,0.063,5
-0.097,0.255,0.091,5
0.003,0.255,0.116,5
0.093,0.217,0.066,5
0.2,0.165,0.137,5
0.227,0.144,0.175,5
0.351,0.104,0.174,5
0.376,0.05,0.153,5
0.373,0.054,0.18,5
0.353,0.057,0.158,5
0.326,0.043,0.103,5
0.324,0.017,0.102,5
0.313,-0.006,0.066,5
0.247,-0.005,0.081,5
0.166,-0.039,0.042,5
0.094,-0.022,0.055,5
0.011,-0.015,0.11,5
-0.041,-0.031,0.138,4
-0.045,-0.054,0.158,5
-0.037,-0.079,0.237,5
-0.141,-0.045,0.278,5
-0.208,-0.001,0.41,5
-0.231,0.011,0.425,5
-0.272,0.04,0.408,5
-0.322,0.057,0.466,5
-0.376,0.082,0.497,5
-0.36,0.099,0.534,5
-0.354,0.094,0.553,5
-0.332,0.119,0.567,5
-0.311,0.102,0.54,5
-0.241,0.118,0.495,5
-0.204,0.115,0.45,5
-0.124,0.086,0.405,5
-0.038,0.069,0.425,5
0.055,0.027,0.425,4
0.119,-0.043,0.43,5
0.228,-0.056,0.452,5
0.291,-0.072,0.428,5
0.331,-0.099,0.346,5
0.302,-0.124,0.316,5
0.285,-0.137,0.271,5
0.273,-0.098,0.18,5
0.224,-0.101,0.11,5
0.129,-0.039,0.099,5
0.047,-0.022,0.119,5
0.046,0.018,0.142,5
-0.009,0.085,0.188,5
-0.025,0.055,0.298,5
0.006,0.097,0.367,5
-0.006,0.126,0.378,5
0.002,0.148,0.465,5
0.023,0.18,0.44,5
0.06,0.179,0.409,5
0.045,0.153,0.351,4
0.062,0.172,0.316,5
0.116,0.142,0.405,5
0.113,0.115,0.481,5
0.063,0.12,0.579,5
0.134,0.039,0.698,5
0.138,-0.028,0.705,5
0.12,-0.094,0.652,5
0.134,-0.158,0.626,5
0.176,-0.241,0.563,5
0.184,-0.316,0.429,5
0.192,-0.354,0.283,5
0.276,-0.366,0.155,5
0.347,-0.342,0.071,5
0.321,-0.226,-0.035,5
0.298,-0.108,-0.178,5
0.298,-0.003,-0.16,5
0.281,0.091,-0.144,5
0.318,0.199,-0.086,4
0.247,0.252,-0.021,5
0.196,0.322,-0.041,5
0.147,0.315,0.044,5
0.115,0.301,0.087,5
0.03,0.241,0.229,5
0.014,0.225,0.353,5
-0.004,0.142,0.421,5
-0.055,0.046,0.495,5
-0.097,-0.039,0.463,5
-0.091,-0.156,0.46,5
-0.16,-0.197,0.405,5
-0.221,-0.302,0.403,5
-0.277,-0.379,0.363,5
-0.271,-0.453,0.305,5
-0.269,-0.486,0.309,5
-0.225,-0.527,0.308,5
-0.263,-0.513,0.299,5
-0.336,-0.509,0.239,5
-0.233,-0.514,0.193,4
-0.171,-0.502,0.174,5
-0.197,-0.469,0.113,5
-0.16,-0.392,0.072,5
-0.062,-0.352,0.151,5
0.042,-0.321,0.14,5
0.172,-0.276,0.152,5
0.301,-0.236,0.193,5
0.404,-0.178,0.246,5
0.424,-0.117,0.274,5
0.481,-0.049,0.311,5
0.678,-0.031,0.448,5
0.908,-0.08,0.502,5
1.205,-0.214,0.378,5
1.619,-0.429,0.272,5
2.047,-0.861,0.175,5
2.334,-1.365,-0.164,5
2.333,-1.797,-0.786,4
1.755,-1.867,-1.5,5
0.399,-1.319,-3.143,5
-1.911,0.131,-5.492,5
-4.397,1.949,-6.977,5
-6.637,3.797,-7.08,5
-8.107,5.542,-6.976,5
-8.787,7.341,-7.183,5
-8.654,9.201,-6.478,5
-7.189,10.63,-4.701,5
-3.368,10.454,-1.804,5
0.006,9.366,1.06,5
2.807,7.653,2.273,5
4.737,5.113,1.869,5
5.841,2.365,0.475,5
6.261,0.029,-0.968,5
6.548,-1.977,-2.22,5
6.178,-3.21,-2.071,5
5.323,-3.832,-1.205,5
4.355,-4.027,-0.291,4
3.183,-3.788,0.5,5
1.74,-3.237,1.057,5
0.264,-2.568,1.258,5
-0.908,-1.902,1.192,5
-1.774,-1.401,1.043,5
-2.268,-1.063,0.744,5
-2.52,-0.728,0.377,5
-2.656,-0.392,0.003,5
-2.563,-0.189,-0.134,5
-2.28,-0.106,-0.168,5
-1.906,-0.117,-0.1,5
-1.521,-0.213,0.026,5
-1.115,-0.316,0.062,5
-0.676,-0.461,0.129,5
-0.194,-0.6,0.159,5
0.324,-0.756,0.178,5
0.916,-0.822,0.194,5
1.363,-0.874,0.179,5
1.714,-0.829,0.217,4
1.905,-0.751,0.135,5
1.99,-0.693,0.139,5
2.071,-0.667,0.125,5
2.088,-0.733,0.13,5
1.983,-0.751,0.211,5
1.789,-0.736,0.263,5
1.463,-0.731,0.328,5
1.002,-0.744,0.346,5
0.471,-0.708,0.385,5
0.036,-0.724,0.415,5
-0.385,-0.72,0.52,5
-0.7,-0.769,0.619,5
-0.966,-0.795,0.656,5
-1.158,-0.867,0.69,5
-1.296,-0.961,0.711,5
-1.244,-1.041,0.679,5
-1.133,-1.157,0.688,5
-0.972,-1.209,0.757,4
-0.784,-1.321,0.789,5
-0.533,-1.409,0.835,5
-0.325,-1.444,0.812,5
-0.107,-1.472,0.796,5
0.084,-1.472,0.703,5
0.183,-1.467,0.607,5
0.298,-1.397,0.516,5
0.449,-1.292,0.425,5
0.495,-1.18,0.275,5
0.489,-1.071,0.179,5
0.547,-0.933,0.113,5
0.531,-0.818,0.046,5
0.487,-0.689,0.028,5
0.352,-0.521,0.034,5
0.299,-0.387,0.108,5
0.265,-0.232,0.102,5
0.195,-0.131,0.048,5
0.12,-0.015,0.065,4
-0.021,0.076,0.058,5
-0.044,0.142,0.053,5
-0.079,0.128,0.047,5
-0.088,0.119,0.064,5
-0.139,0.086,0.04,5
-0.134,0.034,0.032,5
-0.168,-0.042,0.076,5
-0.237,-0.055,0.185,5
-0.257,-0.062,0.24,5
-0.252,-0.064,0.28,5
-0.253,-0.032,0.287,5
-0.254,-0.059,0.258,5
-0.245,-0.053,0.21,5
-0.26,-0.018,0.241,5
-0.255,-0.02,0.221,5
-0.221,-0.005,0.225,5
-0.268,-0.022,0.215,5
-0.258,-0.041,0.215,5
-0.25,-0.002,0.211,4
-0.229,0.001,0.177,5
-0.206,0.035,0.146,5
-0.211,0.088,0.11,5
-0.104,0.144,0.043,5
-0.046,0.215,-0.012,5
-0.015,0.237,-0.041,5
0.033,0.321,-0.037,5
0.038,0.392,-0.012,5
0.064,0.5,0.006,5
0.105,0.553,0.048,5
0.194,0.674,0.104,5
0.243,0.758,0.098,5
0.34,0.854,0.096,5
0.435,0.924,0.147,5
0.538,0.974,0.111,5
0.536,0.993,0.121,5
0.56,0.967,0.139,5
0.598,0.9,0.138,4
0.547,0.862,0.159,5
0.518,0.784,0.19,5
0.441,0.654,0.249,5
0.353,0.541,0.297,5
0.266,0.414,0.302,5
0.192,0.269,0.375,5
0.156,0.113,0.333,5
0.071,-0.044,0.373,5
0.038,-0.143,0.383,5
0.03,-0.284,0.474,5
-0.02,-0.398,0.526,5
-0.065,-0.487,0.533,5
-0.11,-0.52,0.553,5
-0.177,-0.559,0.571,5
-0.185,-0.593,0.609,5
-0.218,-0.573,0.548,5
-0.239,-0.511,0.532,5
-0.232,-0.456,0.466,4
-0.248,-0.388,0.372,5
-0.223,-0.272,0.27,5
-0.209,-0.15,0.195,5
-0.188,-0.053,0.133,5
-0.187,0.055,0.089,5
-0.22,0.118,0.011,5
-0.193,0.193,-0.019,5
-0.157,0.255,-0.017,5
-0.124,0.303,-0.037,5
-0.073,0.307,-0.025,5
-0.07,0.272,0.033,5
-0.041,0.262,0.073,5
-0.011,0.197,0.13,5
-0.014,0.143,0.151,5
-0.004,0.085,0.222,5
0.038,0.021,0.282,5
0.047,-0.002,0.349,5
0.056,0.006,0.404,5
0.02,0.01,0.39,4
0.005,-0.008,0.364,5
0.004,-0.016,0.228,5
-0.017,-0.083,0.179,5
-0.011,-0.066,0.144,5
0.041,-0.094,0.104,5
0.084,-0.067,0.085,5
0.166,-0.03,0.076,5
0.18,0.011,0.099,5
0.218,0.04,0.14,5
0.17,0.062,0.157,5
0.132,0.068,0.171,5
0.054,0.096,0.214,5
-0.02,0.069,0.283,5
-0.069,0.045,0.289,5
-0.131,0.058,0.372,5
-0.213,0.043,0.46,5
-0.291,-0.021,0.436,5
-0.352,0.011,0.495,5
-0.429,0.001,0.51,4
-0.425,-0.011,0.498,5
-0.434,0.002,0.431,5
-0.425,-0.036,0.422,5
-0.335,-0.024,0.466,5
-0.233,-0.021,0.514,5
-0.14,-0.041,0.476,5
-0.079,-0.088,0.368,5
-0.002,-0.161,0.322,5
0.023,-0.274,0.264,5
0.064,-0.342,0.177,5
0.075,-0.45,0.263,5
0.11,-0.508,0.332,5
0.142,-0.574,0.354,5
0.15,-0.628,0.379,5
0.195,-0.591,0.384,5
0.231,-0.541,0.423,5
0.247,-0.487,0.398,5
0.3,-0.421,0.345,4
0.313,-0.348,0.345,5
0.346,-0.257,0.294,5
0.376,-0.227,0.212,5
0.442,-0.187,0.088,5
0.424,-0.143,0.044,5
0.394,-0.141,0.031,5
0.363,-0.187,-0.031,5
0.34,-0.169,-0.11,5
0.297,-0.208,-0.159,5
0.263,-0.286,-0.178,5
0.215,-0.292,-0.143,5
0.138,-0.336,0.004,5
0.05,-0.358,0.103,5
-0.031,-0.357,0.153,5
-0.054,-0.386,0.094,5
-0.057,-0.412,-0.043,5
-0.125,-0.435,-0.185,5
-0.138,-0.439,-0.326,5
-0.15,-0.464,-0.289,4
-0.161,-0.478,-0.183,5
-0.218,-0.538,-0.117,5
-0.231,-0.609,-0.049,5
-0.255,-0.738,0.002,5
-0.384,-0.892,0.222,5
-0.738,-0.967,0.475,5
-1.276,-0.961,0.622,5
-1.881,-0.761,0.253,5
-2.443,-0.211,-0.93,5
-2.746,0.792,-2.393,5
-2.195,1.665,-3.964,5
-0.709,2.059,-5.619,5
1.253,2.323,-6.75,5
2.847,2.896,-7.316,5
3.648,3.977,-7.102,5
4.223,5.01,-5.681,5
4.309,6.134,-3.651,5
3.917,7.098,-1.606,4
2.724,7.78,-0.717,5
1.555,8.105,-0.537,5
0.012,7.389,-0.419,5
-1.79,6.142,-0.467,5
-3.369,4.575,-0.714,5
-4.11,2.751,-0.871,5
-4.138,1.045,-1.038,5
-3.698,-0.442,-0.637,5
-3.148,-1.591,0.232,5
-2.622,-2.376,0.89,5
-2.161,-2.862,1.145,5
-1.82,-3.046,1.074,5
-1.569,-2.939,0.928,5
-1.36,-2.611,0.675,5
-1.185,-2.182,0.336,5
-0.968,-1.739,-0.002,5
-0.711,-1.397,-0.321,5
-0.39,-1.141,-0.543,5
-0.058,-0.928,-0.497,4
0.227,-0.865,-0.379,5
0.51,-0.886,-0.198,5
0.774,-0.884,0.07,5
0.877,-0.994,0.313,5
0.876,-1.045,0.558,5
0.771,-1.091,0.696,5
0.629,-1.116,0.678,5
0.463,-1.12,0.666,5
0.3,-1.112,0.681,5
0.128,-1.044,0.712,5
0.098,-1.069,0.813,5
0.131,-1.091,0.805,5
0.101,-1.111,0.828,5
0.103,-1.177,0.879,5
0.171,-1.257,0.894,5
0.24,-1.347,0.934,5
0.302,-1.397,0.845,5
0.427,-1.477,0.765,4
0.574,-1.584,0.701,5
0.736,-1.615,0.609,5
0.74,-1.591,0.518,5
0.687,-1.523,0.453,5
0.64,-1.448,0.309,5
0.624,-1.381,0.2,5
0.621,-1.264,0.129,5
0.546,-1.172,0.004,5
0.543,-1.033,-0.026,5
0.506,-0.934,0.002,5
0.456,-0.858,0.027,5
0.371,-0.759,0.037,5
0.243,-0.735,0.107,5
0.094,-0.657,0.187,5
-0.018,-0.622,0.241,5
-0.167,-0.628,0.308,5
-0.314,-0.6,0.359,5
-0.489,-0.553,0.448,5
-0.725,-0.441,0.416,4
-0.846,-0.311,0.439,5
-0.99,-0.194,0.429,5
-1.072,-0.114,0.36,5
-1.021,-0.042,0.311,5
-0.966,0.034,0.31,5
-0.895,0.07,0.253,5
-0.754,0.136,0.258,5
-0.575,0.208,0.254,5
-0.388,0.218,0.246,5
-0.151,0.166,0.191,5
0.053,0.153,0.206,5
0.228,0.142,0.164,5
0.352,0.158,0.104,5
0.468,0.151,0.09,5
0.52,0.127,0.102,5
0.554,0.145,0.148,5
0.649,0.143,0.181,5
0.679,0.185,0.154,5
0.624,0.205,0.212,4
0.579,0.258,0.212,5
0.56,0.279,0.156,5
0.508,0.286,0.119,5
0.479,0.292,0.142,5
0.444,0.288,0.145,5
0.374,0.234,0.199,5
0.315,0.176,0.196,5
0.262,0.076,0.233,5
0.14,0.017,0.3,5
0.109,-0.062,0.347,5
0.025,-0.103,0.3,5
-0.084,-0.153,0.334,5
-0.188,-0.168,0.413,5
-0.29,-0.185,0.509,5
-0.42,-0.188,0.484,5
-0.529,-0.169,0.444,5
-0.7,-0.079,0.508,5
-0.824,0.031,0.487,5
-0.905,0.166,0.477,4
-1.013,0.356,0.391,5
-1.028,0.48,0.369,5
-1.046,0.609,0.302,5
-0.937,0.716,0.25,5
-0.77,0.739,0.212,5
-0.525,0.738,0.156,5
-0.261,0.708,0.106,5
0.014,0.645,0.001,5
0.293,0.555,0.0,5
0.548,0.443,-0.037,5
0.734,0.36,-0.06,5
0.859,0.255,-0.097,5
1.006,0.182,-0.074,5
1.099,0.082,-0.079,5
1.088,0.044,-0.054,5
1.04,0.018,0.019,5
0.949,0.007,0.03,5
0.811,-0.036,0.018,4
0.643,-0.079,0.017,5
0.48,-0.115,0.049,5
0.328,-0.112,0.109,5
0.201,-0.118,0.12,5
0.103,-0.149,0.177,5
-0.023,-0.125,0.292,5
-0.068,-0.13,0.345,5
-0.027,-0.134,0.405,5
0.014,-0.147,0.472,5
0.073,-0.141,0.494,5
0.087,-0.118,0.527,5
0.074,-0.136,0.582,5
0.079,-0.084,0.584,5
0.106,-0.075,0.508,5
0.018,-0.05,0.518,5
-0.065,0.005,0.53,5
-0.17,0.056,0.464,5
-0.278,0.115,0.444,5
-0.302,0.138,0.391,4
-0.328,0.206,0.382,5
-0.317,0.229,0.318,5
-0.354,0.266,0.307,5
-0.362,0.3,0.208,5
-0.351,0.317,0.135,5
-0.269,0.316,0.048,5
-0.186,0.331,0.018,5
-0.133,0.311,0.046,5
-0.059,0.284,0.076,5
0.062,0.251,0.12,5
0.134,0.205,0.164,5
0.211,0.163,0.212,5
0.302,0.086,0.255,5
0.349,0.021,0.303,5
0.353,-0.006,0.316,5
0.382,-0.091,0.34,5
0.378,-0.173,0.354,5
0.414,-0.233,0.344,4
0.402,-0.291,0.279,5
0.423,-0.353,0.264,5
0.385,-0.352,0.277,5
0.355,-0.295,0.288,5
0.315,-0.231,0.384,5
0.214,-0.117,0.384,5
0.18,-0.088,0.363,5
0.188,-0.084,0.352,5
0.07,-0.054,0.235,5
-0.005,-0.035,0.164,5
-0.026,-0.023,0.204,5
-0.028,-0.094,0.192,5
-0.003,-0.171,0.268,5
0.095,-0.27,0.396,5
0.107,-0.346,0.412,5
0.131,-0.48,0.431,5
0.187,-0.548,0.483,5
0.164,-0.614,0.482,5
0.199,-0.712,0.442,4
0.222,-0.77,0.424,5
0.2,-0.831,0.347,5
0.193,-0.83,0.368,5
0.152,-0.846,0.353,5
0.132,-0.8,0.275,5
0.136,-0.759,0.29,5
0.118,-0.713,0.252,5
0.085,-0.65,0.24,5
0.059,-0.585,0.238,5
0.036,-0.535,0.244,5
-0.006,-0.495,0.224,5
-0.039,-0.484,0.292,5
-0.122,-0.487,0.323,5
-0.161,-0.494,0.36,5
-0.235,-0.501,0.336,5
-0.22,-0.537,0.298,5
-0.168,-0.643,0.273,4
-0.147,-0.677,0.125,5
-0.206,-0.696,-0.016,5
-0.219,-0.743,-0.139,5
-0.18,-0.707,-0.28,5
-0.115,-0.71,-0.33,5
-0.06,-0.729,-0.37,5
-0.02,-0.764,-0.449,5
0.037,-0.765,-0.443,5
0.206,-0.831,-0.334,5
0.44,-0.92,-0.021,5
0.852,-1.013,0.097,5
1.198,-1.162,0.048,5
1.483,-1.313,-0.425,5
1.555,-1.319,-0.956,5
1.093,-1.11,-1.722,5
0.087,-0.594,-2.946,5
-1.433,0.193,-4.285,5
-3.078,1.126,-5.821,5
-4.778,2.474,-6.864,4
-5.809,4.192,-6.992,5
-5.87,5.906,-6.077,5
-4.947,7.492,-4.233,5
-2.802,8.505,-2.206,5
-0.104,9.081,-0.8,5
2.922,9.341,0.011,5
5.578,8.82,0.376,5
7.05,7.624,0.313,5
7.832,5.538,-0.812,5
7.699,3.239,-2.136,5
6.925,1.062,-2.754,5
5.969,-0.827,-2.31,5
4.205,-2.016,-1.381,5
1.94,-2.612,-0.14,5
-0.154,-2.868,0.994,5
-1.893,-2.848,1.679,5
-2.94,-2.757,2.084,5
-3.413,-2.632,1.975,4
-3.533,-2.386,1.592,5
-3.425,-2.139,1.226,5
-3.251,-1.886,0.715,5
-3.085,-1.693,0.325,5
-2.945,-1.438,0.103,5
-2.766,-1.225,0.002,5
-2.541,-1.016,-0.028,5
-2.274,-0.833,-0.064,5
-1.93,-0.685,-0.083,5
-1.462,-0.56,-0.118,5
-0.846,-0.435,-0.209,5
-0.171,-0.361,-0.356,5
0.544,-0.321,-0.597,5
1.149,-0.366,-0.649,5
1.594,-0.42,-0.73,5
1.831,-0.46,-0.683,5
1.829,-0.483,-0.628,5
1.797,-0.525,-0.543,4
1.595,-0.563,-0.45,5
1.393,-0.601,-0.237,5
1.15,-0.614,-0.071,5
0.888,-0.631,0.099,5
0.731,-0.658,0.326,5
0.614,-0.67,0.405,5
0.393,-0.603,0.507,5
0.229,-0.585,0.542,5
0.038,-0.454,0.514,5
-0.185,-0.309,0.493,5
-0.386,-0.175,0.439,5
-0.382,-0.067,0.378,5
-0.339,0.034,0.327,5
-0.275,0.069,0.312,5
-0.174,0.123,0.332,5
-0.049,0.149,0.342,5
0.084,0.091,0.377,5
0.149,0.009,0.477,5
0.134,-0.06,0.468,4
0.112,-0.123,0.456,5
0.045,-0.193,0.522,5
0.044,-0.191,0.448,5
-0.015,-0.193,0.308,5
-0.022,-0.182,0.178,5
-0.02,-0.173,0.126,5
-0.001,-0.203,0.088,5
-0.009,-0.2,0.066,5
-0.047,-0.167,0.076,5
-0.077,-0.163,0.112,5
-0.129,-0.121,0.135,5
-0.181,-0.065,0.117,5
-0.232,-0.02,0.08,5
-0.316,0.084,0.085,5
-0.341,0.128,0.123,5
-0.302,0.158,0.245,5
-0.246,0.164,0.371,5
-0.152,0.139,0.442,5
-0.159,0.168,0.488,4
-0.147,0.138,0.521,5
-0.098,0.103,0.538,5
-0.118,0.088,0.561,5
-0.124,0.079,0.531,5
-0.167,0.136,0.508,5
-0.159,0.17,0.466,5
-0.096,0.183,0.419,5
0.034,0.203,0.416,5
0.078,0.235,0.387,5
0.178,0.211,0.336,5
0.28,0.194,0.289,5
0.321,0.132,0.256,5
0.358,0.071,0.222,5
0.404,-0.013,0.199,5
0.437,-0.063,0.192,5
0.428,-0.147,0.126,5
0.437,-0.137,0.178,5
0.406,-0.214,0.156,4
0.43,-0.27,0.14,5
0.451,-0.312,0.139,5
0.432,-0.315,0.125,5
0.41,-0.296,0.125,5
0.326,-0.318,0.151,5
0.22,-0.338,0.154,5
0.129,-0.304,0.181,5
-0.008,-0.295,0.141,5
-0.102,-0.261,0.088,5
-0.216,-0.244,0.131,5
-0.294,-0.207,0.157,5
-0.355,-0.194,0.163,5
-0.384,-0.175,0.177,5
-0.393,-0.157,0.155,5
-0.401,-0.185,0.238,5
-0.387,-0.153,0.335,5
-0.387,-0.155,0.349,5
-0.374,-0.196,0.361,4
-0.371,-0.185,0.351,5
-0.39,-0.209,0.264,5
-0.377,-0.236,0.203,5
-0.395,-0.246,0.144,5
-0.407,-0.213,0.16,5
-0.366,-0.192,0.174,5
-0.368,-0.155,0.238,5
-0.366,-0.123,0.262,5
-0.351,-0.054,0.257,5
-0.337,0.011,0.21,5
-0.308,0.1,0.21,5
-0.307,0.146,0.082,5
-0.207,0.166,-0.02,5
-0.1,0.184,-0.087,5
-0.017,0.191,-0.143,5
0.061,0.172,-0.232,5
0.141,0.142,-0.282,5
0.226,0.123,-0.245,5
0.294,0.107,-0.225,4
0.351,0.122,-0.25,5
0.428,0.071,-0.234,5
0.449,0.081,-0.18,5
0.465,0.107,-0.123,5
0.41,0.079,-0.042,5
0.356,0.093,-0.072,5
0.355,0.066,0.012,5
0.332,0.003,0.067,5
0.273,-0.009,0.12,5
0.22,-0.073,0.143,5
0.129,-0.151,0.21,5
0.077,-0.175,0.224,5
0.0,-0.209,0.279,5
-0.059,-0.223,0.337,5
-0.122,-0.192,0.277,5
-0.196,-0.142,0.284,5
-0.245,-0.085,0.225,5
-0.268,-0.012,0.199,4
-0.254,0.032,0.131,5
-0.242,0.097,0.019,5
-0.217,0.144,0.069,5
-0.191,0.207,0.014,5
-0.12,0.225,-0.038,5
-0.095,0.215,-0.099,5
-0.056,0.258,-0.136,5
0.009,0.28,-0.131,5
0.086,0.252,-0.118,5
0.099,0.227,-0.106,5
0.059,0.152,-0.009,5
0.036,0.089,-0.004,5
0.041,0.024,0.06,5
0.006,-0.029,0.136,5
-0.062,-0.116,0.161,5
-0.103,-0.174,0.158,5
-0.097,-0.191,0.151,5
-0.096,-0.189,0.118,4
-0.112,-0.196,0.124,5
-0.118,-0.185,0.034,5
-0.042,-0.145,0.013,5
0.039,-0.113,-0.022,5
0.104,-0.089,-0.08,5
0.106,-0.028,-0.089,5
0.178,0.047,-0.11,5
0.194,0.077,-0.142,5
0.175,0.129,-0.15,5
0.196,0.172,-0.139,5
0.185,0.215,-0.147,5
0.175,0.194,-0.175,5
0.127,0.183,-0.131,5
0.11,0.135,-0.071,5
0.082,0.156,-0.081,5
0.022,0.136,-0.064,5
-0.027,0.062,-0.032,5
0.005,0.012,-0.003,5
0.005,-0.035,0.009,4
-0.029,-0.053,-0.012,5
-0.044,-0.108,0.023,5
-0.048,-0.136,0.007,5
-0.073,-0.148,0.037,5
-0.053,-0.146,0.08,5
-0.052,-0.136,0.141,5
-0.042,-0.122,0.183,5
0.017,-0.132,0.221,5
-0.01,-0.093,0.289,5
-0.013,-0.1,0.234,5
-0.003,-0.065,0.163,5
0.014,-0.036,0.078,5
0.068,-0.003,0.057,5
0.053,-0.02,0.086,5
0.078,-0.009,0.043,5
0.065,-0.025,0.051,5
0.05,-0.031,0.128,5
0.037,-0.054,0.133,4
0.011,-0.023,0.136,5
0.01,-0.042,0.162,5
-0.016,-0.025,0.115,5
0.011,-0.005,0.061,5
0.04,-0.009,-0.044,5
0.066,-0.042,-0.121,5
0.072,0.0,-0.148,5
0.069,0.013,-0.193,5
0.105,0.02,-0.234,5
0.06,0.044,-0.194,5
0.05,0.082,-0.166,5
0.049,0.035,-0.054,5
0.018,0.045,-0.006,5
0.012,0.083,0.011,5
0.011,0.079,0.07,5
-0.002,0.076,0.072,5
0.014,0.081,0.043,5
-0.008,0.034,0.017,5
-0.046,0.005,0.041,4
-0.05,-0.016,-0.014,5
-0.079,0.01,-0.055,5
-0.071,-0.007,-0.063,5
-0.081,-0.037,-0.099,5
-0.125,-0.029,-0.107,5
-0.181,-0.047,-0.087,5
-0.18,-0.008,-0.143,5
-0.201,0.001,-0.137,5
-0.22,0.009,-0.115,5
-0.193,0.06,-0.116,5
-0.204,0.067,-0.083,5
-0.188,0.077,0.006,5
-0.13,0.095,-0.002,5
-0.066,0.129,-0.045,5
-0.012,0.12,-0.019,5
0.019,0.091,-0.017,5
0.056,0.073,0.018,5
0.106,0.061,-0.004,4
0.121,0.077,-0.025,5
0.174,0.056,-0.001,5
0.187,0.042,-0.001,5
0.168,0.046,-0.031,5
0.142,0.016,0.006,5
0.175,-0.011,0.083,5
0.11,-0.074,0.018,5
0.117,-0.11,-0.073,5
0.075,-0.099,0.037,5
0.059,-0.11,0.05,5
0.109,-0.108,0.006,5
0.076,-0.071,0.053,5
0.03,-0.073,0.035,5
0.074,-0.074,0.01,5
0.054,-0.028,0.013,5
0.027,0.017,0.025,5
0.024,0.046,0.044,5
0.0,0.084,0.052,5
-0.025,0.106,-0.008,4
-0.014,0.108,-0.029,5
-0.038,0.071,-0.022,5
-0.008,0.047,-0.08,5
0.039,0.0,-0.046,5
0.018,-0.043,-0.106,5
0.003,-0.069,-0.069,5
-0.065,-0.066,-0.075,5
-0.067,-0.098,-0.038,5
-0.091,-0.132,-0.017,5
-0.095,-0.084,0.023,5
-0.111,-0.041,0.055,5
-0.095,-0.028,0.058,5
-0.107,0.034,0.048,5
-0.045,0.065,0.026,5
-0.006,0.063,0.036,5
0.05,0.065,-0.001,5
0.101,0.097,-0.031,5
0.168,0.092,-0.036,4
0.212,0.065,-0.054,5
0.203,0.054,-0.07,5
0.213,0.027,-0.089,5
0.218,-0.048,-0.072,5
0.2,-0.056,-0.051,5
0.124,-0.054,-0.038,5
0.025,-0.079,-0.021,5
-0.019,-0.058,0.032,5
-0.134,-0.031,0.068,5
-0.198,-0.01,0.091,5
-0.277,-0.035,0.125,5
-0.314,-0.045,0.061,5
-0.347,-0.087,-0.091,5
-0.394,-0.044,-0.017,5
-0.359,-0.005,0.1,5
-0.271,0.042,0.172,5
-0.171,0.063,0.189,5
-0.081,0.053,0.174,4
-0.038,0.078,0.122,5
-0.017,0.052,0.041,5
0.031,0.043,0.015,5
0.14,0.056,0.001,5
0.13,0.059,-0.05,5
0.139,0.061,-0.075,5
0.146,0.047,-0.111,5
0.106,0.033,-0.138,5
0.1,0.008,-0.094,5
0.055,-0.026,-0.063,5
0.037,-0.054,-0.031,5
0.02,-0.052,0.01,5
-0.02,-0.073,0.035,5
-0.057,-0.126,0.036,5
-0.094,-0.126,0.084,5
-0.166,-0.114,0.08,5
-0.232,-0.115,0.072,5
-0.23,-0.086,0.069,4
-0.237,-0.065,0.04,5
-0.226,-0.067,0.058,5
-0.195,-0.047,0.009,5
-0.15,-0.042,0.004,5
-0.104,-0.029,0.059,5
-0.051,-0.035,0.053,5
-0.011,-0.036,0.065,5
0.011,-0.062,0.058,5
0.061,-0.086,0.113,5
0.046,-0.091,0.145,5
0.042,-0.133,0.152,5
0.046,-0.141,0.111,5
0.05,-0.192,0.078,5
0.019,-0.19,0.031,5
-0.012,-0.158,-0.005,5
-0.045,-0.168,-0.074,5
-0.028,-0.138,-0.049,5
-0.055,-0.141,0.007,5
-0.006,-0.157,0.032,4
0.006,-0.142,0.003,5
0.027,-0.132,-0.053,5
0.05,-0.062,-0.138,5
0.041,-0.009,-0.15,5
0.088,0.039,-0.156,5
0.092,0.043,-0.158,5
0.126,0.095,-0.133,5
0.088,0.137,-0.086,5
0.066,0.171,-0.025,5
0.089,0.162,0.067,5
0.085,0.18,0.039,5
0.037,0.236,-0.128,5
-0.09,0.307,-0.163,5
-0.154,0.323,-0.116,5
-0.1,0.321,-0.122,5
-0.03,0.285,-0.157,5
0.002,0.252,-0.085,5
0.024,0.222,-0.059,4
0.017,0.157,-0.023,5
0.002,0.09,0.116,5
-0.01,0.046,0.169,5
-0.056,-0.018,0.165,5
-0.046,-0.042,0.123,5
-0.05,-0.003,0.097,5
0.044,0.052,0.014,5
0.083,0.09,-0.012,5
0.075,0.154,0.04,5
0.106,0.178,0.07,5
0.22,0.108,0.05,5
0.276,0.084,0.084,5
0.27,0.071,0.045,5
0.294,-0.012,0.075,5
0.239,0.018,-0.039,5
0.142,0.068,-0.173,5
0.072,0.078,-0.212,5
0.021,0.105,-0.203,5
-0.014,0.094,-0.101,4
-0.06,0.076,0.02,5
-0.063,0.043,0.113,5
-0.044,-0.004,0.183,5
-0.1,-0.055,0.307,5
-0.154,-0.058,0.272,5
-0.251,-0.082,0.366,5
-0.273,-0.156,0.463,5
-0.297,-0.239,0.377,5
-0.311,-0.271,0.18,5
-0.241,-0.201,-0.212,5
-0.031,-0.224,-0.41,5
0.023,-0.236,-0.249,5
0.037,-0.143,-0.202,5
0.047,-0.073,-0.156,5
0.068,-0.074,-0.145,5
0.074,-0.084,-0.066,5
0.058,-0.11,-0.037,5
0.082,-0.073,-0.038,4
0.117,-0.07,-0.034,5
0.105,-0.072,-0.018,5
0.108,-0.073,-0.003,5
0.084,-0.048,0.014,5
0.019,-0.035,-0.034,5
0.017,-0.014,0.02,5
-0.001,0.051,0.057,5
-0.061,0.08,0.0,5
-0.05,0.098,0.012,5
-0.088,0.08,0.041,5
-0.084,0.063,-0.001,5
-0.054,0.039,-0.027,5
-0.053,0.022,-0.067,5
-0.043,0.033,-0.082,5
-0.043,0.069,-0.121,5
-0.034,0.057,-0.061,5
-0.009,0.077,-0.042,5
-0.008,0.052,-0.012,5
-0.025,0.03,0.01,4
-0.005,0.031,-0.012,5
-0.03,0.024,0.036,5
-0.023,0.034,0.105,5
-0.021,0.039,0.168,5
-0.036,0.009,0.168,5
-0.062,-0.021,0.143,5
-0.026,-0.04,0.107,5
0.015,0.01,0.135,5
-0.012,0.009,0.117,5
0.019,0.03,0.075,5
0.038,0.001,0.046,5
0.077,0.04,0.007,5
0.134,0.048,-0.019,5
0.134,0.044,-0.051,5
0.142,0.056,-0.042,5
0.119,0.072,-0.05,5
0.116,0.069,-0.08,5
0.095,0.08,-0.119,4
0.073,0.072,-0.077,5
0.027,0.026,-0.082,5
-0.022,0.032,-0.126,5
-0.029,0.007,-0.04,5
-0.03,0.006,-0.044,5
-0.044,-0.002,-0.005,5
-0.027,-0.062,0.016,5
0.001,-0.056,0.005,5
0.009,-0.076,0.052,5
0.004,-0.081,0.06,5
-0.017,-0.056,0.063,5
-0.007,-0.059,0.117,5
-0.027,-0.079,0.075,5
0.009,-0.118,0.11,5
-0.026,-0.089,0.125,5
-0.066,-0.085,0.121,5
-0.042,-0.067,0.122,5
-0.003,-0.074,0.105,5
-0.046,-0.053,0.056,4
-0.02,-0.022,0.007,5
-0.014,-0.037,-0.036,5
-0.004,-0.025,0.001,5
-0.012,-0.013,-0.032,5
0.006,0.021,-0.094,5
0.005,0.028,-0.093,5
0.005,0.0,-0.096,5
-0.004,0.016,-0.082,5
-0.012,0.032,-0.109,5
-0.041,0.072,-0.098,5
-0.062,0.052,-0.122,5
-0.052,0.068,-0.067,5
-0.068,0.053,-0.082,5
-0.027,0.008,-0.048,5
-0.033,0.008,0.008,5
-0.016,-0.044,0.011,5
-0.002,-0.061,0.032,5
0.01,-0.038,-0.001,4
0.035,-0.073,0.007,5
0.014,-0.078,0.006,5
0.013,-0.083,-0.036,5
0.068,-0.096,-0.08,5
0.052,-0.104,-0.042,5
0.034,-0.068,-0.085,5
0.018,-0.082,-0.064,5
0.029,-0.087,-0.014,5
0.03,-0.078,0.012,5
0.04,-0.062,0.054,5
0.01,-0.069,0.027,5
0.005,-0.04,0.003,5
-0.003,-0.045,-0.044,5
-0.003,-0.01,-0.035,5
0.018,0.012,-0.04,5
-0.013,0.045,-0.062,5
-0.055,0.023,0.025,5
-0.058,0.051,0.061,4
-0.078,0.029,0.15,5
-0.087,0.06,0.139,5
-0.079,0.076,0.16,5
-0.084,0.085,0.17,5
-0.075,0.085,0.153,5
-0.055,0.081,0.029,5
-0.041,0.094,0.031,5
0.006,0.106,-0.049,5
0.001,0.143,-0.1,5
0.001,0.116,-0.103,5
0.018,0.096,-0.097,5
0.02,0.108,-0.066,5
-0.011,0.127,-0.059,5
-0.027,0.075,-0.027,5
-0.037,0.068,-0.055,5
0.004,0.091,0.002,5
0.0,0.017,0.019,5
0.017,-0.001,0.017,4
0.028,0.007,-0.005,5
0.0,-0.006,-0.031,5
0.034,-0.048,-0.015,5
0.039,-0.052,-0.022,5
0.005,-0.047,-0.05,5
-0.033,-0.051,-0.045,5
-0.043,-0.033,-0.101,5
-0.095,0.004,-0.086,5
-0.098,0.077,-0.116,5
-0.088,0.065,-0.044,5
-0.097,0.093,-0.083,5
-0.108,0.097,-0.057,5
-0.093,0.117,-0.06,5
-0.075,0.114,-0.041,5
-0.025,0.072,-0.033,5
-0.009,0.043,0.008,5
0.012,0.026,0.033,5
-0.014,-0.032,0.086,5
-0.004,-0.067,0.09,4
-0.003,-0.091,0.154,5
-0.016,-0.107,0.117,5
-0.062,-0.114,0.175,5
-0.077,-0.064,0.192,5
-0.069,-0.023,0.164,5
-0.079,-0.076,0.147,5
-0.097,-0.107,0.051,5
-0.01,-0.14,0.054,5
0.003,-0.057,0.165,5
-0.009,0.008,0.153,5
-0.008,0.033,0.064,5
-0.003,0.038,0.019,5
-0.003,0.035,-0.008,5
-0.033,0.027,0.035,5
-0.038,0.02,0.083,5
-0.034,-0.024,0.122,5
-0.069,-0.043,0.136,5
-0.127,-0.082,0.165,5
-0.11,-0.121,0.183,4
-0.159,-0.126,0.191,5
-0.208,-0.17,0.21,5
-0.178,-0.17,0.155,5
-0.109,-0.179,0.079,5
-0.167,-0.174,-0.001,5
-0.167,-0.169,0.007,5
-0.168,-0.096,-0.015,5
-0.091,-0.087,0.02,5
0.021,-0.069,-0.067,5
0.045,-0.041,-0.09,5
0.031,-0.011,-0.124,5
0.058,0.071,-0.19,5
0.122,0.064,-0.235,5
0.174,0.127,-0.246,5
0.234,0.183,-0.277,5
0.249,0.169,-0.211,5
0.293,0.156,-0.228,5
0.29,0.188,-0.283,4
0.317,0.135,-0.255,5
0.294,0.134,-0.212,5
0.282,0.116,-0.152,5
0.309,0.087,-0.184,5
0.3,0.053,-0.14,5
0.27,0.017,-0.031,5
0.208,0.003,0.006,5
0.162,-0.044,0.018,5
0.072,-0.057,0.007,5
0.0,-0.03,0.071,5
-0.089,-0.022,0.068,5
-0.089,-0.067,0.105,5
-0.089,-0.061,0.146,5
-0.166,-0.016,0.174,5
-0.21,-0.006,0.135,5
-0.193,-0.001,0.156,5
-0.187,0.037,0.136,5
-0.151,0.029,0.131,5
-0.118,0.052,0.071,4
-0.059,0.064,0.012,5
-0.01,0.071,0.032,5
0.098,0.059,-0.005,5
0.101,0.053,0.0,5
0.121,0.048,-0.039,5
0.126,0.03,-0.048,5
0.109,0.04,-0.086,5
0.055,0.01,-0.051,5
0.011,-0.05,-0.046,5
-0.011,-0.084,-0.115,5
-0.044,-0.089,-0.077,5
-0.07,-0.131,-0.065,5
-0.132,-0.157,-0.067,5
-0.132,-0.141,-0.035,5
-0.136,-0.149,-0.01,5
-0.156,-0.125,-0.004,5
-0.192,-0.078,-0.008,5
-0.203,-0.044,-0.012,5
-0.205,-0.01,-0.049,4
-0.188,0.033,0.007,5
-0.135,0.065,0.023,5
-0.121,0.093,0.016,5
-0.049,0.088,0.006,5
-0.005,0.074,-0.024,5
0.072,0.08,-0.039,5
0.108,0.063,-0.056,5
0.08,0.057,-0.046,5
0.145,0.073,-0.063,5
0.152,0.048,-0.164,5
0.107,0.086,-0.152,5
0.152,0.065,-0.115,5
0.102,0.006,-0.134,5
0.066,0.001,-0.09,5
-0.013,-0.054,-0.021,5
-0.059,-0.091,0.01,5
-0.087,-0.091,0.065,5
-0.13,-0.082,0.102,4
-0.186,-0.138,0.1,5
-0.198,-0.163,0.081,5
-0.208,-0.104,0.035,5
-0.166,-0.089,-0.02,5
-0.132,-0.033,-0.056,5
-0.084,0.021,0.009,5
-0.058,0.058,0.038,5
0.024,0.1,0.077,5
0.073,0.111,0.117,5
0.07,0.16,0.157,5
0.085,0.14,0.124,5
0.106,0.152,0.047,5
0.126,0.132,-0.048,5
0.1,0.093,-0.116,5
0.151,0.062,-0.208,5
0.161,0.077,-0.243,5
0.145,-0.003,-0.201,5
0.126,-0.071,-0.19,4
0.088,-0.103,-0.119,5
0.075,-0.114,-0.051,5
0.054,-0.137,0.009,5
-0.006,-0.145,0.047,5
-0.057,-0.087,0.055,5
-0.116,-0.083,0.062,5
-0.135,-0.066,0.035,5
-0.147,-0.029,0.079,5
-0.137,0.0,0.109,5
-0.093,0.012,0.051,5
-0.07,0.058,0.059,5
-0.059,0.031,0.092,5
0.049,0.045,-0.274,5
0.057,0.204,-0.316,5
-0.072,0.265,0.142,5
-0.1,0.17,0.321,5
-0.012,0.071,0.181,5
-0.028,-0.008,0.09,4
-0.021,-0.077,-0.022,5
-0.032,-0.043,-0.097,5
-0.024,-0.043,-0.066,5
0.007,-0.008,-0.068,5
0.024,0.065,-0.035,5
-0.029,0.088,-0.01,5
-0.052,0.105,0.02,5
-0.047,0.056,0.057,5
-0.055,0.007,0.086,5
-0.106,-0.044,0.133,5
-0.095,-0.104,0.189,5
-0.111,-0.133,0.239,5
-0.16,-0.167,0.241,5
-0.222,-0.15,0.342,5
-0.221,-0.135,0.316,5
0.059,-0.251,0.077,5
0.053,-0.183,0.052,5
-0.012,0.024,-0.042,5
0.062,0.022,-0.469,4
0.107,0.08,-0.435,5
0.057,0.137,-0.262,5
0.06,0.179,-0.193,5
0.11,0.165,-0.061,5
0.103,0.123,0.03,5
0.072,0.115,0.005,5
0.017,0.086,0.013,5
0.019,0.034,0.042,5
0.005,-0.011,0.029,5
-0.055,-0.053,0.022,5
-0.093,-0.044,0.05,5
-0.066,-0.061,0.058,5
-0.068,-0.085,0.022,5
-0.066,-0.111,0.041,5
-0.059,-0.095,0.028,5
-0.062,-0.077,0.043,5
-0.012,-0.039,0.056,5
-0.054,-0.018,-0.005,4
-0.014,0.004,-0.004,5
-0.03,0.047,-0.026,5
-0.053,0.064,-0.036,5
-0.043,0.032,-0.002,5
-0.017,0.033,0.014,5
-0.028,0.034,0.047,5
-0.043,0.009,0.03,5
-0.004,-0.047,0.005,5
0.013,-0.068,0.03,5
0.02,-0.053,0.006,5
0.027,-0.078,-0.007,5
0.041,-0.083,-0.01,5
0.071,-0.057,0.029,5
0.09,-0.043,0.051,5
0.146,-0.017,0.046,5
0.122,0.001,0.042,5
0.114,0.035,0.055,5
0.112,0.032,0.015,5
0.1,0.016,0.026,4
0.043,0.027,-0.014,5
0.017,0.02,-0.022,5
0.015,0.018,-0.019,5
-0.037,-0.013,0.016,5
-0.042,-0.02,0.014,5
-0.055,-0.027,0.0,5
-0.097,-0.007,0.034,5
-0.083,-0.041,0.04,5
-0.113,-0.058,0.057,5
-0.067,-0.013,0.069,5
-0.108,0.008,0.135,5
-0.119,0.016,0.087,5
-0.055,0.04,0.104,5
-0.088,0.036,0.119,5
-0.075,0.041,0.069,5
-0.05,0.063,0.079,5
0.014,0.052,0.045,5
0.03,0.038,0.019,5
0.044,0.013,0.039,4
0.061,0.012,-0.016,5
0.107,0.006,-0.066,5
0.1,0.01,-0.012,5
0.064,0.035,-0.032,5
0.058,0.022,-0.068,5

# Completed @Tue May 05 21:16:09 GMT+08:00 2020
