# Accelerometer Data File
# Started @Tue May 05 21:14:23 GMT+08:00 2020
#
#
# sensor Vendor: BOSCH
# sensor Name: BMI160 Accelerometer
# sensor Resolution: 0.0023956299m/sec^2; Max Range: 156.9064; Min Delay: 5000 microseconds
# The sensor's attributes are the result hardware and the Android capabilities.
# It means that the Android may not utilize all features provided by the hardware.
#
# Some devices and Android versions save battery too much so the device may go to sleep.
# It just happens after couple of minutes from turning off the scree and it is easy to find it out.
#
# The following file provides the data from accelerometer in the m/s^2 format.
# The diff value is just a time delta between the samples
#
#
# data format:
# so we have 4 columns with values separated by the ","
# X,Y,Z,time_from_previous_sample(ms)

# sensor speed set to:FASTEST
# units set to: m/sec^2
# gravity  filtered out
# Accuracy: HIGH
-0.226,8.766,-0.097,0
-0.212,7.89,-0.131,4
-0.217,7.083,-0.135,5
-0.182,6.349,-0.16,5
-0.203,5.714,-0.131,5
-0.191,5.138,-0.152,5
-0.185,4.594,-0.111,5
-0.162,4.087,-0.135,5
-0.202,3.666,-0.134,5
-0.164,3.286,-0.073,5
-0.169,2.94,-0.031,5
-0.126,2.633,-0.011,5
-0.135,2.348,-0.01,5
-0.173,2.157,0.02,5
-0.122,1.971,-0.007,5
-0.135,1.765,0.041,5
-0.087,1.597,0.019,5
-0.096,1.463,0.03,5
-0.056,1.326,-0.037,5
-0.007,1.159,-0.011,4
0.001,1.081,-0.036,5
-0.028,0.982,-0.032,5
0.043,0.892,-0.003,5
0.008,0.807,-0.046,5
0.003,0.748,-0.058,5
0.011,0.665,-0.048,5
-0.015,0.594,-0.018,5
-0.018,0.513,-0.003,5
-0.024,0.47,0.009,5
-0.013,0.462,0.013,5
-0.029,0.411,-0.009,5
-0.026,0.366,-0.047,5
0.001,0.338,-0.046,5
-0.028,0.313,-0.033,5
-0.012,0.29,-0.026,5
-0.032,0.261,-0.027,5
-0.008,0.235,-0.055,5
0.001,0.207,-0.058,4
-0.011,0.19,-0.082,5
0.015,0.18,-0.078,5
-0.02,0.162,-0.066,5
-0.01,0.133,-0.033,5
-0.039,0.102,-0.082,5
-0.018,0.088,-0.03,5
-0.046,0.087,-0.027,5
-0.046,0.061,-0.063,5
-0.041,0.042,-0.053,5
-0.045,0.042,-0.047,5
0.01,0.016,0.008,5
-0.012,-0.006,-0.018,5
0.01,-0.035,0.0,5
0.0,-0.019,0.022,5
0.035,-0.034,0.033,5
0.001,-0.031,0.064,5
-0.002,-0.032,0.057,5
-0.032,-0.042,0.004,5
-0.042,-0.029,0.06,4
-0.051,0.029,0.015,5
-0.045,0.056,-0.003,5
-0.071,0.09,0.009,5
-0.055,0.098,-0.021,5
-0.071,0.101,-0.088,5
-0.055,0.104,-0.027,5
-0.033,0.102,-0.003,5
-0.085,0.057,-0.007,5
-0.064,0.047,-0.028,5
-0.04,0.008,0.03,5
-0.019,-0.044,0.036,5
0.004,-0.065,0.058,5
0.029,-0.089,-0.016,5
0.022,-0.067,-0.062,5
0.054,-0.077,-0.077,5
0.113,-0.083,-0.052,5
0.123,-0.074,0.0,5
0.094,-0.032,0.008,4
0.089,-0.003,0.051,5
0.037,0.026,0.119,5
-0.001,0.032,0.154,5
-0.022,0.033,0.19,5
-0.028,0.047,0.15,5
-0.06,0.047,0.156,5
-0.054,0.072,0.106,5
-0.053,0.078,0.018,5
-0.039,0.092,-0.082,5
-0.018,0.108,-0.173,5
-0.003,0.08,-0.22,5
-0.011,0.081,-0.207,5
0.036,0.081,-0.104,5
0.024,0.082,-0.089,5
0.0,0.065,-0.05,5
0.022,0.011,-0.045,5
0.006,0.014,-0.023,5
0.049,-0.012,0.047,4
0.031,-0.05,0.034,5
0.062,-0.079,0.047,5
0.043,-0.089,0.025,5
0.043,-0.071,0.04,5
0.017,-0.081,0.049,5
0.024,-0.082,0.057,5
-0.042,-0.056,0.043,5
-0.038,-0.046,0.055,5
-0.034,-0.05,0.041,5
-0.082,-0.015,0.024,5
-0.1,0.003,0.052,5
-0.081,0.011,0.038,5
-0.069,0.019,0.008,5
-0.057,0.056,0.003,5
-0.082,0.041,-0.013,5
-0.048,0.029,0.008,5
-0.034,0.017,-0.03,5
-0.027,-0.014,-0.023,5
0.023,-0.008,0.004,4
0.042,-0.05,-0.021,5
0.029,-0.041,-0.019,5
0.082,-0.076,-0.017,5
0.126,-0.115,0.01,5
0.104,-0.087,0.043,5
0.107,-0.082,0.056,5
0.096,-0.1,0.012,5
0.073,-0.077,0.032,5
0.07,-0.048,0.007,5
0.055,-0.034,-0.053,5
0.045,-0.031,-0.112,5
0.019,0.002,-0.127,5
-0.012,0.019,-0.101,5
-0.054,0.025,-0.057,5
-0.079,0.036,-0.025,5
-0.088,0.023,0.015,5
-0.109,0.008,0.04,4
-0.086,0.037,0.053,5
-0.111,0.038,0.052,5
-0.113,0.004,0.068,5
-0.089,-0.004,0.07,5
-0.054,0.008,0.037,5
-0.031,-0.005,0.029,5
-0.045,-0.008,0.043,5
-0.019,-0.012,0.017,5
0.012,-0.019,0.024,5
-0.006,-0.034,0.022,5
-0.009,-0.014,0.007,5
-0.03,-0.004,-0.002,5
0.015,0.004,-0.002,5
-0.003,0.004,-0.006,5
0.018,0.034,0.007,5
0.0,0.022,-0.027,5
0.047,0.05,-0.025,5
0.046,0.066,-0.069,5
0.011,0.072,-0.058,4
0.023,0.039,-0.018,5
0.034,0.04,-0.055,5
0.039,0.031,-0.058,5
0.052,0.041,-0.03,5
0.047,0.028,-0.014,5
0.046,0.004,-0.004,5
0.046,0.0,0.034,5
0.063,-0.013,0.005,5
0.052,-0.037,0.004,5
0.038,-0.038,0.004,5
0.03,-0.064,0.012,5
0.019,-0.058,0.011,5
-0.008,-0.026,0.035,5
-0.033,-0.028,0.023,5
-0.017,-0.016,0.055,5
-0.058,-0.006,0.028,5
-0.07,0.002,0.055,5
-0.037,-0.001,0.037,5
-0.024,-0.027,0.05,4
-0.031,-0.007,0.05,5
-0.01,0.014,-0.006,5
0.037,0.009,0.05,5
-0.034,0.008,0.079,5
-0.022,0.015,0.101,5
-0.003,0.027,0.104,5
0.005,-0.001,0.068,5
0.026,-0.005,0.087,5
0.019,-0.013,0.022,5
0.03,-0.029,0.089,5
0.023,-0.009,0.084,5
0.02,0.004,0.045,5
0.031,-0.008,0.028,5
0.024,-0.003,0.064,5
0.034,-0.003,0.092,5
0.014,0.031,0.014,5
0.021,0.032,0.034,5
-0.002,0.055,0.043,4
0.002,0.019,0.009,5
0.049,0.052,-0.013,5
0.07,0.055,-0.003,5
0.076,0.08,-0.046,5
0.085,0.11,-0.062,5
0.068,0.129,-0.06,5
0.074,0.121,-0.106,5
0.08,0.143,-0.143,5
0.115,0.116,-0.167,5
0.107,0.104,-0.142,5
0.118,0.077,-0.141,5
0.072,0.073,-0.152,5
0.013,0.066,-0.115,5
-0.031,0.051,-0.095,5
-0.066,0.037,-0.116,5
-0.103,0.055,-0.1,5
-0.135,0.028,-0.12,5
-0.139,0.016,-0.078,5
-0.121,-0.002,-0.066,4
-0.07,-0.023,-0.055,5
-0.05,-0.042,-0.062,5
-0.019,-0.038,-0.052,5
-0.013,-0.026,-0.003,5
-0.037,-0.057,-0.055,5
0.017,-0.069,-0.062,5
-0.031,-0.092,-0.017,5
-0.028,-0.117,0.07,5
-0.025,-0.097,0.102,5
0.015,-0.139,0.113,5
0.027,-0.164,0.115,5
0.011,-0.143,0.142,5
0.019,-0.12,0.046,5
0.025,-0.125,0.028,5
0.04,-0.13,-0.06,5
0.075,-0.1,-0.032,5
0.076,-0.081,0.013,5
0.064,-0.064,0.042,4
0.075,-0.079,0.089,5
0.041,-0.037,0.162,5
-0.048,-0.016,0.163,5
-0.009,-0.031,0.16,5
0.013,-0.02,0.122,5
-0.052,-0.009,0.007,5
-0.116,0.008,-0.105,5
-0.096,0.016,-0.198,5
-0.077,0.019,-0.226,5
-0.1,0.064,-0.194,5
-0.047,0.101,-0.153,5
-0.085,0.125,-0.099,5
-0.029,0.108,-0.02,5
-0.03,0.097,0.002,5
-0.014,0.066,0.041,5
-0.013,0.077,0.028,5
-0.025,0.082,0.047,5
-0.039,0.061,0.008,5
0.046,0.046,0.033,4
0.058,0.046,0.016,5
0.061,0.024,-0.023,5
0.094,0.043,-0.016,5
0.106,0.008,0.049,5
0.039,0.012,-0.02,5
0.009,0.006,0.0,5
0.034,0.01,-0.022,5
0.031,0.03,-0.028,5
-0.015,0.036,-0.012,5
-0.047,0.045,-0.024,5
-0.056,0.062,-0.047,5
-0.054,0.052,-0.008,5
-0.062,0.038,0.035,5
-0.06,0.025,0.079,5
-0.075,0.018,0.079,5
-0.094,0.008,0.05,5
-0.084,0.033,0.088,5
-0.106,0.03,0.066,4
-0.074,-0.003,0.098,5
-0.058,-0.011,0.071,5
-0.039,-0.031,0.055,5
0.007,-0.058,-0.01,5
-0.006,-0.065,0.016,5
0.037,-0.046,0.01,5
0.068,-0.028,-0.037,5
0.108,-0.025,-0.059,5
0.162,-0.023,-0.083,5
0.133,-0.02,-0.092,5
0.137,0.006,-0.1,5
0.14,0.019,-0.094,5
0.083,0.0,-0.107,5
0.066,-0.043,-0.083,5
0.025,-0.055,-0.044,5
0.001,-0.028,0.037,5
-0.011,-0.034,0.08,5
0.015,-0.065,0.051,4
-0.003,-0.089,0.089,5
-0.024,-0.088,0.075,5
-0.017,-0.062,0.046,5
0.048,-0.099,0.042,5
0.043,-0.111,0.003,5
0.022,-0.048,0.054,5
0.041,-0.065,0.014,5
0.076,-0.037,0.052,5
0.025,-0.003,0.029,5
0.035,0.031,-0.007,5
0.014,0.019,-0.024,5
-0.003,0.035,-0.03,5
-0.033,0.035,-0.04,5
-0.017,0.032,-0.01,5
-0.05,0.02,-0.022,5
-0.027,0.035,-0.037,5
-0.012,0.036,-0.016,5
-0.01,-0.001,-0.027,5
0.007,0.015,0.005,4
0.019,0.022,-0.003,5
0.026,-0.001,0.035,5
0.066,0.016,0.014,5
0.064,-0.028,0.021,5
0.088,-0.021,0.019,5
0.105,-0.04,0.056,5
0.073,-0.032,0.063,5
0.061,-0.037,0.035,5
0.038,-0.021,0.01,5
0.021,0.011,0.061,5
-0.023,-0.002,0.012,5
-0.021,0.014,0.019,5
0.015,0.017,0.043,5
0.009,0.028,0.064,5
-0.008,0.004,0.058,5
0.0,0.003,0.078,5
-0.008,0.033,0.066,5
-0.015,0.051,0.046,5
-0.031,0.059,0.033,4
-0.032,0.088,-0.008,5
-0.033,0.062,0.026,5
-0.013,0.077,0.002,5
-0.046,0.091,0.002,5
-0.054,0.051,0.053,5
-0.031,0.042,0.035,5
-0.045,0.064,0.066,5
-0.049,0.023,0.094,5
-0.027,-0.005,0.063,5
-0.033,-0.008,0.056,5
-0.03,-0.007,0.064,5
-0.018,-0.028,0.096,5
-0.012,-0.025,0.048,5
-0.024,-0.014,0.038,5
0.004,-0.043,0.022,5
-0.004,-0.017,0.063,5
0.004,-0.011,0.017,5
0.016,-0.036,0.011,4
0.006,-0.036,0.032,5
0.023,-0.05,0.046,5
0.02,-0.032,0.024,5
0.01,-0.024,-0.008,5
0.0,-0.048,0.005,5
0.009,-0.021,-0.016,5
-0.065,-0.036,-0.006,5
-0.024,-0.015,-0.005,5
-0.013,0.007,-0.048,5
-0.029,-0.006,-0.03,5
-0.017,0.011,-0.135,5
-0.028,0.031,-0.138,5
-0.017,0.045,-0.12,5
-0.028,0.036,-0.104,5
-0.016,0.024,-0.093,5
0.001,0.052,-0.127,5
-0.015,0.0,-0.05,5
0.042,-0.004,-0.062,4
0.046,0.013,-0.086,5
0.041,-0.005,-0.034,5
0.102,0.016,-0.052,5
0.066,0.04,-0.038,5
0.072,0.054,-0.099,5
0.099,0.009,-0.093,5
0.119,0.039,-0.058,5
0.095,0.035,-0.108,5
0.055,-0.015,-0.059,5
0.045,0.02,-0.036,5
0.028,-0.007,0.002,5
-0.009,-0.054,0.032,5
-0.047,-0.057,0.059,5
-0.076,-0.056,0.1,5
-0.086,-0.071,0.09,5
-0.086,-0.064,0.034,5
-0.12,-0.045,0.004,5
-0.113,-0.019,-0.008,5
-0.14,-0.008,0.052,4
-0.126,-0.025,0.081,5
-0.1,-0.031,0.138,5
-0.073,-0.058,0.232,5
-0.04,-0.039,0.213,5
-0.014,-0.018,0.213,5
-0.008,-0.055,0.2,5
0.047,-0.045,0.163,5
0.043,-0.04,0.056,5
0.077,-0.023,-0.104,5
0.104,0.0,-0.162,5
0.08,0.034,-0.241,5
0.085,0.013,-0.294,5
0.111,0.046,-0.304,5
0.044,0.059,-0.247,5
-0.015,0.083,-0.154,5
-0.001,0.083,-0.082,5
-0.044,0.066,-0.035,5
-0.1,0.043,0.024,4
-0.103,0.055,0.064,5
-0.071,0.015,0.066,5
-0.051,0.005,0.09,5
-0.041,-0.012,0.15,5
0.009,-0.036,0.117,5
0.047,-0.071,0.119,5
0.06,-0.099,0.163,5
0.14,-0.097,0.116,5
0.152,-0.088,0.061,5
0.205,-0.1,0.068,5
0.211,-0.051,0.07,5
0.271,-0.038,0.011,5
0.21,-0.03,0.014,5
0.18,0.011,0.013,5
0.149,0.062,-0.005,5
0.108,0.073,-0.004,5
0.033,0.109,-0.03,5
0.016,0.145,-0.04,5
-0.027,0.143,-0.04,4
-0.068,0.172,-0.027,5
-0.082,0.129,-0.029,5
-0.104,0.125,-0.052,5
-0.077,0.121,-0.033,5
-0.095,0.048,-0.013,5
-0.072,0.0,0.018,5
-0.043,-0.063,0.02,5
-0.056,-0.083,0.022,5
-0.072,-0.122,0.046,5
-0.039,-0.148,0.007,5
-0.018,-0.172,0.036,5
-0.038,-0.185,0.033,5
-0.004,-0.136,-0.043,5
-0.016,-0.136,-0.03,5
-0.027,-0.092,0.002,5
-0.068,-0.04,0.006,5
-0.061,-0.001,0.014,5
-0.106,0.037,0.0,4
-0.1,0.059,0.013,5
-0.068,0.075,0.003,5
-0.074,0.084,-0.061,5
-0.002,0.072,-0.111,5
0.031,0.077,-0.121,5
0.054,0.078,-0.148,5
0.092,0.053,-0.146,5
0.108,0.043,-0.123,5
0.145,0.004,-0.154,5
0.161,-0.034,-0.13,5
0.11,-0.061,-0.104,5
0.133,-0.059,-0.089,5
0.129,-0.105,0.005,5
0.124,-0.107,-0.007,5
0.069,-0.118,0.014,5
0.083,-0.132,0.034,5
0.075,-0.127,0.082,5
-0.009,-0.136,0.061,5
-0.034,-0.105,0.051,4
-0.035,-0.069,0.08,5
-0.079,-0.053,0.059,5
-0.144,0.007,0.04,5
-0.173,0.05,0.01,5
-0.147,0.053,0.031,5
-0.175,0.1,0.01,5
-0.166,0.111,-0.003,5
-0.162,0.16,-0.067,5
-0.112,0.153,-0.052,5
-0.113,0.155,-0.012,5
-0.089,0.152,-0.075,5
-0.033,0.089,-0.098,5
-0.008,0.106,-0.088,5
-0.007,0.096,-0.092,5
-0.002,0.073,-0.087,5
0.023,0.044,-0.04,5
0.055,-0.007,-0.04,5
0.071,-0.015,-0.027,4
0.055,-0.043,0.013,5
0.071,-0.017,0.029,5
0.086,-0.046,0.018,5
0.06,-0.076,0.029,5
0.054,-0.042,0.06,5
0.04,-0.038,0.089,5
0.023,-0.03,0.071,5
-0.022,-0.009,0.09,5
-0.054,-0.004,0.089,5
-0.053,0.038,0.089,5
-0.056,0.03,0.097,5
-0.119,0.044,0.014,5
-0.129,0.074,0.034,5
-0.12,0.067,0.001,5
-0.121,0.077,0.001,5
-0.126,0.035,-0.007,5
-0.109,0.006,-0.041,5
-0.085,-0.046,-0.058,4
-0.124,-0.045,-0.005,5
-0.051,-0.062,-0.017,5
-0.003,-0.112,-0.076,5
0.009,-0.131,-0.012,5
0.025,-0.139,-0.05,5
0.075,-0.143,-0.084,5
0.071,-0.094,-0.036,5
0.043,-0.084,-0.015,5
0.086,-0.067,-0.035,5
0.112,0.003,-0.01,5
0.075,0.029,-0.005,5
0.097,0.073,-0.03,5
0.066,0.105,-0.062,5
0.025,0.141,-0.021,5
-0.003,0.144,-0.079,5
0.023,0.147,-0.093,5
0.055,0.128,-0.092,5
0.049,0.124,-0.091,4
0.061,0.047,-0.13,5
0.085,-0.009,-0.117,5
0.047,-0.064,-0.07,5
0.068,-0.07,-0.012,5
0.014,-0.106,0.032,5
-0.051,-0.156,0.076,5
-0.033,-0.14,0.09,5
-0.052,-0.135,0.098,5
-0.111,-0.104,0.14,5
-0.074,-0.115,0.109,5
-0.079,-0.048,0.063,5
-0.063,0.004,-0.007,5
-0.039,0.016,-0.032,5
-0.057,0.062,-0.007,5
-0.055,0.086,-0.006,5
-0.002,0.103,0.015,5
-0.015,0.131,0.095,5
-0.001,0.11,0.107,4
-0.018,0.09,0.161,5
-0.033,0.081,0.175,5
-0.051,0.043,0.166,5
-0.003,0.017,0.124,5
0.061,-0.066,0.008,5
0.068,-0.081,-0.031,5
0.078,-0.09,-0.127,5
0.079,-0.081,-0.218,5
0.075,-0.064,-0.26,5
0.033,-0.062,-0.195,5
0.004,-0.03,-0.15,5
-0.017,-0.027,-0.105,5
-0.015,-0.015,0.017,5
-0.04,-0.027,0.05,5
-0.07,-0.046,0.045,5
-0.067,-0.063,0.092,5
-0.065,-0.065,0.095,5
-0.037,-0.093,0.125,5
-0.024,-0.083,0.138,4
0.003,-0.11,0.154,5
0.05,-0.12,0.234,5
0.079,-0.091,0.184,5
0.097,-0.086,0.136,5
0.122,-0.069,0.053,5
0.093,-0.053,-0.063,5
0.032,-0.091,-0.134,5
-0.018,-0.103,-0.199,5
-0.098,-0.114,-0.252,5
-0.127,-0.224,-0.214,5
-0.175,-0.292,-0.141,5
-0.205,-0.353,-0.045,5
-0.218,-0.378,0.101,5
-0.218,-0.37,0.259,5
-0.248,-0.355,0.349,5
-0.283,-0.246,0.396,5
-0.251,-0.195,0.434,5
-0.204,-0.133,0.391,4
-0.227,-0.098,0.309,5
-0.204,0.001,0.2,5
-0.11,0.049,0.111,5
-0.095,0.126,0.018,5
-0.025,0.173,-0.03,5
0.02,0.212,-0.062,5
0.056,0.212,-0.163,5
0.15,0.191,-0.168,5
0.191,0.185,-0.087,5
0.185,0.145,-0.001,5
0.162,0.122,0.068,5
0.133,0.053,0.1,5
0.05,-0.016,0.232,5
0.011,-0.118,0.316,5
-0.037,-0.218,0.306,5
-0.089,-0.295,0.357,5
-0.11,-0.356,0.369,5
-0.112,-0.437,0.345,5
-0.187,-0.462,0.358,4
-0.207,-0.476,0.3,5
-0.255,-0.471,0.322,5
-0.251,-0.472,0.307,5
-0.239,-0.429,0.337,5
-0.267,-0.369,0.363,5
-0.201,-0.314,0.439,5
-0.207,-0.287,0.516,5
-0.117,-0.211,0.589,5
-0.088,-0.138,0.689,5
-0.041,-0.077,0.78,5
0.027,-0.005,0.892,5
0.033,0.06,0.94,5
0.081,0.144,1.062,5
0.151,0.242,1.067,5
0.08,0.304,1.081,5
0.067,0.377,1.111,5
0.017,0.473,1.138,5
-0.082,0.559,1.093,4
-0.165,0.632,1.04,5
-0.148,0.733,0.983,5
-0.194,0.81,0.971,5
-0.308,0.923,0.917,5
-0.372,1.025,0.881,5
-0.494,1.172,0.802,5
-0.479,1.253,0.747,5
-0.552,1.404,0.724,5
-0.673,1.573,0.682,5
-0.714,1.726,0.601,5
-0.793,1.967,0.528,5
-0.89,2.176,0.397,5
-0.965,2.311,0.168,5
-1.011,2.468,-0.046,5
-1.095,2.562,-0.365,5
-1.171,2.62,-0.682,5
-1.144,2.673,-1.036,5
-1.15,2.677,-1.26,4
-1.139,2.642,-1.487,5
-1.111,2.541,-1.588,5
-0.97,2.304,-1.576,5
-0.761,1.966,-1.591,5
-0.508,1.494,-1.531,5
-0.211,0.939,-1.459,5
0.184,0.371,-1.348,5
0.54,-0.225,-1.213,5
0.896,-0.78,-1.109,5
1.121,-1.245,-1.076,5
1.306,-1.676,-1.175,5
1.391,-2.03,-1.29,5
1.364,-2.224,-1.437,5
1.305,-2.324,-1.547,5
1.235,-2.355,-1.612,5
1.154,-2.309,-1.675,5
1.181,-2.225,-1.684,5
1.205,-2.105,-1.68,4
1.171,-1.994,-1.624,5
1.213,-1.924,-1.634,5
1.286,-1.865,-1.604,5
1.273,-1.747,-1.538,5
1.206,-1.654,-1.414,5
1.124,-1.575,-1.325,5
1.033,-1.53,-1.291,5
0.93,-1.493,-1.132,5
0.764,-1.456,-0.932,5
0.58,-1.362,-0.658,5
0.418,-1.238,-0.394,5
0.23,-1.158,-0.109,5
0.03,-1.098,0.142,5
-0.192,-0.88,0.3,5
-0.336,-0.715,0.382,5
-0.436,-0.553,0.426,5
-0.565,-0.372,0.401,5
-0.573,-0.201,0.317,4
-0.507,-0.056,0.26,5
-0.456,0.052,0.165,5
-0.342,0.133,0.002,5
-0.26,0.249,-0.088,5
-0.299,0.344,-0.049,5
-0.252,0.431,-0.044,5
-0.218,0.5,0.033,5
-0.248,0.57,0.15,5
-0.279,0.612,0.2,5
-0.212,0.603,0.253,5
-0.143,0.56,0.271,5
-0.099,0.495,0.334,5
-0.024,0.377,0.426,5
0.042,0.266,0.529,5
0.111,0.14,0.688,5
0.169,0.005,0.813,5
0.203,-0.15,0.826,5
0.252,-0.29,0.864,5
0.322,-0.377,0.894,4
0.337,-0.447,0.899,5
0.333,-0.536,0.917,5
0.343,-0.568,0.912,5
0.36,-0.602,0.928,5
0.29,-0.589,0.934,5
0.218,-0.552,0.94,5
0.213,-0.475,0.945,5
0.097,-0.406,0.863,5
0.023,-0.331,0.747,5
0.007,-0.237,0.646,5
-0.04,-0.158,0.504,5
-0.122,-0.107,0.385,5
-0.17,-0.019,0.264,5
-0.17,-0.013,0.139,5
-0.235,0.022,-0.012,5
-0.246,-0.014,-0.097,5
-0.247,-0.042,-0.061,5
-0.291,-0.077,-0.047,4
-0.318,-0.117,-0.016,5
-0.342,-0.178,0.075,5
-0.36,-0.221,0.089,5
-0.289,-0.267,0.145,5
-0.2,-0.284,0.165,5
-0.102,-0.285,0.243,5
-0.002,-0.291,0.374,5
0.036,-0.314,0.379,5
0.115,-0.3,0.423,5
0.163,-0.283,0.441,5
0.147,-0.293,0.475,5
0.162,-0.328,0.384,5
0.215,-0.351,0.367,5
0.181,-0.303,0.382,5
0.119,-0.368,0.413,5
0.099,-0.383,0.402,5
0.132,-0.4,0.396,5
0.071,-0.378,0.408,4
0.025,-0.383,0.436,5
0.023,-0.426,0.44,5
0.059,-0.504,0.448,5
0.109,-0.549,0.489,5
0.133,-0.606,0.462,5
0.15,-0.666,0.407,5
0.195,-0.763,0.362,5
0.257,-0.833,0.373,5
0.292,-0.87,0.396,5
0.267,-0.926,0.451,5
0.201,-0.923,0.505,5
0.104,-0.883,0.549,5
-0.026,-0.76,0.503,5
-0.175,-0.637,0.444,5
-0.338,-0.465,0.404,5
-0.52,-0.233,0.234,5
-0.562,-0.05,0.034,5
-0.519,0.208,-0.085,5
-0.527,0.454,-0.27,4
-0.548,0.659,-0.39,5
-0.532,0.826,-0.394,5
-0.522,0.997,-0.441,5
-0.543,1.113,-0.396,5
-0.48,1.23,-0.318,5
-0.384,1.318,-0.221,5
-0.268,1.328,-0.061,5
-0.129,1.312,-0.072,5
-0.039,1.327,-0.035,5
0.08,1.324,-0.027,5
0.124,1.351,0.117,5
0.185,1.349,0.105,5
0.265,1.451,0.159,5
0.385,1.517,0.221,5
0.45,1.594,0.354,5
0.435,1.732,0.426,5
0.599,1.8,0.582,5
0.552,1.917,0.692,4
0.488,1.984,0.661,5
0.491,2.005,0.81,5
0.36,1.99,0.923,5
0.177,1.994,1.055,5
-0.154,1.979,1.023,5
-0.492,1.962,0.83,5
-0.753,1.956,0.316,5
-0.967,1.98,-0.495,5
-0.939,2.105,-1.29,5
-0.535,2.188,-1.859,5
0.091,2.167,-2.203,5
0.935,1.993,-2.284,5
1.747,1.695,-2.095,5
2.447,1.405,-1.743,5
2.788,1.156,-1.814,5
2.802,0.946,-2.146,5
2.66,0.692,-2.396,5
2.23,0.334,-2.54,4
1.654,-0.121,-2.428,5
1.044,-0.635,-2.065,5
0.44,-1.2,-1.651,5
-0.176,-1.696,-1.202,5
-0.758,-2.053,-0.642,5
-1.371,-2.261,-0.22,5
-1.932,-2.397,0.051,5
-2.48,-2.472,0.192,5
-2.965,-2.47,0.143,5
-3.328,-2.413,-0.004,5
-3.615,-2.365,-0.202,5
-3.788,-2.223,-0.488,5
-3.823,-2.001,-0.732,5
-3.505,-1.827,-0.96,5
-3.09,-1.592,-1.308,5
-2.566,-1.243,-1.47,5
-1.912,-0.839,-1.509,5
-1.243,-0.371,-1.521,4
-0.575,0.01,-1.537,5
0.072,0.392,-1.401,5
0.607,0.646,-1.213,5
0.934,0.736,-0.919,5
1.255,0.74,-0.56,5
1.457,0.61,-0.146,5
1.526,0.398,0.083,5
1.546,0.083,0.255,5
1.486,-0.218,0.381,5
1.338,-0.48,0.407,5
1.139,-0.682,0.517,5
0.9,-0.812,0.694,5
0.672,-0.856,0.762,5
0.333,-0.839,0.82,5
0.05,-0.738,0.802,5
-0.191,-0.638,0.744,5
-0.396,-0.484,0.648,5
-0.49,-0.41,0.578,5
-0.592,-0.295,0.525,4
-0.558,-0.249,0.429,5
-0.472,-0.249,0.378,5
-0.339,-0.229,0.344,5
-0.154,-0.223,0.314,5
0.028,-0.257,0.295,5
0.207,-0.291,0.309,5
0.354,-0.301,0.188,5
0.53,-0.245,0.182,5
0.696,-0.268,0.215,5
0.76,-0.288,0.172,5
0.839,-0.264,0.125,5
0.824,-0.268,0.129,5
0.772,-0.236,0.129,5
0.669,-0.23,0.172,5
0.555,-0.181,0.233,5
0.452,-0.116,0.334,5
0.312,-0.113,0.374,5
0.16,-0.097,0.406,4
0.049,-0.091,0.468,5
-0.127,-0.134,0.473,5
-0.253,-0.177,0.473,5
-0.352,-0.224,0.568,5
-0.429,-0.27,0.528,5
-0.442,-0.308,0.501,5
-0.441,-0.316,0.52,5
-0.388,-0.28,0.516,5
-0.298,-0.303,0.46,5
-0.207,-0.295,0.392,5
-0.079,-0.295,0.357,5
-0.041,-0.257,0.347,5
0.044,-0.249,0.291,5
0.169,-0.232,0.236,5
0.256,-0.235,0.212,5
0.264,-0.267,0.225,5
0.324,-0.236,0.194,5
0.317,-0.204,0.136,4
0.299,-0.166,0.153,5
0.277,-0.115,0.193,5
0.163,-0.082,0.139,5
0.203,-0.061,0.095,5
0.178,-0.02,0.099,5
0.109,-0.022,0.123,5
0.128,0.018,0.106,5
0.154,0.037,0.173,5
0.164,0.055,0.246,5
0.096,0.037,0.338,5
0.061,0.042,0.326,5
0.055,0.093,0.384,5
-0.015,0.071,0.367,5
-0.052,0.038,0.369,5
-0.042,0.043,0.375,5
-0.029,-0.012,0.424,5
-0.121,-0.067,0.355,5
-0.062,-0.181,0.333,5
-0.073,-0.275,0.373,4
-0.121,-0.377,0.4,5
-0.096,-0.481,0.476,5
-0.1,-0.554,0.567,5
-0.12,-0.619,0.661,5
-0.095,-0.643,0.75,5
0.004,-0.635,0.787,5
0.073,-0.632,0.82,5
0.057,-0.555,0.833,5
0.116,-0.547,0.801,5
0.186,-0.505,0.755,5
0.232,-0.472,0.693,5
0.316,-0.433,0.611,5
0.315,-0.407,0.549,5
0.357,-0.371,0.417,5
0.386,-0.342,0.263,5
0.347,-0.299,0.172,5
0.291,-0.209,0.043,5
0.236,-0.145,-0.021,4
0.225,-0.122,-0.066,5
0.241,-0.071,-0.128,5
0.187,-0.064,-0.146,5
0.151,0.006,-0.101,5
0.075,0.049,-0.061,5
0.042,0.078,-0.029,5
-0.004,0.174,0.094,5
0.077,0.221,0.179,5
0.061,0.298,0.269,5
-0.009,0.393,0.264,5
-0.056,0.474,0.306,5
-0.106,0.522,0.353,5
-0.057,0.513,0.352,5
-0.059,0.513,0.304,5
-0.015,0.518,0.252,5
0.055,0.475,0.21,5
0.084,0.362,0.24,5
0.149,0.249,0.289,4
0.22,0.086,0.36,5
0.262,-0.064,0.509,5
0.284,-0.161,0.609,5
0.32,-0.27,0.712,5
0.383,-0.359,0.821,5
0.353,-0.418,0.83,5
0.309,-0.419,0.811,5
0.205,-0.356,0.653,5
0.094,-0.256,0.48,5
-0.005,-0.109,0.319,5
-0.224,0.086,0.141,5
-0.404,0.31,0.002,5
-0.605,0.585,-0.135,5
-0.821,0.91,-0.225,5
-0.932,1.185,-0.259,5
-1.055,1.463,-0.31,5
-1.117,1.731,-0.314,5
-1.036,1.907,-0.256,4
-0.928,2.03,-0.157,5
-0.805,2.138,-0.004,5
-0.586,2.195,0.185,5
-0.398,2.195,0.486,5
-0.126,2.075,0.743,5
0.213,1.872,1.026,5
0.696,1.499,1.204,5
1.243,1.009,1.342,5
1.7,0.442,1.445,5
2.069,-0.152,1.145,5
2.461,-0.84,0.703,5
2.633,-1.484,-0.009,5
2.279,-1.659,-1.068,5
1.133,-1.26,-2.193,5
-0.643,-0.341,-3.564,5
-2.608,0.86,-4.578,5
-4.42,2.106,-5.159,5
-6.292,3.485,-5.669,5
-7.68,4.882,-6.205,4
-7.683,5.893,-6.205,5
-7.32,6.851,-5.141,5
-5.636,7.019,-3.295,5
-3.801,6.46,-1.366,5
-0.662,4.723,-0.359,5
2.118,2.738,-0.534,5
3.953,0.663,-0.33,5
4.829,-1.1,-0.314,5
5.264,-2.615,-0.559,5
5.354,-3.879,-0.412,5
5.323,-4.668,-0.216,5
4.941,-4.981,-0.151,5
4.52,-4.983,0.135,5
4.06,-4.665,0.526,5
3.162,-4.082,0.818,5
1.967,-3.299,1.042,5
0.826,-2.474,1.063,5
0.058,-1.718,0.711,4
-0.339,-0.99,0.343,5
-0.606,-0.309,-0.087,5
-0.783,0.333,-0.458,5
-0.752,0.799,-0.795,5
-0.642,1.181,-1.108,5
-0.457,1.42,-1.273,5
-0.174,1.515,-1.327,5
0.066,1.489,-1.203,5
0.223,1.348,-1.074,5
0.253,1.123,-0.85,5
0.197,0.83,-0.523,5
0.031,0.462,-0.329,5
-0.131,0.062,-0.111,5
-0.337,-0.344,0.132,5
-0.498,-0.68,0.274,5
-0.577,-1.0,0.428,5
-0.636,-1.253,0.523,5
-0.663,-1.477,0.535,4
-0.674,-1.644,0.628,5
-0.658,-1.669,0.664,5
-0.657,-1.661,0.744,5
-0.682,-1.629,0.752,5
-0.691,-1.539,0.737,5
-0.678,-1.463,0.711,5
-0.606,-1.355,0.713,5
-0.524,-1.31,0.719,5
-0.437,-1.183,0.694,5
-0.277,-1.117,0.642,5
-0.184,-1.074,0.608,5
-0.006,-1.04,0.577,5
0.071,-0.936,0.593,5
0.202,-0.915,0.551,5
0.311,-0.897,0.552,5
0.387,-0.889,0.488,5
0.465,-0.861,0.482,5
0.578,-0.895,0.46,5
0.632,-0.887,0.461,4
0.646,-0.837,0.527,5
0.659,-0.805,0.517,5
0.727,-0.794,0.409,5
0.62,-0.654,0.343,5
0.584,-0.537,0.304,5
0.504,-0.444,0.239,5
0.449,-0.275,0.163,5
0.391,-0.084,0.117,5
0.326,0.096,0.036,5
0.263,0.302,-0.01,5
0.215,0.5,-0.065,5
0.116,0.631,-0.14,5
0.126,0.745,-0.173,5
0.178,0.791,-0.104,5
0.199,0.802,-0.154,5
0.239,0.8,-0.117,5
0.194,0.724,-0.088,5
0.205,0.591,-0.071,4
0.227,0.489,0.026,5
0.2,0.319,0.079,5
0.171,0.171,0.222,5
0.137,0.016,0.29,5
0.011,-0.131,0.356,5
-0.075,-0.26,0.407,5
-0.141,-0.32,0.379,5
-0.278,-0.344,0.436,5
-0.353,-0.353,0.465,5
-0.344,-0.356,0.462,5
-0.357,-0.325,0.429,5
-0.407,-0.323,0.412,5
-0.349,-0.342,0.349,5
-0.331,-0.321,0.279,5
-0.324,-0.306,0.26,5
-0.283,-0.305,0.281,5
-0.246,-0.296,0.253,5
-0.204,-0.31,0.271,5
-0.162,-0.287,0.326,4
-0.172,-0.276,0.358,5
-0.15,-0.291,0.33,5
-0.191,-0.215,0.405,5
-0.176,-0.137,0.464,5
-0.154,-0.059,0.452,5
-0.173,0.032,0.424,5
-0.212,0.133,0.411,5
-0.294,0.261,0.375,5
-0.316,0.382,0.307,5
-0.323,0.464,0.302,5
-0.304,0.517,0.259,5
-0.295,0.564,0.216,5
-0.304,0.607,0.121,5
-0.282,0.619,0.079,5
-0.25,0.592,0.015,5
-0.173,0.55,0.026,5
-0.108,0.499,0.075,5
-0.037,0.445,0.145,4
-0.008,0.357,0.234,5
0.096,0.274,0.275,5
0.103,0.208,0.364,5
0.175,0.161,0.345,5
0.17,0.11,0.396,5
0.166,0.043,0.421,5
0.249,0.013,0.487,5
0.284,-0.065,0.585,5
0.312,-0.076,0.552,5
0.358,-0.107,0.536,5
0.374,-0.126,0.529,5
0.362,-0.122,0.494,5
0.386,-0.123,0.483,5
0.386,-0.089,0.465,5
0.391,-0.045,0.47,5
0.326,-0.028,0.436,5
0.297,0.026,0.422,5
0.238,0.07,0.346,4
0.184,0.093,0.328,5
0.148,0.119,0.239,5
0.168,0.081,0.207,5
0.177,0.06,0.212,5
0.185,0.019,0.199,5
0.248,0.0,0.128,5
0.232,-0.025,0.076,5
0.234,-0.091,0.086,5
0.241,-0.186,0.142,5
0.208,-0.24,0.209,5
0.162,-0.311,0.305,5
0.171,-0.383,0.365,5
0.145,-0.466,0.414,5
0.096,-0.522,0.515,5
0.057,-0.565,0.563,5
-0.069,-0.569,0.511,5
-0.071,-0.555,0.55,5
-0.107,-0.538,0.478,4
-0.208,-0.489,0.477,5
-0.29,-0.414,0.46,5
-0.356,-0.342,0.448,5
-0.424,-0.248,0.408,5
-0.438,-0.119,0.332,5
-0.441,0.004,0.277,5
-0.483,0.15,0.288,5
-0.499,0.311,0.466,5
-0.324,0.328,0.471,5
-0.37,0.428,0.187,5
-0.328,0.545,-0.093,5
-0.269,0.585,-0.119,5
-0.208,0.66,-0.042,5
-0.183,0.732,-0.008,5
-0.208,0.801,0.169,5
-0.208,0.786,0.38,5
-0.187,0.75,0.398,5
-0.139,0.658,0.535,5
-0.168,0.631,0.495,4
-0.039,0.494,0.544,5
0.033,0.372,0.468,5
0.073,0.296,0.331,5
0.143,0.175,0.487,5
0.206,0.11,0.387,5
0.298,-0.029,0.391,5
0.341,-0.104,0.572,5
0.165,-0.162,0.67,5
-0.071,-0.198,0.814,5
-0.163,-0.255,0.853,5
-0.301,-0.234,0.785,5
-0.534,-0.055,0.241,5
-0.588,0.32,-0.666,5
-0.413,0.96,-1.56,5
0.196,1.506,-2.658,5
1.125,1.855,-3.905,5
2.133,2.191,-4.98,5
2.971,2.472,-5.779,4
3.445,2.863,-5.774,5
3.575,3.378,-5.214,5
3.333,3.686,-4.266,5
2.647,3.852,-3.313,5
1.447,3.894,-2.439,5
-0.059,3.707,-1.643,5
-1.591,3.202,-0.979,5
-2.841,2.52,-0.394,5
-3.622,1.725,0.226,5
-4.13,0.923,0.703,5
-4.402,-0.008,0.917,5
-4.406,-0.852,0.92,5
-4.129,-1.629,0.604,5
-3.625,-2.229,0.259,5
-2.957,-2.605,-0.106,5
-2.097,-2.767,-0.406,5
-1.167,-2.757,-0.619,5
-0.292,-2.542,-0.687,5
0.443,-2.188,-0.734,4
1.105,-1.741,-0.924,5
1.723,-1.295,-1.129,5
2.081,-0.907,-1.085,5
2.153,-0.549,-1.041,5
2.028,-0.275,-0.971,5
1.821,-0.187,-0.827,5
1.583,-0.237,-0.752,5
1.295,-0.368,-0.595,5
1.002,-0.556,-0.363,5
0.708,-0.767,-0.228,5
0.417,-0.91,-0.02,5
0.117,-1.017,0.192,5
-0.2,-1.071,0.354,5
-0.576,-1.05,0.457,5
-0.898,-1.009,0.588,5
-1.114,-0.999,0.697,5
-1.21,-0.989,0.877,5
-1.244,-0.977,0.97,4
-1.227,-0.948,0.964,5
-1.177,-0.87,0.88,5
-1.051,-0.856,0.857,5
-0.868,-0.814,0.758,5
-0.674,-0.741,0.587,5
-0.443,-0.68,0.408,5
-0.265,-0.586,0.272,5
-0.066,-0.523,0.167,5
0.142,-0.415,0.099,5
0.344,-0.343,0.076,5
0.525,-0.244,0.09,5
0.666,-0.172,0.163,5
0.772,-0.086,0.203,5
0.85,-0.047,0.268,5
0.851,0.0,0.259,5
0.843,0.021,0.263,5
0.785,0.036,0.275,5
0.698,-0.04,0.325,5
0.615,-0.057,0.418,4
0.515,-0.094,0.445,5
0.36,-0.145,0.465,5
0.233,-0.174,0.513,5
0.119,-0.251,0.483,5
-0.017,-0.321,0.431,5
-0.144,-0.384,0.439,5
-0.22,-0.405,0.387,5
-0.293,-0.417,0.335,5
-0.376,-0.405,0.358,5
-0.377,-0.382,0.339,5
-0.352,-0.322,0.258,5
-0.343,-0.221,0.223,5
-0.313,-0.16,0.158,5
-0.247,-0.079,0.116,5
-0.14,0.074,0.083,5
-0.044,0.183,0.083,5
0.054,0.234,0.032,4
0.156,0.322,0.016,5
0.279,0.372,-0.037,5
0.363,0.374,-0.02,5
0.473,0.401,0.007,5
0.594,0.395,0.006,5
0.646,0.377,0.027,5
0.676,0.322,-0.014,5
0.79,0.217,-0.068,5
0.805,0.152,-0.079,5
0.781,0.055,-0.084,5
0.763,-0.04,-0.054,5
0.657,-0.105,-0.083,5
0.518,-0.168,-0.031,5
0.41,-0.177,0.031,5
0.33,-0.22,0.063,5
0.215,-0.266,0.069,5
0.086,-0.317,0.17,5
-0.043,-0.286,0.252,5
-0.228,-0.304,0.296,4
-0.364,-0.317,0.339,5
-0.466,-0.333,0.443,5
-0.566,-0.342,0.528,5
-0.673,-0.373,0.605,5
-0.774,-0.323,0.652,5
-0.821,-0.26,0.647,5
-0.898,-0.182,0.599,5
-0.972,-0.108,0.583,5
-0.948,-0.007,0.494,5
-0.935,0.114,0.363,5
-0.868,0.223,0.378,5
-0.794,0.283,0.314,5
-0.671,0.349,0.244,5
-0.535,0.443,0.228,5
-0.365,0.533,0.162,5
-0.186,0.548,0.249,5
-0.017,0.519,0.289,5
0.173,0.472,0.29,4
0.337,0.403,0.322,5
0.441,0.311,0.32,5
0.557,0.228,0.344,5
0.561,0.128,0.352,5
0.578,0.029,0.351,5
0.529,-0.085,0.368,5
0.506,-0.202,0.413,5
0.481,-0.276,0.441,5
0.442,-0.326,0.526,5
0.389,-0.341,0.503,5
0.393,-0.359,0.492,5
0.367,-0.374,0.421,5
0.265,-0.289,0.301,5
0.269,-0.235,0.193,5
0.307,-0.215,0.084,5
0.228,-0.125,-0.044,5
0.219,-0.065,-0.113,5
0.197,-0.002,-0.158,5
0.181,0.044,-0.172,4
0.193,0.07,-0.064,5
0.187,0.003,0.032,5
0.164,-0.023,0.115,5
0.13,-0.081,0.267,5
0.087,-0.241,0.382,5
0.039,-0.376,0.426,5
-0.011,-0.476,0.538,5
-0.053,-0.553,0.571,5
-0.065,-0.658,0.604,5
-0.101,-0.704,0.699,5
-0.113,-0.732,0.659,5
-0.106,-0.814,0.623,5
-0.112,-0.823,0.608,5
-0.136,-0.801,0.517,5
-0.118,-0.794,0.418,5
-0.097,-0.693,0.329,5
-0.062,-0.589,0.218,5
-0.017,-0.449,0.145,4
-0.002,-0.287,0.122,5
-0.002,-0.129,0.019,5
-0.019,0.072,-0.055,5
-0.021,0.242,-0.11,5
-0.049,0.424,-0.125,5
-0.005,0.55,-0.147,5
0.02,0.667,-0.05,5
0.018,0.738,0.023,5
0.012,0.764,0.145,5
0.028,0.73,0.226,5
-0.017,0.649,0.259,5
-0.045,0.575,0.298,5
-0.11,0.466,0.264,5
-0.103,0.372,0.349,5
-0.144,0.33,0.422,5
-0.134,0.241,0.505,5
-0.104,0.208,0.588,5
-0.059,0.187,0.68,4
0.002,0.195,0.741,5
0.101,0.179,0.684,5
0.134,0.196,0.59,5
0.168,0.181,0.535,5
0.276,0.18,0.486,5
0.296,0.127,0.467,5
0.223,0.08,0.515,5
0.132,-0.009,0.632,5
0.002,-0.086,0.638,5
-0.023,-0.133,0.578,5
0.004,-0.206,0.533,5
0.068,-0.241,0.493,5
0.087,-0.191,0.435,5
0.139,-0.116,0.426,5
0.108,0.101,0.392,5
0.062,0.328,0.253,5
-0.038,0.593,0.107,5
-0.094,0.874,-0.109,4
-0.123,1.101,-0.232,5
-0.137,1.267,-0.364,5
-0.071,1.312,-0.431,5
-0.021,1.246,-0.418,5
0.023,1.151,-0.376,5
0.15,0.976,-0.226,5
0.338,0.697,-0.044,5
0.519,0.33,-0.001,5
0.782,-0.068,-0.272,5
1.027,-0.419,-0.633,5
0.799,-0.433,-1.354,5
0.18,0.053,-2.279,5
-0.746,0.953,-3.335,5
-1.921,2.064,-4.467,5
-3.453,3.461,-5.485,5
-5.258,4.869,-6.178,5
-6.671,6.088,-6.094,5
-6.883,6.798,-4.64,4
-5.984,6.661,-2.543,5
-3.963,5.737,-1.306,5
-1.619,4.521,-1.037,5
0.912,3.017,-0.843,5
2.864,1.392,-0.616,5
4.495,-0.405,-0.632,5
5.472,-1.981,-0.819,5
6.321,-3.442,-0.616,5
6.693,-4.451,-0.171,5
6.683,-5.13,0.444,5
6.915,-5.738,0.736,5
6.129,-5.681,0.822,5
5.089,-5.32,1.024,5
3.378,-4.426,0.904,5
1.045,-3.186,0.443,5
-0.895,-2.027,0.037,5
-2.098,-1.048,-0.298,5
-2.733,-0.082,-0.846,5
-3.149,0.912,-1.213,4
-3.321,1.743,-1.312,5
-3.325,2.362,-1.53,5
-3.096,2.69,-1.687,5
-2.773,2.805,-1.566,5
-2.517,2.766,-1.275,5
-2.106,2.493,-0.902,5
-1.641,2.028,-0.519,5
-1.111,1.438,-0.178,5
-0.625,0.777,0.024,5
-0.019,0.096,0.172,5
0.525,-0.508,0.336,5
0.873,-1.039,0.475,5
1.148,-1.448,0.574,5
1.352,-1.768,0.65,5
1.462,-1.927,0.701,5
1.51,-1.985,0.756,5
1.484,-1.954,0.81,5
1.374,-1.953,0.832,4
1.245,-1.844,0.745,5
1.091,-1.689,0.661,5
0.891,-1.477,0.556,5
0.655,-1.217,0.458,5
0.37,-0.992,0.416,5
0.031,-0.755,0.409,5
-0.264,-0.576,0.402,5
-0.565,-0.48,0.444,5
-0.754,-0.376,0.443,5
-0.894,-0.407,0.515,5
-0.981,-0.435,0.545,5
-1.013,-0.504,0.512,5
-0.989,-0.526,0.521,5
-0.898,-0.56,0.534,5
-0.735,-0.603,0.519,5
-0.58,-0.637,0.506,5
-0.388,-0.638,0.438,5
-0.181,-0.562,0.416,4
0.064,-0.548,0.4,5
0.239,-0.494,0.287,5
0.443,-0.418,0.185,5
0.601,-0.363,0.119,5
0.658,-0.323,0.038,5
0.712,-0.29,-0.012,5
0.702,-0.24,-0.033,5
0.636,-0.19,0.008,5
0.516,-0.154,0.059,5
0.391,-0.108,0.062,5
0.287,-0.063,0.086,5
0.142,-0.035,0.163,5
0.016,0.015,0.25,5
-0.127,0.022,0.307,5
-0.235,0.037,0.393,5
-0.392,0.068,0.397,5
-0.478,0.078,0.404,5
-0.525,0.04,0.407,4
-0.572,-0.002,0.47,5
-0.566,-0.04,0.466,5
-0.544,-0.131,0.441,5
-0.481,-0.23,0.401,5
-0.454,-0.315,0.339,5
-0.4,-0.391,0.301,5
-0.36,-0.468,0.253,5
-0.311,-0.477,0.241,5
-0.263,-0.516,0.238,5
-0.137,-0.516,0.275,5
-0.033,-0.481,0.277,5
0.073,-0.407,0.25,5
0.126,-0.354,0.186,5
0.178,-0.258,0.189,5
0.298,-0.198,0.161,5
0.32,-0.139,0.124,5
0.331,-0.039,0.081,5
0.341,0.059,0.073,5
0.311,0.191,0.057,4
0.34,0.267,0.03,5
0.336,0.356,0.027,5
0.367,0.433,-0.031,5
0.283,0.501,0.005,5
0.255,0.499,0.035,5
0.199,0.483,0.1,5
0.11,0.439,0.133,5
0.052,0.378,0.163,5
-0.026,0.314,0.229,5
-0.036,0.214,0.305,5
-0.084,0.132,0.391,5
-0.084,0.028,0.489,5
-0.08,-0.081,0.496,5
-0.102,-0.146,0.55,5
-0.131,-0.205,0.573,5
-0.122,-0.288,0.597,5
-0.11,-0.315,0.654,5
-0.133,-0.335,0.657,5
-0.163,-0.379,0.626,4
-0.147,-0.415,0.563,5
-0.231,-0.429,0.533,5
-0.272,-0.455,0.436,5
-0.297,-0.431,0.432,5
-0.271,-0.405,0.388,5
-0.274,-0.343,0.337,5
-0.238,-0.235,0.32,5
-0.193,-0.173,0.297,5
-0.1,-0.035,0.297,5
-0.069,0.14,0.306,5
-0.006,0.272,0.245,5
0.084,0.396,0.229,5
0.123,0.49,0.202,5
0.167,0.536,0.152,5
0.228,0.616,0.102,5
0.239,0.632,0.096,5
0.276,0.62,0.104,5
0.291,0.593,0.037,4
0.314,0.529,-0.047,5
0.347,0.454,-0.043,5
0.295,0.357,-0.03,5
0.3,0.291,-0.001,5
0.3,0.202,0.037,5
0.24,0.156,0.124,5
0.237,0.101,0.159,5
0.231,0.026,0.203,5
0.221,0.037,0.291,5
0.22,0.02,0.287,5
0.258,0.027,0.297,5
0.181,0.054,0.328,5
0.214,0.092,0.295,5
0.214,0.121,0.27,5
0.184,0.156,0.264,5
0.153,0.158,0.242,5
0.06,0.194,0.192,5
0.045,0.196,0.207,4
-0.014,0.172,0.195,5
-0.043,0.181,0.266,5
-0.138,0.171,0.416,5
-0.154,0.145,0.491,5
-0.169,0.066,0.575,5
-0.199,-0.082,0.548,5
-0.209,-0.173,0.493,5
-0.154,-0.28,0.495,5
-0.1,-0.42,0.377,5
-0.064,-0.529,0.231,5
-0.032,-0.575,0.182,5
-0.007,-0.621,0.16,5
0.032,-0.602,0.161,5
0.05,-0.581,0.158,5
0.015,-0.505,0.181,5
-0.046,-0.412,0.171,5
-0.08,-0.267,0.167,5
-0.128,-0.15,0.124,5
-0.184,-0.036,0.159,4
-0.2,0.058,0.204,5
-0.236,0.224,0.287,5
-0.243,0.301,0.331,5
-0.309,0.361,0.376,5
-0.33,0.428,0.312,5
-0.353,0.467,0.259,5
-0.348,0.524,0.276,5
-0.278,0.545,0.335,5
-0.259,0.486,0.375,5
-0.16,0.433,0.406,5
-0.139,0.329,0.469,5
-0.091,0.236,0.452,5
0.025,0.131,0.446,5
0.027,0.018,0.448,5
0.015,-0.043,0.46,5
0.031,-0.125,0.569,5
0.002,-0.203,0.658,4
-0.191,-0.161,0.567,5
-0.379,-0.041,0.092,5
-0.505,0.251,-0.627,5
-0.364,0.635,-1.651,5
-0.008,0.998,-2.778,5
0.565,1.282,-3.75,5
1.465,1.572,-4.233,5
2.215,1.936,-4.189,5
2.933,2.371,-3.641,5
3.394,2.858,-3.061,5
3.382,3.314,-2.875,5
2.962,3.672,-2.653,5
2.105,3.96,-2.137,5
1.067,3.973,-1.643,5
-0.051,3.688,-1.44,5
-1.167,3.233,-1.378,5
-2.136,2.577,-1.18,5
-2.935,1.725,-0.971,5
-3.279,0.738,-0.827,4
-3.378,-0.171,-0.697,5
-3.204,-0.986,-0.709,5
-2.901,-1.615,-0.698,5
-2.516,-2.036,-0.602,5
-2.083,-2.254,-0.572,5
-1.564,-2.261,-0.412,5
-1.059,-2.13,-0.327,5
-0.621,-1.908,-0.501,5
-0.162,-1.588,-0.869,5
0.258,-1.223,-1.256,5
0.478,-0.816,-1.536,5
0.706,-0.532,-1.649,5
0.846,-0.25,-1.596,5
0.904,-0.186,-1.441,5
0.865,-0.086,-1.232,5
0.71,-0.077,-0.928,5
0.501,-0.207,-0.607,5
0.183,-0.32,-0.279,4
-0.179,-0.4,0.08,5
-0.51,-0.481,0.473,5
-0.821,-0.562,0.731,5
-1.066,-0.639,0.934,5
-1.214,-0.717,1.056,5
-1.299,-0.745,1.11,5
-1.402,-0.851,1.115,5
-1.408,-0.913,1.159,5
-1.336,-1.002,1.069,5
-1.259,-1.079,1.044,5
-1.055,-1.113,1.025,5
-0.838,-1.131,0.957,5
-0.5,-1.143,0.84,5
-0.152,-1.136,0.76,5
0.168,-1.126,0.65,5
0.53,-1.056,0.516,5
0.895,-0.981,0.408,5
1.228,-0.926,0.38,4
1.377,-0.868,0.359,5
1.472,-0.798,0.319,5
1.462,-0.735,0.309,5
1.368,-0.679,0.286,5
1.235,-0.654,0.193,5
1.064,-0.623,0.178,5
0.803,-0.569,0.147,5
0.593,-0.551,0.171,5
0.361,-0.612,0.184,5
0.14,-0.594,0.269,5
-0.076,-0.548,0.281,5
-0.292,-0.51,0.317,5
-0.483,-0.463,0.329,5
-0.615,-0.378,0.313,5
-0.692,-0.302,0.329,5
-0.7,-0.263,0.3,5
-0.639,-0.198,0.266,5
-0.579,-0.092,0.231,4
-0.413,-0.009,0.199,5
-0.286,0.064,0.136,5
-0.184,0.118,0.122,5
-0.062,0.197,0.179,5
0.068,0.16,0.183,5
0.208,0.144,0.173,5
0.299,0.095,0.229,5
0.329,0.059,0.283,5
0.331,-0.002,0.294,5
0.371,-0.032,0.282,5
0.265,-0.037,0.266,5
0.208,-0.063,0.283,5
0.187,-0.083,0.246,5
0.121,-0.105,0.213,5
0.096,-0.064,0.209,5
0.035,-0.07,0.183,5
0.018,-0.05,0.174,5
0.021,-0.067,0.139,5
0.014,-0.026,0.151,4
0.021,0.062,0.2,5
0.011,0.129,0.12,5
0.061,0.202,0.125,5
0.072,0.264,0.134,5
0.104,0.306,0.203,5
0.154,0.315,0.174,5
0.216,0.313,0.208,5
0.22,0.325,0.26,5
0.254,0.323,0.273,5
0.241,0.26,0.241,5
0.23,0.208,0.234,5
0.173,0.14,0.263,5
0.164,0.035,0.305,5
0.178,-0.062,0.305,5
0.065,-0.133,0.218,5
0.037,-0.193,0.308,5
-0.009,-0.243,0.351,5
-0.025,-0.257,0.406,4
-0.087,-0.223,0.452,5
-0.156,-0.183,0.484,5
-0.196,-0.126,0.444,5
-0.237,-0.045,0.482,5
-0.226,0.049,0.498,5
-0.225,0.169,0.44,5
-0.185,0.286,0.417,5
-0.236,0.387,0.233,5
-0.139,0.443,0.227,5
-0.06,0.463,0.157,5
0.035,0.382,0.184,5
0.157,0.361,0.166,5
0.236,0.312,0.171,5
0.294,0.264,0.184,5
0.325,0.207,0.191,5
0.387,0.173,0.172,5
0.366,0.109,0.168,5
0.381,0.068,0.194,4
0.381,0.005,0.218,5
0.348,-0.068,0.239,5
0.347,-0.083,0.258,5
0.282,-0.143,0.267,5
0.228,-0.151,0.361,5
0.201,-0.174,0.381,5
0.142,-0.187,0.407,5
0.128,-0.142,0.461,5
0.106,-0.115,0.445,5
0.122,-0.069,0.47,5
0.109,-0.019,0.444,5
0.103,0.034,0.469,5
0.11,0.069,0.439,5
0.034,0.122,0.425,5
-0.012,0.17,0.426,5
0.066,0.093,0.448,5
-0.004,0.114,0.476,5
-0.055,0.12,0.403,4
-0.089,0.077,0.47,5
-0.114,0.035,0.466,5
-0.137,-0.054,0.411,5
-0.158,-0.152,0.357,5
-0.198,-0.231,0.325,5
-0.239,-0.294,0.207,5
-0.21,-0.385,0.177,5
-0.194,-0.351,0.134,5
-0.2,-0.398,0.193,5
-0.128,-0.358,0.269,5
-0.059,-0.27,0.281,5
-0.019,-0.261,0.261,5
0.025,-0.191,0.274,5
0.023,-0.138,0.294,5
0.046,-0.145,0.273,5
0.059,-0.075,0.267,5
0.061,-0.029,0.258,4
0.081,0.012,0.219,5
0.112,0.05,0.266,5
0.126,0.062,0.239,5
0.157,0.086,0.263,5
0.236,0.077,0.245,5
0.285,0.074,0.251,5
0.287,0.019,0.247,5
0.297,0.017,0.222,5
0.379,-0.031,0.209,5
0.38,-0.05,0.222,5
0.321,-0.057,0.278,5
0.323,-0.073,0.224,5
0.256,-0.122,0.279,5
0.226,-0.144,0.311,5
0.169,-0.151,0.289,5
0.079,-0.145,0.325,5
0.045,-0.208,0.344,5
-0.032,-0.26,0.331,5
-0.106,-0.281,0.311,4
-0.164,-0.296,0.301,5
-0.251,-0.297,0.357,5
-0.364,-0.259,0.429,5
-0.474,-0.177,0.425,5
-0.586,-0.068,0.378,5
-0.588,0.067,0.426,5
-0.624,0.185,0.47,5
-0.622,0.304,0.449,5
-0.598,0.433,0.356,5
-0.573,0.493,0.325,5
-0.537,0.513,0.34,5
-0.509,0.569,0.276,5
-0.368,0.521,0.257,5
-0.245,0.477,0.352,5
-0.069,0.4,0.467,5
0.243,0.316,0.64,5
0.554,0.199,0.701,5
0.904,0.049,0.588,4
1.214,-0.205,0.602,5
1.468,-0.494,0.495,5
1.442,-0.768,-0.024,5
1.069,-0.821,-1.03,5
0.195,-0.476,-2.323,5
-1.194,0.304,-3.465,5
-2.488,1.178,-4.946,5
-3.687,2.409,-6.395,5
-5.219,4.073,-6.816,5
-6.192,5.73,-6.539,5
-6.53,7.226,-5.786,5
-5.954,8.21,-3.923,5
-4.105,8.406,-1.742,5
-2.203,8.13,-0.004,5
0.274,6.959,1.379,5
2.553,5.035,1.185,5
4.685,2.532,0.623,5
6.177,0.21,0.328,4
6.805,-1.668,-0.096,5
7.102,-3.242,-0.449,5
7.103,-4.465,-0.477,5
7.229,-5.475,-0.291,5
7.148,-6.125,-0.098,5
6.145,-6.112,0.277,5
4.142,-5.44,0.434,5
1.578,-4.379,0.305,5
-0.376,-3.558,0.085,5
-1.847,-2.775,-0.013,5
-3.028,-1.804,-0.284,5
-3.842,-0.787,-0.544,5
-4.074,0.023,-0.619,5
-4.153,0.758,-0.768,5
-3.915,1.277,-0.816,5
-3.553,1.739,-0.829,5
-3.245,2.082,-0.772,4
-2.722,2.215,-0.639,5
-1.894,2.062,-0.614,5
-1.032,1.8,-0.656,5
-0.313,1.46,-0.573,5
0.463,1.034,-0.442,5
1.042,0.521,-0.299,5
1.519,0.047,-0.084,5
1.858,-0.353,-0.002,5
2.116,-0.745,0.066,5
2.383,-1.101,0.085,5
2.593,-1.405,0.068,5
2.575,-1.682,0.113,5
2.533,-1.872,0.201,5
2.392,-1.93,0.288,5
2.066,-1.927,0.324,5
1.605,-1.833,0.417,5
1.044,-1.701,0.422,5
0.483,-1.514,0.505,4
-0.078,-1.302,0.48,5
-0.539,-1.107,0.437,5
-0.916,-0.923,0.44,5
-1.221,-0.788,0.452,5
-1.439,-0.644,0.446,5
-1.554,-0.55,0.41,5
-1.644,-0.495,0.403,5
-1.626,-0.428,0.41,5
-1.502,-0.411,0.395,5
-1.331,-0.383,0.36,5
-1.154,-0.357,0.324,5
-0.927,-0.313,0.296,5
-0.705,-0.247,0.292,5
-0.466,-0.184,0.211,5
-0.234,-0.152,0.151,5
-0.008,-0.167,0.2,5
0.173,-0.181,0.198,5
0.349,-0.154,0.152,4
0.396,-0.181,0.145,5
0.447,-0.202,0.204,5
0.463,-0.234,0.205,5
0.425,-0.24,0.219,5
0.395,-0.221,0.223,5
0.377,-0.237,0.231,5
0.357,-0.226,0.19,5
0.226,-0.178,0.197,5
0.208,-0.173,0.233,5
0.053,-0.19,0.262,5
-0.02,-0.214,0.304,5
-0.108,-0.244,0.395,5
-0.197,-0.263,0.51,5
-0.267,-0.314,0.52,5
-0.327,-0.347,0.58,5
-0.367,-0.351,0.53,5
-0.365,-0.376,0.49,5
-0.255,-0.369,0.45,5
-0.148,-0.384,0.362,4
-0.073,-0.307,0.269,5
-0.001,-0.254,0.182,5
0.037,-0.177,0.207,5
0.085,-0.077,0.177,5
0.12,0.033,0.125,5
0.185,0.154,0.13,5
0.124,0.311,0.125,5
0.146,0.384,0.087,5
0.204,0.44,0.044,5
0.214,0.486,0.031,5
0.193,0.489,0.045,5
0.208,0.428,0.036,5
0.157,0.424,0.093,5
0.098,0.398,0.118,5
0.092,0.272,0.145,5
0.092,0.202,0.199,5
0.091,0.083,0.214,4
0.108,0.014,0.24,5
0.067,-0.073,0.328,5
0.095,-0.165,0.381,5
0.128,-0.2,0.377,5
0.107,-0.287,0.365,5
0.113,-0.323,0.45,5
0.085,-0.33,0.491,5
0.098,-0.301,0.485,5
0.062,-0.314,0.415,5
0.026,-0.287,0.408,5
0.01,-0.245,0.419,5
-0.05,-0.225,0.372,5
-0.131,-0.198,0.331,5
-0.097,-0.126,0.28,5
-0.143,-0.122,0.3,5
-0.18,-0.119,0.347,5
-0.184,-0.081,0.39,5
-0.122,-0.06,0.394,4
-0.123,-0.054,0.376,5
-0.012,-0.031,0.382,5
-0.023,0.018,0.309,5
0.056,0.06,0.317,5
0.097,0.14,0.255,5
0.152,0.203,0.225,5
0.184,0.226,0.263,5
0.209,0.259,0.236,5
0.27,0.32,0.217,5
0.239,0.339,0.191,5
0.215,0.357,0.142,5
0.219,0.347,0.123,5
0.214,0.317,0.085,5
0.197,0.319,0.145,5
0.22,0.305,0.226,5
0.177,0.304,0.242,5
0.146,0.326,0.299,5
0.157,0.327,0.321,5
0.202,0.333,0.306,4
0.182,0.278,0.258,5
0.129,0.22,0.258,5
0.12,0.16,0.181,5
0.095,0.092,0.201,5
0.069,0.057,0.22,5
0.087,-0.013,0.254,5
0.105,-0.072,0.267,5
0.124,-0.09,0.279,5
0.129,-0.137,0.325,5
0.094,-0.154,0.404,5
0.038,-0.16,0.441,5
0.116,-0.183,0.475,5
0.113,-0.203,0.518,5
0.114,-0.252,0.479,5
0.124,-0.261,0.47,5
0.034,-0.278,0.53,5
-0.033,-0.272,0.615,5
-0.09,-0.283,0.666,4
-0.098,-0.255,0.754,5
-0.131,-0.255,0.778,5
-0.178,-0.255,0.778,5
-0.208,-0.251,0.734,5
-0.291,-0.278,0.743,5
-0.373,-0.28,0.681,5
-0.427,-0.274,0.604,5
-0.509,-0.307,0.544,5
-0.553,-0.297,0.481,5
-0.622,-0.246,0.467,5
-0.651,-0.221,0.468,5
-0.706,-0.13,0.369,5
-0.73,-0.022,0.199,5
-0.696,0.039,0.037,5
-0.605,0.165,-0.087,5
-0.505,0.221,-0.065,5
-0.407,0.264,-0.093,4
-0.298,0.289,-0.153,5
-0.117,0.29,-0.176,5
0.036,0.304,-0.189,5
0.183,0.287,-0.191,5
0.307,0.288,-0.159,5
0.427,0.212,-0.061,5
0.552,0.122,0.073,5
0.57,0.041,0.217,5
0.556,-0.096,0.277,5
0.544,-0.259,0.335,5
0.55,-0.392,0.332,5
0.551,-0.469,0.32,5
0.517,-0.565,0.297,5
0.556,-0.581,0.306,5
0.505,-0.575,0.262,5
0.355,-0.44,0.27,5
0.181,-0.301,0.183,5
0.06,-0.15,0.238,4
-0.044,0.045,0.352,5
-0.169,0.191,0.485,5
-0.307,0.267,0.652,5
-0.531,0.348,0.819,5
-0.939,0.438,0.819,5
-1.375,0.674,0.354,5
-1.604,1.115,-0.655,5
-1.465,1.594,-2.184,5
-0.861,2.047,-3.771,5
0.103,2.445,-5.07,5
1.299,2.838,-5.748,5
2.647,3.261,-5.389,5
3.714,3.72,-4.268,5
4.011,4.36,-2.997,5
3.829,4.816,-2.27,5
3.222,5.028,-1.94,5
2.392,4.909,-2.086,5
1.687,4.56,-2.481,4
0.712,3.617,-2.263,5
-0.453,2.7,-1.847,5
-1.709,1.852,-1.369,5
-2.736,1.038,-0.603,5
-3.436,0.193,-0.176,5
-3.778,-0.649,-0.055,5
-3.857,-1.368,-0.084,5
-3.777,-1.869,-0.063,5
-3.692,-2.23,0.02,5
-3.539,-2.472,0.122,5
-3.284,-2.578,0.027,5
-2.934,-2.493,-0.022,5
-2.524,-2.304,-0.041,5
-2.0,-1.97,-0.114,5
-1.253,-1.626,-0.206,5
-0.528,-1.261,-0.285,5
0.153,-0.962,-0.433,5
0.711,-0.668,-0.484,4
1.148,-0.493,-0.669,5
1.477,-0.414,-0.735,5
1.769,-0.411,-0.455,5
1.812,-0.413,-0.461,5
1.863,-0.475,-0.57,5
1.746,-0.566,-0.487,5
1.507,-0.638,-0.447,5
1.201,-0.725,-0.342,5
0.887,-0.825,-0.053,5
0.656,-0.893,0.132,5
0.349,-0.998,0.287,5
0.081,-1.027,0.34,5
-0.159,-1.11,0.457,5
-0.337,-1.197,0.536,5
-0.467,-1.293,0.594,5
-0.519,-1.314,0.664,5
-0.558,-1.347,0.731,5
-0.485,-1.376,0.77,5
-0.445,-1.346,0.788,4
-0.305,-1.293,0.769,5
-0.193,-1.233,0.697,5
-0.1,-1.127,0.644,5
0.008,-0.979,0.601,5
0.063,-0.843,0.502,5
0.13,-0.719,0.461,5
0.151,-0.579,0.359,5
0.145,-0.387,0.305,5
0.165,-0.249,0.227,5
0.187,-0.19,0.205,5
0.22,-0.089,0.236,5
0.219,-0.067,0.251,5
0.193,-0.103,0.256,5
0.148,-0.127,0.23,5
0.155,-0.153,0.25,5
0.118,-0.25,0.307,5
0.08,-0.337,0.302,5
0.05,-0.372,0.276,4
0.015,-0.425,0.305,5
-0.007,-0.452,0.296,5
-0.101,-0.432,0.279,5
-0.138,-0.402,0.199,5
-0.107,-0.409,0.184,5
-0.152,-0.36,0.182,5
-0.193,-0.302,0.212,5
-0.174,-0.272,0.294,5
-0.135,-0.18,0.316,5
-0.134,-0.153,0.319,5
-0.065,-0.082,0.317,5
-0.05,-0.031,0.307,5
-0.062,0.002,0.289,5
-0.051,0.079,0.213,5
-0.033,0.136,0.204,5
0.025,0.122,0.21,5
0.109,0.179,0.253,4
0.15,0.204,0.288,5
0.178,0.162,0.328,5
0.242,0.163,0.313,5
0.278,0.095,0.32,5
0.22,0.077,0.404,5
0.142,0.108,0.424,5
0.08,0.153,0.412,5
0.007,0.176,0.379,5
-0.104,0.258,0.337,5
-0.215,0.31,0.299,5
-0.284,0.339,0.295,5
-0.303,0.391,0.334,5
-0.307,0.386,0.34,5
-0.242,0.361,0.357,5
-0.191,0.273,0.278,5
-0.065,0.19,0.307,5
0.062,0.08,0.375,5
0.094,0.025,0.402,5
0.162,0.013,0.379,4
0.224,-0.077,0.401,5
0.279,-0.16,0.417,5
0.272,-0.191,0.367,5
0.258,-0.177,0.369,5
0.245,-0.211,0.362,5
0.177,-0.198,0.317,5
0.181,-0.191,0.298,5
0.146,-0.159,0.29,5
0.148,-0.16,0.326,5
0.121,-0.101,0.34,5
0.134,-0.078,0.337,5
0.117,0.019,0.333,5
0.07,0.091,0.313,5
0.076,0.168,0.268,5
0.103,0.246,0.207,5
0.032,0.303,0.195,5
0.003,0.35,0.175,4
-0.031,0.393,0.089,5
-0.04,0.422,0.076,5
-0.045,0.427,0.072,5
-0.053,0.406,0.052,5
-0.07,0.404,0.038,5
-0.032,0.316,0.043,5
-0.046,0.289,0.108,5
-0.055,0.273,0.179,5
-0.062,0.198,0.178,5
-0.077,0.144,0.259,5
-0.057,0.125,0.384,5
-0.128,0.069,0.44,5
-0.163,0.05,0.457,5
-0.254,0.014,0.476,5
-0.268,-0.016,0.48,5
-0.245,-0.071,0.518,5
-0.264,-0.089,0.569,5
-0.242,-0.158,0.586,5
-0.213,-0.215,0.609,4
-0.17,-0.267,0.583,5
-0.097,-0.283,0.606,5
-0.092,-0.289,0.58,5
-0.057,-0.295,0.539,5
0.004,-0.296,0.472,5
0.163,-0.382,0.447,5
0.155,-0.327,0.432,5
0.174,-0.277,0.281,5
0.2,-0.297,0.317,5
0.245,-0.254,0.385,5
0.302,-0.233,0.385,5
0.323,-0.222,0.295,5
0.304,-0.213,0.295,5
0.317,-0.157,0.24,5
0.332,-0.12,0.216,5
0.26,-0.086,0.233,5
0.195,-0.052,0.27,5
0.189,-0.072,0.295,4
0.135,-0.052,0.326,5
0.126,-0.056,0.314,5
0.135,-0.054,0.3,5
0.152,-0.044,0.287,5
0.149,-0.07,0.207,5
0.16,-0.067,0.117,5
0.23,-0.069,0.075,5
0.255,-0.079,-0.069,5
0.277,-0.076,-0.209,5
0.249,-0.038,-0.33,5
0.263,-0.013,-0.413,5
0.292,-0.011,-0.359,5
0.267,0.066,-0.332,5
0.266,0.129,-0.281,5
0.192,0.193,-0.158,5
0.143,0.29,-0.043,5
0.064,0.365,0.038,4
-0.019,0.432,0.107,5
-0.125,0.462,0.195,5
-0.224,0.51,0.292,5
-0.323,0.481,0.276,5
-0.411,0.407,0.309,5
-0.443,0.323,0.351,5
-0.45,0.179,0.398,5
-0.466,-0.032,0.435,5
-0.462,-0.201,0.495,5
-0.481,-0.384,0.506,5
-0.475,-0.569,0.589,5
-0.437,-0.711,0.638,5
-0.475,-0.782,0.669,5
-0.479,-0.906,0.666,5
-0.487,-0.953,0.621,5
-0.443,-1.0,0.52,5
-0.368,-1.021,0.473,5
-0.249,-1.005,0.386,4
-0.198,-0.965,0.227,5
-0.148,-0.903,0.166,5
-0.073,-0.808,0.097,5
-0.079,-0.714,-0.015,5
-0.071,-0.626,-0.134,5
-0.008,-0.485,-0.086,5
0.074,-0.355,-0.086,5
0.209,-0.272,-0.146,5
0.343,-0.232,-0.214,5
0.507,-0.122,-0.369,5
0.633,-0.054,-0.375,5
0.69,0.08,-0.23,5
0.733,0.188,-0.026,5
0.888,0.247,0.256,5
1.273,0.11,0.683,5
1.836,-0.137,0.877,5
2.514,-0.528,0.553,5
3.228,-1.027,-0.48,4
3.737,-1.39,-1.677,5
3.557,-1.333,-2.983,5
2.555,-0.803,-4.599,5
0.795,-0.111,-6.246,5
-1.593,0.684,-8.216,5
-4.494,1.908,-9.881,5
-7.182,3.622,-9.871,5
-8.407,5.372,-7.561,5
-8.282,6.873,-3.939,5
-7.035,7.965,-0.95,5
-5.242,8.867,1.122,5
-3.015,9.118,2.6,5
-0.326,8.62,3.361,5
2.528,7.077,2.413,5
4.827,4.899,1.521,5
6.37,2.337,0.567,5
7.34,-0.124,-0.118,5
7.627,-2.258,-0.395,4
7.757,-4.114,-0.019,5
7.179,-5.288,0.525,5
5.759,-5.712,1.127,5
3.968,-5.679,1.403,5
1.683,-4.978,1.142,5
-0.363,-4.165,0.898,5
-1.62,-3.572,0.541,5
-2.251,-3.029,0.302,5
-2.543,-2.429,0.026,5
-2.749,-1.751,-0.411,5
-2.755,-1.037,-0.672,5
-2.738,-0.27,-0.609,5
-2.796,0.399,-0.294,5
-2.464,0.747,-0.109,5
-2.063,0.943,-0.158,5
-1.576,1.026,-0.268,5
-1.134,0.996,-0.34,5
-0.87,0.966,-0.349,4
-0.744,0.942,-0.288,5
-0.553,0.895,-0.264,5
-0.364,0.771,-0.276,5
-0.134,0.565,-0.27,5
0.042,0.375,-0.251,5
0.202,0.156,-0.334,5
0.35,-0.001,-0.477,5
0.534,-0.13,-0.572,5
0.722,-0.298,-0.601,5
0.943,-0.376,-0.549,5
1.047,-0.429,-0.55,5
0.994,-0.424,-0.456,5
0.869,-0.348,-0.342,5
0.734,-0.231,-0.282,5
0.532,-0.078,-0.314,5
0.31,0.066,-0.3,5
0.021,0.223,-0.222,5
-0.192,0.382,-0.178,5
-0.336,0.421,-0.169,4
-0.367,0.448,-0.169,5
-0.218,0.382,-0.118,5
-0.05,0.244,-0.097,5
0.083,0.099,-0.001,5
0.222,-0.052,0.11,5
0.419,-0.172,0.082,5
0.575,-0.297,0.211,5
0.664,-0.422,0.311,5
0.671,-0.513,0.349,5
0.625,-0.544,0.387,5
0.541,-0.55,0.387,5
0.427,-0.555,0.383,5
0.328,-0.581,0.396,5
0.162,-0.601,0.352,5
0.042,-0.597,0.369,5
-0.056,-0.632,0.396,5
-0.175,-0.62,0.4,4
-0.192,-0.619,0.459,5
-0.225,-0.514,0.456,5
-0.219,-0.462,0.475,5
-0.228,-0.407,0.514,5
-0.209,-0.328,0.523,5
-0.21,-0.217,0.561,5
-0.223,-0.161,0.561,5
-0.201,-0.089,0.526,5
-0.224,-0.05,0.504,5
-0.257,-0.036,0.544,5
-0.288,-0.011,0.563,5
-0.332,0.006,0.592,5
-0.385,0.027,0.628,5
-0.454,0.012,0.669,5
-0.491,-0.006,0.533,5
-0.493,0.024,0.402,5
-0.431,-0.016,0.323,5
-0.345,-0.015,0.252,5
-0.254,-0.009,0.222,4
-0.203,0.013,0.17,5
-0.079,0.046,0.174,5
-0.032,0.05,0.2,5
0.022,0.058,0.188,5
0.084,0.043,0.234,5
0.071,0.039,0.249,5
0.094,0.069,0.306,5
0.037,0.067,0.327,5
0.016,0.026,0.368,5
-0.014,0.04,0.473,5
0.033,0.015,0.521,5
0.056,0.013,0.533,5
0.158,-0.022,0.51,5
0.276,-0.054,0.412,5
0.334,-0.122,0.37,5
0.348,-0.101,0.325,5
0.361,-0.087,0.318,5
0.342,-0.069,0.295,4
0.329,-0.058,0.304,5
0.309,0.007,0.248,5
0.282,0.05,0.24,5
0.237,0.126,0.268,5
0.248,0.153,0.237,5
0.24,0.211,0.213,5
0.242,0.237,0.222,5
0.231,0.23,0.204,5
0.207,0.293,0.196,5
0.169,0.281,0.142,5
0.096,0.253,0.188,5
0.009,0.206,0.187,5
-0.137,0.147,0.168,5
-0.257,0.089,0.19,5
-0.326,-0.005,0.266,5
-0.406,-0.065,0.222,5
-0.468,-0.166,0.251,5
-0.456,-0.206,0.235,4
-0.428,-0.267,0.241,5
-0.393,-0.335,0.23,5
-0.324,-0.349,0.164,5
-0.231,-0.348,0.16,5
-0.152,-0.365,0.084,5
-0.063,-0.337,0.015,5
0.028,-0.359,-0.02,5
0.116,-0.319,-0.052,5
0.169,-0.296,-0.094,5
0.182,-0.236,-0.15,5
0.142,-0.186,-0.173,5
0.175,-0.151,-0.156,5
0.171,-0.105,-0.209,5
0.132,-0.026,-0.197,5
0.071,0.002,-0.207,5
0.021,0.04,-0.234,5
-0.002,0.101,-0.249,4
-0.04,0.164,-0.242,5
-0.045,0.186,-0.23,5
-0.118,0.224,-0.216,5
-0.14,0.231,-0.19,5
-0.139,0.225,-0.184,5
-0.168,0.224,-0.135,5
-0.195,0.223,-0.126,5
-0.21,0.205,-0.126,5
-0.167,0.172,-0.139,5
-0.202,0.081,-0.125,5
-0.186,0.047,-0.074,5
-0.185,0.008,-0.079,5
-0.222,-0.078,-0.041,5
-0.217,-0.126,-0.037,5
-0.238,-0.165,-0.016,5
-0.227,-0.209,0.006,5
-0.226,-0.218,-0.007,5
-0.212,-0.218,-0.045,5
-0.23,-0.196,-0.01,4
-0.198,-0.151,-0.043,5
-0.152,-0.114,-0.03,5
-0.111,-0.12,-0.049,5
-0.083,-0.021,-0.009,5
-0.027,0.01,-0.052,5
-0.011,0.052,-0.068,5
0.053,0.103,-0.07,5
0.083,0.101,-0.054,5
0.113,0.078,0.011,5
0.102,0.07,-0.05,5
0.109,0.029,-0.027,5
0.05,0.0,0.0,5
0.015,-0.055,0.039,5
0.001,-0.132,0.069,5
-0.029,-0.174,0.08,5
-0.06,-0.209,0.11,5
-0.046,-0.265,0.078,5
-0.062,-0.26,0.057,4
-0.052,-0.256,0.06,5
-0.077,-0.256,0.054,5
-0.104,-0.23,0.005,5
-0.11,-0.168,0.026,5
-0.108,-0.113,0.015,5
-0.11,-0.11,-0.016,5
-0.095,-0.047,-0.005,5
-0.059,0.03,-0.065,5
-0.049,0.083,-0.067,5
0.024,0.092,-0.048,5
0.013,0.186,-0.094,5
-0.009,0.288,-0.175,5
-0.025,0.341,-0.21,5
0.067,0.376,-0.275,5
0.008,0.416,-0.243,5
0.042,0.383,-0.188,5
0.064,0.37,-0.178,5
0.027,0.355,-0.109,4
0.024,0.315,0.013,5
-0.012,0.245,0.094,5
-0.015,0.177,0.162,5
-0.052,0.12,0.249,5
-0.099,0.052,0.28,5
-0.136,-0.042,0.295,5
-0.148,-0.077,0.266,5
-0.108,-0.125,0.299,5
-0.058,-0.225,0.248,5
0.02,-0.267,0.219,5
0.087,-0.335,0.322,5
0.19,-0.422,0.393,5
0.232,-0.531,0.5,5
0.234,-0.564,0.502,5
0.241,-0.593,0.495,5
0.243,-0.581,0.497,5
0.27,-0.588,0.525,5
0.273,-0.572,0.515,4
0.211,-0.536,0.563,5
0.169,-0.466,0.649,5
0.147,-0.333,0.679,5
0.077,-0.2,0.697,5
0.009,-0.051,0.619,5
-0.013,0.117,0.514,5
-0.124,0.256,0.423,5
-0.094,0.411,0.342,5
-0.149,0.504,0.217,5
-0.147,0.578,0.105,5
-0.163,0.633,0.017,5
-0.176,0.664,-0.074,5
-0.15,0.645,-0.123,5
-0.174,0.658,-0.136,5
-0.156,0.627,-0.131,5
-0.175,0.629,-0.101,5
-0.196,0.553,-0.056,5
-0.224,0.502,-0.068,4
-0.18,0.456,-0.117,5
-0.106,0.371,-0.123,5
-0.026,0.33,-0.162,5
0.04,0.254,-0.219,5
0.144,0.25,-0.27,5
0.224,0.182,-0.316,5
0.301,0.146,-0.384,5
0.327,0.11,-0.358,5
0.303,0.09,-0.374,5
0.315,0.051,-0.363,5
0.314,0.033,-0.361,5
0.248,0.017,-0.342,5
0.184,-0.01,-0.329,5
0.14,-0.052,-0.331,5
0.01,-0.137,-0.375,5
-0.016,-0.179,-0.26,5
-0.045,-0.183,-0.07,5
-0.096,-0.16,0.009,4
-0.1,-0.153,0.034,5
-0.171,-0.15,0.052,5
-0.24,-0.153,0.099,5
-0.234,-0.215,0.067,5
-0.227,-0.211,0.065,5
-0.218,-0.254,0.032,5
-0.252,-0.224,0.055,5
-0.196,-0.271,0.08,5
-0.155,-0.304,0.084,5
-0.079,-0.299,0.02,5
-0.024,-0.308,0.048,5
-0.013,-0.29,0.047,5
0.009,-0.283,0.004,5
0.038,-0.267,-0.021,5
0.073,-0.241,-0.097,5
0.079,-0.165,-0.178,5
0.123,-0.118,-0.255,5
0.14,0.001,-0.32,4
0.165,0.091,-0.417,5
0.075,0.108,-0.44,5
-0.03,0.067,-0.314,5
-0.105,0.03,-0.188,5
-0.15,0.057,-0.134,5
-0.187,0.021,-0.095,5
-0.207,0.002,0.004,5
-0.225,0.014,0.012,5
-0.246,0.004,-0.001,5
-0.204,-0.012,0.063,5
-0.213,-0.037,0.039,5
-0.179,-0.063,0.044,5
-0.14,-0.061,0.083,5
-0.117,-0.064,0.13,5
-0.071,-0.096,0.1,5
-0.055,-0.155,0.159,5
0.001,-0.17,0.164,5
-0.019,-0.149,0.122,4
0.003,-0.181,0.097,5
0.059,-0.163,0.057,5
0.087,-0.142,-0.008,5
0.147,-0.115,-0.046,5
0.215,-0.104,-0.115,5
0.163,-0.072,-0.103,5
0.168,-0.017,-0.123,5
0.229,0.044,-0.106,5
0.206,0.083,-0.091,5
0.168,0.105,-0.026,5
0.108,0.124,-0.019,5
0.02,0.129,0.012,5
-0.037,0.151,0.028,5
-0.085,0.179,0.107,5
-0.176,0.204,0.122,5
-0.244,0.196,0.183,5
-0.31,0.194,0.264,5
-0.344,0.187,0.302,4
-0.387,0.164,0.302,5
-0.374,0.156,0.332,5
-0.337,0.111,0.29,5
-0.26,0.039,0.235,5
-0.191,0.009,0.207,5
-0.09,-0.047,0.152,5
-0.012,-0.094,0.124,5
0.053,-0.114,0.073,5
0.108,-0.112,0.074,5
0.119,-0.126,0.011,5
0.206,-0.144,-0.071,5
0.224,-0.082,-0.077,5
0.249,-0.044,-0.121,5
0.25,0.037,-0.126,5
0.225,0.111,-0.152,5
0.228,0.147,-0.245,5
0.179,0.193,-0.289,5
0.144,0.221,-0.187,5
0.031,0.272,-0.121,4
0.053,0.275,-0.1,5
0.052,0.304,-0.047,5
-0.008,0.329,-0.025,5
-0.011,0.283,-0.065,5
-0.045,0.255,-0.093,5
-0.053,0.251,-0.088,5
-0.013,0.183,-0.062,5
-0.029,0.143,0.008,5
0.02,0.124,-0.022,5
0.005,0.064,-0.007,5
0.022,-0.027,0.062,5
0.011,-0.016,0.077,5
0.023,-0.044,0.03,5
0.042,-0.087,0.045,5
0.008,-0.143,0.049,5
-0.018,-0.198,-0.011,5
-0.046,-0.243,0.01,5
-0.093,-0.253,0.087,4
-0.067,-0.288,0.039,5
-0.095,-0.324,0.1,5
-0.111,-0.352,0.129,5
-0.039,-0.355,-0.112,5
-0.014,-0.311,-0.385,5
-0.038,-0.181,-0.273,5
-0.194,-0.081,-0.056,5
-0.23,-0.034,0.065,5
-0.246,-0.048,0.158,5
-0.221,-0.017,0.237,5
-0.117,-0.015,0.157,5
-0.037,0.003,0.137,5
0.065,0.007,0.097,5
0.097,0.066,0.105,5
0.109,0.12,0.254,5
0.081,0.112,0.319,5
0.09,0.066,-0.061,5
0.115,0.021,-0.309,4
0.173,0.04,-0.365,5
0.147,0.097,-0.251,5
0.18,0.057,-0.169,5
0.248,0.047,-0.17,5
0.188,0.046,-0.122,5
0.178,0.037,-0.028,5
0.065,0.072,0.086,5
-0.061,0.147,0.258,5
-0.093,0.205,0.28,5
-0.2,0.237,0.428,5
-0.275,0.196,0.653,5
-0.295,0.137,0.885,5
-0.373,-0.031,1.132,5
-0.487,-0.286,1.071,5
-0.49,-0.464,0.877,5
-0.466,-0.534,0.811,5
-0.454,-0.485,0.696,5
-0.439,-0.458,0.398,5
-0.486,-0.391,-0.176,4
-0.368,-0.205,-0.986,5
-0.034,-0.051,-1.387,5
0.214,0.095,-1.201,5
0.249,0.245,-1.042,5
0.293,0.329,-0.968,5
0.246,0.395,-0.802,5
0.226,0.416,-0.347,5
0.186,0.408,-0.135,5
0.133,0.324,-0.092,5
0.107,0.219,-0.082,5
0.061,0.141,-0.009,5
0.055,0.053,0.029,5
0.041,0.009,0.104,5
0.024,-0.055,0.15,5
-0.021,-0.097,0.229,5
0.015,-0.139,0.254,5
-0.016,-0.134,0.241,4
-0.023,-0.155,0.239,5
-0.007,-0.204,0.241,5
-0.015,-0.184,0.122,5
-0.009,-0.161,0.04,5
-0.043,-0.119,-0.079,5
-0.008,-0.094,-0.084,5
-0.012,-0.046,-0.11,5
0.023,-0.002,-0.125,5
0.038,0.044,-0.13,5
0.012,0.083,-0.056,5
0.003,0.079,0.039,5
0.045,0.067,0.052,5
0.019,0.038,0.181,5
0.017,-0.003,0.292,5
0.011,-0.063,0.336,5
-0.015,-0.117,0.363,5
-0.018,-0.161,0.369,5
0.069,-0.24,0.38,4
0.084,-0.272,0.329,5
0.14,-0.296,0.309,5
0.186,-0.336,0.243,5
0.198,-0.302,0.215,5
0.238,-0.25,0.167,5
0.249,-0.217,0.099,5
0.233,-0.1,0.033,5
0.218,-0.008,-0.004,5
0.179,0.082,0.0,5
0.148,0.134,-0.021,5
0.081,0.237,-0.053,5
-0.016,0.33,-0.009,5
-0.058,0.387,-0.021,5
-0.108,0.417,-0.023,5
-0.175,0.453,-0.016,5
-0.187,0.382,-0.041,5
-0.169,0.335,0.006,5
-0.156,0.28,0.009,4
-0.136,0.23,0.017,5
-0.122,0.147,0.05,5
-0.123,0.076,0.006,5
-0.076,0.056,-0.011,5
-0.081,0.007,-0.07,5
-0.047,-0.049,-0.08,5
-0.03,-0.096,-0.115,5
-0.014,-0.133,-0.138,5
0.06,-0.137,-0.159,5
0.063,-0.158,-0.177,5
0.091,-0.142,-0.198,5
0.051,-0.115,-0.179,5
0.063,-0.108,-0.135,5
0.027,-0.067,-0.113,5
0.016,-0.051,-0.088,5
-0.015,0.0,-0.084,5
-0.07,0.026,-0.058,5
-0.089,0.054,-0.113,4
-0.105,0.074,-0.084,5
-0.116,0.084,-0.119,5
-0.135,0.032,-0.038,5
-0.104,0.02,-0.056,5
-0.081,0.018,-0.046,5
-0.051,-0.06,-0.032,5
-0.007,-0.102,-0.072,5
0.036,-0.117,-0.061,5
0.036,-0.157,-0.08,5
0.054,-0.176,-0.115,5
0.057,-0.171,-0.121,5
0.052,-0.137,-0.113,5
0.072,-0.097,-0.089,5
0.13,-0.07,-0.08,5
0.091,-0.054,-0.102,5
0.095,0.015,-0.118,5
0.081,0.069,-0.106,5
0.06,0.075,-0.138,4
0.032,0.111,-0.15,5
0.042,0.156,-0.174,5
0.029,0.179,-0.157,5
0.039,0.148,-0.162,5
-0.02,0.159,-0.15,5
-0.048,0.173,-0.105,5
-0.056,0.134,-0.125,5
-0.042,0.125,-0.078,5
-0.081,0.13,-0.053,5
-0.081,0.125,-0.034,5
-0.069,0.113,-0.009,5
-0.075,0.058,0.021,5
-0.02,0.044,-0.028,5
-0.031,0.005,-0.016,5
-0.041,-0.046,-0.01,5
-0.024,-0.076,0.054,5
0.017,-0.077,0.079,5
0.024,-0.138,0.075,5
0.034,-0.142,0.068,4
0.022,-0.14,0.087,5
0.076,-0.105,0.1,5
0.111,-0.103,0.034,5
0.1,-0.075,0.06,5
0.081,-0.068,0.007,5
0.09,-0.048,-0.006,5
0.064,-0.017,0.007,5
0.027,0.005,0.101,5
-0.022,0.026,0.142,5
-0.041,0.067,0.193,5
-0.071,0.056,0.251,5
-0.107,0.041,0.239,5
-0.183,0.024,0.211,5
-0.156,0.052,0.099,5
-0.149,0.072,-0.1,5
-0.13,0.057,-0.18,5
-0.069,0.064,-0.201,5
-0.015,0.014,-0.228,4
0.02,0.056,-0.197,5
0.061,0.063,-0.112,5
0.09,0.035,0.014,5
0.119,0.019,0.099,5
0.194,-0.004,0.132,5
0.222,-0.033,0.145,5
0.234,-0.112,0.113,5
0.193,-0.118,0.102,5
0.182,-0.119,0.122,5
0.151,-0.129,0.127,5
0.097,-0.124,0.11,5
0.109,-0.138,0.06,5
0.068,-0.132,0.058,5
0.035,-0.111,0.074,5
-0.006,-0.091,0.062,5
-0.066,-0.039,0.008,5
-0.098,-0.013,-0.017,5
-0.123,0.039,-0.016,4
-0.123,0.065,-0.074,5
-0.145,0.063,-0.075,5
-0.118,0.078,-0.033,5
-0.123,0.075,0.008,5
-0.089,0.063,0.007,5
-0.037,0.035,0.015,5
-0.029,0.005,0.035,5
-0.039,0.022,0.044,5
0.011,0.003,0.053,5
-0.01,0.02,0.022,5
-0.005,0.035,0.028,5
0.003,0.036,0.055,5
-0.013,0.071,0.002,5
0.004,0.089,0.019,5
0.017,0.098,0.009,5
0.011,0.088,0.034,5
0.048,0.101,-0.016,5
0.086,0.099,-0.023,4
0.043,0.111,-0.038,5
0.017,0.1,-0.069,5
0.08,0.085,-0.157,5
0.076,0.064,-0.141,5
0.082,0.049,-0.092,5
0.069,0.027,-0.074,5
0.028,-0.031,-0.058,5
0.021,-0.054,-0.031,5
0.014,-0.066,0.023,5
-0.008,-0.085,0.047,5
-0.003,-0.119,0.05,5
-0.041,-0.107,0.063,5
-0.076,-0.131,0.043,5
-0.06,-0.144,0.004,5
-0.032,-0.147,-0.081,5
-0.08,-0.085,-0.112,5
-0.09,-0.08,-0.036,5
-0.089,-0.068,-0.037,4
-0.063,-0.022,0.001,5
-0.061,-0.011,-0.016,5
-0.059,0.002,0.024,5
-0.027,-0.002,0.047,5
-0.025,0.006,0.021,5
0.007,-0.024,0.014,5
-0.01,-0.047,0.03,5
0.016,-0.073,0.01,5
-0.01,-0.078,0.017,5
-0.04,-0.057,-0.001,5
-0.031,-0.06,-0.061,5
-0.015,-0.071,-0.029,5
-0.001,-0.112,-0.035,5
-0.022,-0.087,-0.014,5
-0.02,-0.079,-0.034,5
0.011,-0.079,-0.065,5
0.023,-0.033,-0.033,5
0.029,-0.021,-0.068,4
0.039,-0.019,-0.091,5
0.091,0.008,-0.104,5
0.104,0.0,-0.102,5
0.063,0.042,-0.152,5
0.074,0.064,-0.249,5
0.054,0.066,-0.215,5
0.053,0.111,-0.159,5
0.052,0.108,-0.113,5
0.033,0.106,-0.046,5
0.0,0.126,-0.015,5
-0.064,0.122,-0.035,5
-0.053,0.122,-0.001,5
-0.061,0.119,-0.031,5
-0.059,0.12,0.01,5
-0.07,0.112,0.021,5
-0.08,0.083,0.062,5
-0.042,0.097,0.095,5
-0.102,0.078,0.064,5
-0.071,0.075,0.057,4
-0.094,0.076,0.129,5
-0.097,0.077,0.116,5
-0.079,0.043,0.04,5
-0.049,0.022,0.07,5
-0.057,0.037,0.063,5
-0.017,0.033,0.061,5
-0.028,0.034,0.003,5
0.025,0.043,-0.035,5
0.049,0.061,-0.118,5
0.108,0.024,-0.097,5
0.154,0.009,-0.122,5
0.177,-0.017,-0.123,5
0.211,-0.032,-0.106,5
0.194,-0.051,-0.052,5
0.179,-0.05,-0.038,5
0.191,-0.079,0.021,5
0.142,-0.084,0.062,4
0.067,-0.119,0.133,5
0.013,-0.085,0.214,5
-0.022,-0.116,0.202,5
-0.05,-0.074,0.237,5
-0.062,-0.097,0.295,5
-0.073,-0.087,0.279,5
-0.07,-0.113,0.234,5
-0.076,-0.136,0.232,5
-0.038,-0.105,0.243,5
-0.013,-0.15,0.249,5
-0.054,-0.191,0.289,5
-0.019,-0.155,0.303,5
-0.017,-0.161,0.298,5
0.005,-0.179,0.303,5
0.001,-0.178,0.324,5
0.009,-0.161,0.3,5
0.03,-0.11,0.361,5
0.053,-0.082,0.282,5
0.064,-0.048,0.141,4
0.058,0.012,0.054,5
0.1,0.028,0.01,5
0.111,0.068,-0.016,5
0.104,0.13,0.002,5
0.163,0.148,-0.006,5
0.155,0.228,-0.001,5
0.131,0.287,-0.031,5
0.109,0.305,-0.067,5
0.077,0.348,-0.198,5
0.065,0.404,-0.208,5
0.045,0.432,-0.256,5
0.015,0.41,-0.201,5
-0.012,0.4,-0.159,5
-0.045,0.398,-0.139,5
-0.015,0.324,-0.112,5
-0.078,0.253,-0.075,5
-0.053,0.18,-0.11,5
-0.073,0.14,-0.125,4
-0.027,0.044,-0.104,5
0.018,-0.041,-0.171,5
0.059,-0.127,-0.214,5
0.062,-0.166,-0.3,5
0.068,-0.219,-0.374,5
0.1,-0.274,-0.267,5
0.125,-0.324,-0.245,5
0.108,-0.313,-0.203,5
0.05,-0.321,-0.088,5
0.023,-0.34,-0.053,5
-0.056,-0.319,-0.022,5
-0.076,-0.292,0.121,5
-0.12,-0.267,0.066,5
-0.134,-0.261,0.025,5
-0.185,-0.321,-0.188,5
0.001,-0.25,-1.332,5
-0.124,0.282,-1.794,5
-0.344,0.538,-1.201,4
-0.146,0.338,0.099,5
-0.006,0.071,0.602,5
0.019,-0.129,0.968,5
-0.068,-0.284,1.212,5
-0.225,-0.363,0.936,5
-0.28,-0.422,0.82,5
-0.196,-0.483,0.738,5
-0.055,-0.521,0.604,5
0.022,-0.49,0.47,5
0.076,-0.42,0.229,5
0.073,-0.283,0.017,5
0.053,-0.134,-0.036,5
0.03,0.0,-0.114,5
0.049,0.18,-0.094,5
0.061,0.279,-0.054,5
-0.005,0.328,0.058,5
-0.039,0.347,0.186,5
-0.091,0.308,0.232,4
-0.159,0.256,0.29,5
-0.178,0.204,0.3,5
-0.177,0.102,0.391,5
-0.314,0.096,0.179,5
-0.511,-0.059,-0.247,5
-0.589,-0.058,-0.877,5
-0.293,0.098,-1.053,5
-0.079,0.196,-0.913,5
0.113,0.284,-1.041,5
0.214,0.402,-0.631,5
0.21,0.448,-0.09,5
0.197,0.395,0.16,5
0.195,0.329,0.174,5
0.154,0.232,0.2,5
0.134,0.139,0.236,5
0.155,0.061,0.173,5
0.152,0.012,0.225,5
0.111,-0.032,0.155,4
0.122,-0.059,0.161,5
0.105,-0.087,0.127,5
0.112,-0.096,0.106,5
0.135,-0.108,0.095,5
0.104,-0.097,0.082,5
0.102,-0.078,0.069,5
0.148,-0.118,0.041,5
0.133,-0.076,0.054,5
0.137,-0.081,0.035,5
0.106,-0.06,0.006,5
0.117,-0.076,-0.024,5
0.062,-0.072,-0.021,5
0.06,-0.065,0.031,5
0.08,-0.076,0.002,5
0.093,-0.077,-0.036,5
0.088,-0.056,0.001,5
0.11,-0.059,-0.015,5
0.09,-0.027,-0.048,4
0.034,-0.046,-0.069,5
0.03,0.001,-0.032,5
-0.032,0.009,-0.011,5
-0.085,0.004,-0.036,5
-0.128,0.004,-0.019,5
-0.115,0.0,-0.013,5
-0.086,0.016,0.052,5
-0.108,0.066,0.021,5
-0.162,0.029,0.01,5
-0.214,0.031,-0.012,5
-0.133,0.036,-0.019,5
-0.102,0.033,0.008,5
-0.092,0.055,-0.014,5
-0.065,0.088,-0.051,5
-0.011,0.088,-0.085,5
0.006,0.079,-0.046,5
0.036,0.101,-0.037,5
0.01,0.061,-0.055,5
0.035,0.042,-0.036,4
0.036,0.059,-0.015,5
0.075,0.04,-0.027,5
0.059,0.019,0.022,5

# Completed @Tue May 05 21:14:37 GMT+08:00 2020
