# Accelerometer Data File
# Started @Tue May 05 21:17:44 GMT+08:00 2020
#
#
# sensor Vendor: BOSCH
# sensor Name: BMI160 Accelerometer
# sensor Resolution: 0.0023956299m/sec^2; Max Range: 156.9064; Min Delay: 5000 microseconds
# The sensor's attributes are the result hardware and the Android capabilities.
# It means that the Android may not utilize all features provided by the hardware.
#
# Some devices and Android versions save battery too much so the device may go to sleep.
# It just happens after couple of minutes from turning off the scree and it is easy to find it out.
#
# The following file provides the data from accelerometer in the m/s^2 format.
# The diff value is just a time delta between the samples
#
#
# data format:
# so we have 4 columns with values separated by the ","
# X,Y,Z,time_from_previous_sample(ms)

# sensor speed set to:FASTEST
# units set to: m/sec^2
# gravity  filtered out
# Accuracy: HIGH
-0.683,8.715,0.208,0
-0.636,7.843,0.23,4
-0.568,7.059,0.181,5
-0.494,6.34,0.167,5
-0.445,5.693,0.15,5
-0.383,5.111,0.114,5
-0.319,4.625,0.111,5
-0.308,4.159,0.07,5
-0.269,3.734,0.045,5
-0.22,3.378,0.032,5
-0.237,3.044,0.02,5
-0.157,2.757,-0.011,5
-0.124,2.49,-0.006,5
-0.125,2.241,-0.031,5
-0.086,2.034,0.027,5
-0.065,1.796,0.059,5
-0.037,1.591,0.083,5
-0.037,1.427,0.062,5
-0.029,1.258,0.051,5
-0.052,1.167,0.033,4
-0.03,1.02,0.03,5
-0.057,0.922,0.027,5
-0.055,0.834,0.003,5
-0.028,0.751,0.02,5
-0.017,0.68,0.082,5
-0.041,0.625,0.052,5
-0.05,0.549,0.077,5
-0.023,0.482,0.057,5
-0.09,0.433,0.042,5
-0.081,0.394,0.042,5
-0.042,0.359,0.072,5
-0.034,0.306,0.026,5
-0.035,0.249,0.024,5
-0.018,0.22,0.021,5
0.013,0.22,0.002,5
0.02,0.159,-0.01,5
0.057,0.113,-0.026,5
0.03,0.149,-0.024,5
0.044,0.121,-0.008,4
0.018,0.109,0.03,5
0.038,0.098,0.027,5
0.038,0.097,0.011,5
0.017,0.091,-0.006,5
0.007,0.104,-0.018,5
0.032,0.102,-0.025,5
-0.052,0.165,-0.001,5
0.0,0.17,-0.04,5
0.004,0.192,-0.048,5
0.016,0.207,-0.035,5
0.027,0.147,-0.031,5
0.059,0.167,-0.041,5
0.062,0.155,-0.046,5
0.086,0.105,-0.024,5
0.103,0.081,-0.034,5
0.088,0.043,0.007,5
0.118,0.0,0.032,5
0.089,-0.038,0.05,5
0.158,-0.056,0.071,4
0.155,-0.067,0.094,5
0.109,-0.056,0.072,5
0.107,-0.064,0.077,5
0.096,-0.036,0.044,5
0.095,-0.028,0.087,5
0.051,-0.025,0.108,5
0.02,-0.031,0.11,5
-0.033,-0.023,0.078,5
-0.09,-0.038,0.048,5
-0.102,-0.022,0.078,5
-0.118,-0.045,0.066,5
-0.123,-0.01,0.038,5
-0.145,-0.027,-0.017,5
-0.126,-0.015,-0.015,5
-0.109,-0.005,-0.014,5
-0.116,0.016,-0.029,5
-0.052,0.045,-0.018,5
-0.047,0.036,-0.033,4
-0.073,0.045,-0.064,5
-0.035,0.079,-0.062,5
0.002,0.089,-0.043,5
0.032,0.084,-0.043,5
0.024,0.093,-0.082,5
0.03,0.105,-0.104,5
0.058,0.056,-0.063,5
0.022,0.059,-0.078,5
0.015,0.04,-0.101,5
-0.007,0.019,-0.129,5
-0.024,-0.004,-0.138,5
0.004,-0.047,-0.12,5
-0.009,-0.059,-0.073,5
-0.029,-0.092,-0.027,5
-0.039,-0.126,0.039,5
-0.048,-0.143,0.091,5
-0.061,-0.086,0.095,5
-0.02,-0.125,0.12,4
0.02,-0.073,0.099,5
0.009,-0.062,0.051,5
-0.004,-0.03,-0.04,5
-0.008,0.011,-0.049,5
-0.024,0.049,-0.044,5
-0.047,0.096,-0.091,5
-0.099,0.077,-0.03,5
-0.093,0.07,-0.014,5
-0.092,0.045,0.051,5
-0.083,0.036,0.059,5
-0.096,0.02,0.057,5
-0.074,-0.007,0.026,5
-0.045,-0.062,-0.049,5
-0.04,-0.099,-0.122,5
0.006,-0.106,-0.174,5
0.053,-0.152,-0.209,5
0.086,-0.119,-0.188,5
0.125,-0.09,-0.126,5
0.104,-0.072,-0.087,4
0.072,-0.061,-0.018,5
0.09,-0.029,-0.012,5
0.047,0.042,0.001,5
0.042,0.064,0.079,5
0.021,0.07,0.071,5
0.001,0.128,0.059,5
0.018,0.124,0.049,5
-0.047,0.115,0.035,5
-0.017,0.1,0.019,5
-0.002,0.077,0.06,5
-0.04,0.043,0.037,5
-0.006,0.013,0.037,5
-0.01,-0.018,-0.004,5
0.016,-0.016,0.0,5
0.01,-0.027,0.012,5
-0.012,-0.016,-0.018,5
0.01,-0.018,-0.064,5
0.022,0.008,-0.036,5
0.011,0.016,-0.023,4
-0.011,0.04,-0.012,5
-0.001,0.058,-0.011,5
-0.031,0.056,-0.031,5
-0.01,0.089,0.001,5
-0.005,0.128,0.035,5
-0.022,0.102,-0.023,5
0.044,0.079,-0.025,5
0.035,0.058,0.015,5
0.045,0.043,0.026,5
0.075,0.026,0.028,5
0.041,0.015,0.021,5
0.05,-0.02,0.053,5
0.071,-0.048,0.087,5
0.029,-0.052,0.056,5
0.031,-0.051,0.025,5
-0.002,-0.055,0.035,5
0.01,-0.045,0.01,5
0.001,-0.023,-0.007,4
0.001,0.013,-0.019,5
-0.042,0.063,-0.013,5
-0.016,0.053,-0.042,5
-0.01,0.069,-0.098,5
-0.052,0.062,-0.041,5
-0.064,0.077,-0.032,5
-0.036,0.022,-0.029,5
-0.019,0.028,0.007,5
0.016,0.0,0.076,5
0.045,-0.042,0.077,5
0.01,-0.06,0.125,5
0.035,-0.084,0.147,5
0.057,-0.114,0.201,5
0.073,-0.159,0.237,5
0.057,-0.151,0.269,5
0.043,-0.171,0.247,5
0.047,-0.167,0.192,5
0.046,-0.158,0.177,5
0.055,-0.125,0.159,4
0.032,-0.121,0.066,5
0.063,-0.075,0.042,5
0.044,-0.046,0.003,5
0.031,-0.024,-0.005,5
0.028,0.025,-0.043,5
0.038,0.027,-0.086,5
0.077,0.076,-0.112,5
0.031,0.081,-0.109,5
0.014,0.082,-0.116,5
0.017,0.082,-0.095,5
0.02,0.104,-0.107,5
0.013,0.098,-0.053,5
0.034,0.066,-0.061,5
0.03,0.042,-0.046,5
-0.024,0.055,-0.037,5
-0.025,0.028,-0.038,5
-0.04,0.047,0.004,5
-0.045,0.029,0.0,5
-0.044,-0.012,0.051,4
-0.096,-0.028,0.059,5
-0.121,-0.012,0.07,5
-0.1,-0.015,0.084,5
-0.099,-0.005,0.05,5
-0.153,-0.013,0.084,5
-0.095,-0.003,0.05,5
-0.072,0.031,0.023,5
-0.048,0.011,0.0,5
-0.078,0.044,-0.034,5
-0.083,0.031,-0.044,5
-0.04,0.079,-0.061,5
-0.036,0.071,-0.081,5
-0.011,0.034,-0.09,5
-0.001,0.056,-0.094,5
-0.001,0.051,-0.058,5
0.003,0.054,-0.074,5
0.024,0.027,-0.11,5
-0.003,0.055,-0.094,5
0.0,0.006,-0.093,4
0.039,-0.007,-0.093,5
0.061,-0.002,-0.04,5
0.025,0.002,-0.109,5
-0.011,-0.053,-0.098,5
-0.045,-0.065,-0.063,5
-0.027,-0.089,-0.048,5
-0.012,-0.097,-0.008,5
-0.006,-0.1,0.091,5
0.002,-0.129,0.137,5
0.006,-0.12,0.15,5
0.014,-0.13,0.143,5
0.021,-0.091,0.124,5
0.041,-0.047,0.073,5
0.024,-0.038,0.01,5
0.069,0.008,0.022,5
0.019,0.054,0.002,5
0.017,0.066,0.002,5
-0.027,0.128,0.049,5
-0.011,0.133,0.092,4
-0.006,0.119,0.056,5
-0.044,0.133,0.046,5
0.015,0.103,0.037,5
-0.007,0.062,-0.047,5
-0.01,0.009,-0.081,5
0.024,0.025,-0.125,5
0.03,0.044,-0.121,5
0.04,-0.011,-0.104,5
0.04,-0.001,-0.064,5
0.058,-0.027,-0.019,5
0.052,-0.055,0.021,5
0.03,-0.019,0.066,5
0.052,-0.03,0.051,5
0.03,-0.04,-0.009,5
0.018,-0.04,0.021,5
0.012,-0.027,0.04,5
0.024,-0.012,0.01,5
-0.012,-0.036,0.035,4
-0.05,-0.015,0.019,5
0.006,-0.014,-0.017,5
-0.032,-0.017,0.019,5
-0.016,-0.015,0.004,5
-0.019,0.003,-0.039,5
0.042,0.002,-0.026,5
0.034,0.002,-0.028,5
0.035,0.028,-0.06,5
0.023,0.016,-0.062,5
0.025,0.028,-0.086,5
0.013,0.042,-0.09,5
0.034,0.021,-0.042,5
0.03,0.018,-0.034,5
0.049,0.004,-0.026,5
0.048,-0.026,-0.079,5
0.017,-0.084,0.014,5
0.072,-0.049,0.051,5
0.056,-0.053,0.063,5
0.011,-0.061,0.1,4
0.002,-0.063,0.098,5
-0.019,-0.083,0.076,5
-0.022,-0.083,0.077,5
-0.019,-0.07,0.069,5
-0.056,-0.076,0.049,5
-0.038,-0.021,0.087,5
-0.038,0.023,0.096,5
-0.03,0.008,0.047,5
-0.083,-0.001,0.012,5
-0.049,0.003,0.002,5
-0.035,-0.005,0.002,5
-0.053,0.007,-0.014,5
-0.026,0.002,-0.056,5
0.019,0.011,-0.093,5
0.038,-0.011,-0.144,5
0.008,0.011,-0.126,5
0.016,0.01,-0.048,5
0.027,-0.008,-0.031,5
0.055,0.005,-0.019,4
0.045,-0.007,-0.056,5
0.023,-0.015,-0.033,5
0.047,-0.001,-0.012,5
0.038,0.024,-0.007,5
0.017,0.048,-0.023,5
-0.014,0.039,-0.008,5
-0.026,0.017,-0.007,5
-0.049,0.054,0.032,5
-0.066,0.032,0.028,5
-0.059,0.011,-0.017,5
-0.053,0.027,0.027,5
-0.065,0.046,0.046,5
-0.007,-0.018,0.011,5
-0.002,-0.012,0.019,5
-0.01,-0.002,0.043,5
-0.009,-0.002,0.03,5
-0.043,0.002,0.018,5
0.004,-0.006,0.008,5
0.0,-0.001,0.007,4
0.003,-0.01,-0.01,5
0.042,0.008,-0.001,5
0.025,0.024,-0.026,5
-0.003,0.043,-0.041,5
-0.015,0.082,-0.024,5
-0.009,0.065,-0.017,5
0.016,0.05,-0.041,5
0.036,0.062,-0.024,5
0.071,0.03,0.033,5
0.06,0.014,0.043,5
0.062,0.013,0.043,5
0.048,-0.009,0.056,5
0.047,-0.013,0.067,5
0.038,-0.037,0.039,5
0.064,-0.081,-0.011,5
0.075,-0.06,0.002,5
0.02,-0.032,0.015,5
0.022,-0.059,0.017,4
0.05,-0.101,-0.014,5
0.054,-0.095,0.008,5
0.031,-0.09,-0.013,5
0.05,-0.085,-0.016,5
0.053,-0.076,0.002,5
0.052,-0.051,-0.019,5
0.064,-0.029,0.0,5
0.04,-0.009,-0.051,5
0.002,-0.012,-0.094,5
0.032,0.01,-0.145,5
0.041,0.047,-0.195,5
-0.001,0.043,-0.141,5
-0.048,0.064,-0.14,5
-0.06,0.097,-0.057,5
-0.041,0.1,-0.012,5
-0.024,0.09,0.027,5
-0.026,0.081,0.033,5
-0.032,0.09,0.034,5
-0.016,0.046,0.065,4
0.024,0.037,0.02,5
0.09,0.021,-0.003,5
0.06,0.031,-0.041,5
0.071,0.015,-0.08,5
0.111,0.022,-0.051,5
0.096,0.02,-0.007,5
0.047,-0.046,0.058,5
0.03,-0.054,0.108,5
0.035,-0.066,0.179,5
0.001,-0.076,0.144,5
-0.037,-0.073,0.138,5
-0.037,-0.083,0.081,5
-0.033,-0.083,-0.021,5
-0.052,-0.092,-0.062,5
-0.025,-0.113,-0.116,5
-0.035,-0.08,-0.169,5
-0.045,-0.033,-0.23,5
-0.014,-0.043,-0.185,5
0.012,-0.017,-0.184,4
-0.023,0.001,-0.131,5
-0.029,0.031,-0.053,5
-0.035,0.049,0.016,5
0.002,0.075,0.066,5
-0.044,0.097,0.064,5
-0.053,0.1,0.105,5
-0.082,0.146,0.159,5
-0.091,0.149,0.199,5
-0.086,0.1,0.218,5
-0.09,0.098,0.209,5
-0.103,0.088,0.24,5
-0.105,0.041,0.203,5
-0.112,0.002,0.174,5
-0.066,0.028,0.139,5
-0.051,0.012,0.086,5
-0.046,-0.006,-0.012,5
0.009,-0.005,-0.054,5
0.017,-0.035,-0.057,5
0.054,-0.053,-0.15,4
0.083,-0.043,-0.174,5
0.083,-0.039,-0.135,5
0.079,-0.061,-0.074,5
0.101,-0.085,-0.088,5
0.078,-0.106,-0.04,5
0.049,-0.087,-0.062,5
0.022,-0.07,-0.03,5
0.007,-0.045,-0.044,5
0.002,-0.019,-0.044,5
-0.014,0.012,-0.044,5
-0.043,0.062,-0.052,5
-0.03,0.043,-0.069,5
-0.04,0.082,-0.053,5
-0.057,0.117,-0.013,5
-0.047,0.109,-0.012,5
-0.043,0.141,-0.032,5
-0.068,0.088,-0.033,5
-0.083,0.075,-0.047,5
-0.019,0.059,-0.051,4
0.0,0.019,-0.016,5
-0.004,0.017,-0.01,5
-0.021,-0.001,0.008,5
0.015,-0.031,-0.01,5
0.013,-0.045,-0.004,5
0.038,-0.049,-0.004,5
0.004,-0.057,0.034,5
0.016,-0.064,0.048,5
-0.006,-0.054,0.026,5
0.007,-0.057,0.015,5
0.01,-0.034,0.065,5
0.031,-0.017,0.046,5
0.006,0.001,0.041,5
0.005,0.026,0.067,5
0.009,0.015,0.047,5
0.0,0.026,0.021,5
-0.021,0.032,0.014,5
-0.032,0.064,0.03,4
-0.016,0.027,0.049,5
-0.023,0.028,0.035,5
-0.05,-0.012,0.045,5
-0.063,-0.011,0.044,5
-0.048,-0.001,0.036,5
-0.051,0.002,0.028,5
-0.089,-0.066,0.021,5
-0.05,-0.077,0.027,5
-0.062,-0.082,0.029,5
-0.039,-0.138,0.064,5
-0.061,-0.154,0.054,5
-0.033,-0.156,0.057,5
-0.008,-0.136,0.073,5
0.035,-0.123,0.057,5
-0.011,-0.046,0.064,5
0.007,-0.037,0.04,5
0.036,-0.02,0.002,5
0.054,0.011,-0.002,5
0.048,0.036,-0.023,4
0.069,0.08,-0.034,5
0.097,0.106,-0.086,5
0.087,0.121,-0.052,5
0.083,0.157,-0.077,5
0.079,0.102,-0.082,5
0.066,0.087,-0.117,5
0.068,0.113,-0.105,5
0.083,0.05,-0.103,5
0.092,-0.001,-0.097,5
0.083,-0.036,-0.087,5
0.066,-0.084,-0.066,5
0.046,-0.101,-0.029,5
0.042,-0.121,-0.026,5
0.007,-0.092,-0.023,5
0.011,-0.022,-0.025,5
-0.028,0.014,0.032,5
-0.047,0.064,0.021,5
-0.085,0.075,-0.054,5
-0.111,0.132,-0.053,5
-0.104,0.166,-0.069,4
-0.09,0.184,-0.075,5
-0.046,0.174,-0.11,5
-0.063,0.161,-0.121,5
-0.087,0.11,-0.083,5
-0.082,0.099,-0.049,5
-0.044,0.037,0.016,5
-0.014,-0.047,0.066,5
0.008,-0.107,0.132,5
0.0,-0.109,0.141,5
0.042,-0.141,0.126,5
0.068,-0.183,0.062,5
0.061,-0.191,0.008,5
0.076,-0.185,-0.043,5
0.073,-0.157,-0.06,5
0.066,-0.09,-0.05,5
0.076,-0.059,-0.01,5
0.004,-0.023,0.007,5
-0.026,0.013,0.097,4
-0.045,0.05,0.156,5
-0.096,0.067,0.101,5
-0.065,0.051,0.027,5
-0.097,0.085,-0.001,5
-0.109,0.076,-0.109,5
-0.137,0.047,-0.132,5
-0.119,0.038,-0.115,5
-0.128,0.021,-0.112,5
-0.081,0.019,-0.1,5
-0.056,0.021,-0.034,5
-0.02,-0.014,-0.001,5
-0.026,-0.039,0.033,5
-0.041,-0.022,0.055,5
-0.024,-0.011,0.097,5
-0.013,0.011,0.118,5
0.005,0.005,0.093,5
0.004,0.031,0.049,5
0.03,-0.01,0.053,5
0.031,0.003,0.039,4
0.045,0.007,0.056,5
0.045,-0.006,0.0,5
0.006,-0.005,-0.021,5
0.018,0.0,-0.049,5
0.021,-0.018,-0.049,5
-0.032,-0.016,-0.022,5
-0.089,0.011,-0.059,5
-0.042,0.01,-0.044,5
-0.068,0.0,-0.031,5
-0.065,0.026,-0.002,5
-0.046,0.015,-0.006,5
-0.05,0.017,-0.027,5
-0.075,0.041,-0.054,5
-0.076,0.05,-0.019,5
-0.008,0.041,0.025,5
-0.016,0.028,0.057,5
0.002,0.042,0.047,5
0.067,0.017,0.029,4
0.081,0.028,0.052,5
0.06,0.008,0.017,5
0.106,-0.005,0.05,5
0.104,-0.048,0.109,5
0.076,-0.038,0.085,5
0.077,-0.035,0.103,5
0.013,-0.061,0.084,5
-0.021,-0.016,0.08,5
-0.062,0.01,0.106,5
-0.065,-0.007,0.082,5
-0.131,0.019,0.053,5
-0.144,0.025,0.056,5
-0.16,0.036,0.046,5
-0.148,0.079,0.007,5
-0.133,0.059,0.015,5
-0.103,0.078,0.022,5
-0.015,0.058,0.067,5
-0.013,0.035,0.095,5
0.017,0.01,0.077,4
0.003,-0.038,0.09,5
0.011,-0.034,0.094,5
0.096,-0.056,0.076,5
0.039,-0.107,0.094,5
0.026,-0.096,0.119,5
-0.001,-0.091,0.051,5
0.002,-0.107,0.059,5
0.019,-0.075,0.07,5
-0.046,-0.055,0.076,5
0.031,-0.053,0.038,5
0.058,-0.044,0.108,5
0.069,-0.005,0.123,5
0.092,0.0,0.123,5
0.122,0.003,0.167,5
0.088,0.068,0.249,5
0.096,0.057,0.28,5
0.091,0.029,0.261,5
0.112,0.005,0.278,5
0.135,-0.038,0.19,4
0.113,-0.112,0.209,5
0.132,-0.212,0.18,5
0.084,-0.226,0.183,5
0.093,-0.225,0.217,5
0.131,-0.249,0.251,5
0.096,-0.199,0.234,5
0.069,-0.118,0.211,5
0.041,-0.003,0.194,5
-0.027,0.057,0.132,5
-0.041,0.15,0.114,5
-0.054,0.208,-0.043,5
-0.139,0.183,-0.172,5
-0.138,0.178,-0.194,5
-0.09,0.117,-0.161,5
-0.055,0.045,-0.093,5
0.01,-0.011,-0.063,5
0.039,-0.091,-0.03,5
0.074,-0.211,-0.049,4
-0.006,-0.285,-0.018,5
-0.139,-0.356,-0.038,5
-0.284,-0.372,-0.09,5
-0.411,-0.343,-0.059,5
-0.59,-0.257,-0.04,5
-0.776,-0.167,-0.01,5
-0.858,-0.085,0.106,5
-0.876,0.06,0.164,5
-0.835,0.257,0.256,5
-0.812,0.421,0.251,5
-0.774,0.538,0.248,5
-0.714,0.656,0.197,5
-0.591,0.716,0.126,5
-0.514,0.709,0.083,5
-0.467,0.655,0.04,5
-0.373,0.594,0.092,5
-0.288,0.509,0.134,5
-0.212,0.341,0.168,5
-0.087,0.156,0.259,4
-0.031,0.011,0.371,5
0.014,-0.101,0.381,5
0.047,-0.216,0.382,5
0.017,-0.267,0.309,5
0.062,-0.271,0.24,5
0.082,-0.282,0.116,5
0.117,-0.271,0.062,5
0.127,-0.197,0.086,5
0.131,-0.151,0.15,5
0.109,-0.119,0.17,5
0.09,-0.098,0.235,5
0.016,-0.071,0.245,5
0.027,-0.042,0.225,5
0.025,-0.064,0.211,5
0.044,-0.058,0.138,5
0.0,-0.034,0.056,5
0.039,-0.031,-0.005,5
0.108,-0.015,-0.069,5
0.184,-0.048,-0.144,4
0.109,-0.021,-0.181,5
0.107,0.023,-0.142,5
0.109,0.046,-0.149,5
0.081,0.059,-0.13,5
0.064,0.118,-0.125,5
0.015,0.158,-0.113,5
-0.102,0.155,-0.114,5
-0.204,0.178,-0.159,5
-0.205,0.225,-0.242,5
-0.241,0.176,-0.278,5
-0.26,0.163,-0.345,5
-0.277,0.138,-0.336,5
-0.262,0.09,-0.372,5
-0.231,0.076,-0.425,5
-0.182,0.051,-0.425,5
-0.091,-0.009,-0.409,5
-0.056,-0.077,-0.368,5
0.005,-0.181,-0.331,5
0.099,-0.266,-0.358,4
0.093,-0.335,-0.374,5
0.123,-0.396,-0.337,5
0.111,-0.455,-0.316,5
0.074,-0.483,-0.31,5
0.062,-0.495,-0.257,5
0.099,-0.476,-0.193,5
0.136,-0.506,0.028,5
0.204,-0.459,0.202,5
0.253,-0.431,0.38,5
0.24,-0.456,0.45,5
0.272,-0.385,0.474,5
0.284,-0.359,0.499,5
0.303,-0.34,0.406,5
0.406,-0.319,0.305,5
0.443,-0.292,0.163,5
0.55,-0.306,-0.012,5
0.714,-0.318,-0.166,5
0.785,-0.29,-0.335,5
0.892,-0.339,-0.456,4
0.971,-0.357,-0.557,5
1.033,-0.373,-0.657,5
1.098,-0.391,-0.668,5
1.091,-0.361,-0.847,5
1.107,-0.316,-0.909,5
1.091,-0.22,-0.943,5
1.085,-0.133,-0.887,5
1.041,-0.055,-0.725,5
0.942,0.014,-0.635,5
0.787,0.142,-0.593,5
0.626,0.287,-0.56,5
0.465,0.422,-0.517,5
0.241,0.544,-0.465,5
0.053,0.657,-0.371,5
-0.097,0.747,-0.299,5
-0.23,0.784,-0.265,5
-0.284,0.783,-0.226,5
-0.295,0.748,-0.199,4
-0.347,0.751,-0.183,5
-0.368,0.697,-0.087,5
-0.353,0.64,-0.022,5
-0.404,0.632,-0.003,5
-0.428,0.56,0.07,5
-0.368,0.5,0.08,5
-0.292,0.364,0.115,5
-0.181,0.293,0.194,5
-0.133,0.212,0.261,5
-0.158,0.182,0.282,5
-0.168,0.168,0.297,5
-0.177,0.194,0.315,5
-0.25,0.201,0.322,5
-0.246,0.137,0.298,5
-0.248,0.145,0.247,5
-0.119,0.079,0.179,5
-0.077,0.006,0.148,5
0.003,-0.032,0.172,5
0.071,-0.089,0.081,4
0.159,-0.158,0.065,5
0.216,-0.211,0.101,5
0.182,-0.246,0.095,5
0.125,-0.251,0.081,5
0.073,-0.252,0.095,5
0.001,-0.257,0.163,5
0.049,-0.253,0.138,5
0.143,-0.266,0.146,5
0.133,-0.179,0.17,5
0.18,-0.161,0.148,5
0.188,-0.132,0.142,5
0.117,-0.11,0.223,5
0.079,-0.047,0.2,5
0.097,0.025,0.124,5
0.053,0.057,0.056,5
0.052,0.107,0.033,5
0.064,0.11,0.047,5
0.131,0.081,0.059,5
0.139,0.077,0.088,4
0.091,0.044,0.083,5
0.06,0.022,0.118,5
-0.018,-0.018,0.141,5
-0.059,-0.051,0.144,5
-0.105,-0.114,0.19,5
-0.181,-0.155,0.179,5
-0.184,-0.243,0.256,5
-0.2,-0.322,0.286,5
-0.219,-0.423,0.309,5
-0.275,-0.463,0.373,5
-0.35,-0.464,0.383,5
-0.376,-0.577,0.457,5
-0.351,-0.627,0.506,5
-0.324,-0.676,0.447,5
-0.331,-0.708,0.419,5
-0.367,-0.693,0.364,5
-0.377,-0.748,0.345,5
-0.387,-0.734,0.332,4
-0.404,-0.708,0.32,5
-0.441,-0.676,0.314,5
-0.453,-0.673,0.309,5
-0.447,-0.593,0.278,5
-0.419,-0.503,0.25,5
-0.36,-0.401,0.156,5
-0.32,-0.288,0.08,5
-0.326,-0.164,0.003,5
-0.289,-0.01,-0.031,5
-0.269,0.146,-0.17,5
-0.229,0.29,-0.291,5
-0.18,0.468,-0.391,5
-0.11,0.632,-0.425,5
-0.035,0.742,-0.391,5
0.071,0.797,-0.352,5
0.107,0.859,-0.179,5
0.195,0.842,-0.001,5
0.223,0.762,0.187,5
0.309,0.634,0.324,4
0.304,0.51,0.524,5
0.277,0.412,0.67,5
0.267,0.267,0.749,5
0.253,0.172,0.817,5
0.262,0.163,0.843,5
0.262,0.043,0.879,5
0.292,0.026,0.834,5
0.379,0.023,0.699,5
0.492,0.103,0.534,5
0.619,0.166,0.364,5
0.721,0.343,0.168,5
0.864,0.498,0.104,5
0.989,0.767,0.081,5
1.041,1.018,0.068,5
1.062,1.308,0.083,5
0.981,1.587,0.07,5
0.883,1.734,0.115,5
0.683,1.884,0.151,4
0.326,2.049,0.149,5
-0.003,2.085,0.358,5
-0.296,1.954,0.602,5
-0.59,1.754,0.684,5
-0.992,1.609,0.676,5
-1.349,1.56,0.315,5
-1.477,1.602,-0.478,5
-1.372,1.576,-1.085,5
-1.054,1.448,-1.727,5
-0.621,1.243,-2.403,5
-0.042,1.028,-2.805,5
0.647,0.8,-2.658,5
1.155,0.776,-2.271,5
1.358,0.785,-1.932,5
1.421,0.693,-2.053,5
1.533,0.521,-2.382,5
1.552,0.15,-2.92,5
1.47,-0.239,-3.279,5
1.4,-0.586,-3.463,4
1.23,-0.928,-3.298,5
0.935,-1.215,-3.046,5
0.574,-1.451,-2.733,5
0.163,-1.633,-2.252,5
-0.322,-1.754,-1.76,5
-0.751,-1.833,-1.239,5
-1.072,-1.844,-0.779,5
-1.409,-1.814,-0.477,5
-1.69,-1.736,-0.222,5
-1.909,-1.627,-0.14,5
-2.033,-1.477,-0.108,5
-2.144,-1.308,-0.244,5
-2.162,-1.13,-0.112,5
-2.136,-0.943,0.088,5
-2.124,-0.733,0.152,5
-2.033,-0.565,0.253,5
-1.829,-0.465,0.314,5
-1.633,-0.406,0.347,5
-1.453,-0.352,0.282,4
-1.174,-0.351,0.198,5
-0.962,-0.359,0.187,5
-0.659,-0.435,0.224,5
-0.231,-0.478,0.228,5
0.119,-0.533,0.218,5
0.529,-0.592,0.209,5
0.925,-0.602,0.317,5
1.237,-0.576,0.367,5
1.462,-0.574,0.365,5
1.553,-0.56,0.359,5
1.618,-0.534,0.383,5
1.602,-0.511,0.457,5
1.541,-0.468,0.497,5
1.357,-0.426,0.521,5
1.23,-0.405,0.516,5
1.029,-0.351,0.46,5
0.784,-0.355,0.405,5
0.537,-0.319,0.322,4
0.316,-0.261,0.225,5
0.107,-0.244,0.22,5
-0.101,-0.172,0.249,5
-0.306,-0.112,0.289,5
-0.383,-0.105,0.312,5
-0.379,-0.111,0.375,5
-0.371,-0.13,0.381,5
-0.231,-0.178,0.386,5
-0.122,-0.229,0.399,5
-0.088,-0.206,0.411,5
0.028,-0.233,0.43,5
0.094,-0.188,0.447,5
0.14,-0.165,0.411,5
0.169,-0.165,0.383,5
0.178,-0.132,0.383,5
0.152,-0.088,0.341,5
0.063,-0.092,0.302,5
0.027,-0.023,0.289,5
0.015,-0.029,0.273,4
-0.045,0.007,0.259,5
-0.144,0.045,0.25,5
-0.207,0.058,0.264,5
-0.337,0.078,0.255,5
-0.39,0.1,0.255,5
-0.463,0.103,0.255,5
-0.455,0.114,0.281,5
-0.427,0.12,0.322,5
-0.406,0.108,0.346,5
-0.369,0.114,0.376,5
-0.315,0.069,0.334,5
-0.163,0.075,0.201,5
-0.073,0.097,0.147,5
-0.001,0.092,0.119,5
0.097,0.078,0.172,5
0.057,0.109,0.172,5
-0.008,0.15,0.15,5
-0.033,0.169,0.213,5
-0.086,0.17,0.329,4
-0.09,0.178,0.365,5
-0.128,0.105,0.458,5
-0.137,0.042,0.559,5
-0.153,-0.034,0.636,5
-0.147,-0.143,0.573,5
-0.136,-0.245,0.632,5
-0.148,-0.315,0.689,5
-0.159,-0.43,0.663,5
-0.126,-0.499,0.67,5
-0.17,-0.531,0.728,5
-0.191,-0.525,0.759,5
-0.168,-0.55,0.821,5
-0.151,-0.568,0.799,5
-0.136,-0.546,0.762,5
-0.096,-0.478,0.729,5
-0.052,-0.443,0.725,5
-0.025,-0.382,0.683,5
0.015,-0.339,0.597,5
0.061,-0.228,0.494,4
0.115,-0.11,0.483,5
0.099,-0.013,0.362,5
0.137,0.056,0.304,5
0.188,0.141,0.304,5
0.208,0.218,0.243,5
0.204,0.222,0.202,5
0.209,0.212,0.186,5
0.219,0.187,0.189,5
0.257,0.177,0.17,5
0.274,0.133,0.2,5
0.255,0.09,0.202,5
0.26,0.055,0.216,5
0.225,0.019,0.267,5
0.22,0.021,0.314,5
0.241,-0.023,0.313,5
0.191,-0.081,0.32,5
0.202,-0.086,0.284,5
0.165,-0.137,0.238,4
0.148,-0.188,0.154,5
0.15,-0.23,0.138,5
0.144,-0.25,0.086,5
0.125,-0.289,0.077,5
0.143,-0.325,0.074,5
0.133,-0.293,0.075,5
0.167,-0.302,0.063,5
0.275,-0.267,0.1,5
0.23,-0.167,0.06,5
0.229,-0.069,-0.01,5
0.258,0.015,0.063,5
0.305,0.112,0.057,5
0.279,0.239,0.051,5
0.29,0.349,0.046,5
0.291,0.452,0.028,5
0.27,0.57,0.013,5
0.273,0.612,-0.001,5
0.233,0.689,0.054,5
0.175,0.754,0.127,4
0.149,0.743,0.122,5
0.121,0.694,0.183,5
0.156,0.625,0.212,5
0.111,0.584,0.208,5
0.078,0.5,0.248,5
-0.019,0.488,0.232,5
-0.039,0.526,0.234,5
-0.022,0.503,0.237,5
0.035,0.474,0.381,5
0.139,0.448,0.476,5
0.164,0.421,0.541,5
0.178,0.379,0.663,5
0.19,0.319,0.748,5
0.098,0.296,0.901,5
0.045,0.184,1.022,5
-0.023,0.075,1.067,5
-0.051,0.038,1.085,5
-0.067,-0.021,1.058,5
-0.052,-0.114,1.069,4
0.004,-0.223,1.07,5
0.025,-0.313,1.044,5
0.13,-0.45,0.966,5
0.277,-0.685,0.886,5
0.559,-1.017,0.681,5
1.012,-1.368,0.605,5
1.51,-1.817,0.703,5
1.983,-2.342,0.616,5
2.194,-2.681,0.162,5
1.66,-2.292,-0.801,5
-0.078,-0.981,-2.548,5
-2.388,0.736,-4.237,5
-4.727,2.399,-5.942,5
-7.141,3.694,-8.171,5
-9.392,5.104,-10.508,5
-11.013,6.951,-12.53,5
-13.135,9.673,-12.178,5
-14.851,12.106,-8.943,5
-11.34,11.74,-4.489,4
-5.651,9.536,-1.528,5
-0.453,7.294,-0.022,5
3.53,5.069,1.126,5
6.043,2.468,1.617,5
7.744,-0.011,1.201,5
8.525,-2.005,0.688,5
8.983,-3.567,0.253,5
9.11,-4.589,0.456,5
9.156,-5.285,1.014,5
9.693,-5.985,1.46,5
9.602,-6.201,2.029,5
8.465,-5.77,2.748,5
6.779,-5.167,3.111,5
4.756,-4.521,2.753,5
2.466,-3.711,2.029,5
0.297,-2.819,1.279,5
-1.3,-1.998,0.492,5
-2.588,-1.173,-0.246,4
-3.437,-0.354,-0.764,5
-3.761,0.314,-1.015,5
-3.656,0.809,-1.03,5
-3.39,1.141,-0.975,5
-2.943,1.411,-0.903,5
-2.481,1.524,-0.847,5
-2.043,1.475,-0.676,5
-1.67,1.31,-0.406,5
-1.365,1.011,-0.107,5
-1.177,0.582,0.256,5
-0.891,0.102,0.554,5
-0.686,-0.343,0.792,5
-0.453,-0.817,0.859,5
-0.253,-1.231,0.919,5
-0.051,-1.539,0.922,5
0.156,-1.79,0.994,5
0.218,-1.956,1.075,5
0.252,-2.075,1.088,5
0.227,-2.095,1.087,4
0.174,-1.994,1.035,5
0.092,-1.816,1.0,5
-0.033,-1.587,0.96,5
-0.163,-1.342,0.877,5
-0.323,-1.039,0.807,5
-0.506,-0.789,0.709,5
-0.632,-0.581,0.556,5
-0.724,-0.432,0.479,5
-0.764,-0.307,0.444,5
-0.795,-0.225,0.369,5
-0.789,-0.163,0.358,5
-0.74,-0.108,0.37,5
-0.649,-0.145,0.397,5
-0.519,-0.173,0.448,5
-0.411,-0.238,0.351,5
-0.215,-0.326,0.295,5
-0.025,-0.474,0.295,5
0.231,-0.565,0.218,5
0.47,-0.65,0.166,4
0.708,-0.775,0.094,5
0.964,-0.84,0.132,5
1.2,-0.889,0.092,5
1.377,-0.93,0.006,5
1.571,-0.94,-0.076,5
1.729,-0.915,-0.055,5
1.81,-0.927,0.031,5
1.883,-0.899,0.088,5
1.915,-0.865,0.209,5
1.878,-0.817,0.235,5
1.733,-0.696,0.337,5
1.547,-0.579,0.424,5
1.362,-0.388,0.489,5
1.045,-0.207,0.5,5
0.647,0.011,0.558,5
0.302,0.213,0.58,5
0.044,0.355,0.543,5
-0.227,0.466,0.493,5
-0.484,0.57,0.452,4
-0.664,0.694,0.45,5
-0.839,0.732,0.405,5
-0.945,0.75,0.369,5
-0.997,0.718,0.315,5
-1.069,0.689,0.266,5
-1.074,0.607,0.188,5
-1.092,0.49,0.113,5
-1.039,0.407,0.076,5
-0.952,0.297,0.055,5
-0.775,0.16,0.067,5
-0.585,-0.015,0.034,5
-0.527,-0.056,0.095,5
-0.319,-0.077,0.336,5
-0.196,-0.095,0.224,5
-0.073,-0.098,0.336,5
-0.019,-0.028,0.414,5
0.107,0.077,0.605,5
0.239,0.195,0.527,5
0.331,0.33,0.397,4
0.483,0.461,0.379,5
0.56,0.583,0.263,5
0.663,0.783,0.319,5
0.722,0.985,0.235,5
0.719,1.209,0.013,5
0.686,1.343,-0.06,5
0.578,1.445,-0.132,5
0.499,1.503,-0.256,5
0.255,1.547,-0.231,5
0.057,1.483,-0.264,5
-0.094,1.343,-0.233,5
-0.27,1.17,-0.154,5
-0.463,0.924,0.003,5
-0.606,0.633,0.184,5
-0.714,0.294,0.286,5
-0.793,-0.028,0.395,5
-0.843,-0.374,0.563,5
-0.815,-0.668,0.704,5
-0.819,-0.912,0.828,4
-0.742,-1.092,0.935,5
-0.611,-1.241,0.979,5
-0.49,-1.363,0.954,5
-0.346,-1.39,0.898,5
-0.165,-1.372,0.795,5
0.019,-1.312,0.698,5
0.176,-1.237,0.628,5
0.305,-1.109,0.54,5
0.387,-0.959,0.434,5
0.46,-0.773,0.334,5
0.491,-0.652,0.185,5
0.49,-0.475,0.011,5
0.471,-0.324,-0.106,5
0.484,-0.149,-0.16,5
0.423,-0.031,-0.269,5
0.389,0.088,-0.362,5
0.242,0.208,-0.425,5
0.39,0.243,-0.262,5
0.347,0.292,-0.309,4
0.248,0.349,-0.304,5
0.287,0.34,-0.23,5
0.289,0.323,-0.233,5
0.268,0.312,-0.218,5
0.233,0.251,-0.149,5
0.244,0.209,-0.009,5
0.233,0.14,0.107,5
0.201,0.044,0.196,5
0.198,-0.058,0.301,5
0.212,-0.165,0.357,5
0.217,-0.299,0.394,5
0.174,-0.377,0.411,5
0.122,-0.425,0.387,5
0.066,-0.447,0.404,5
0.038,-0.467,0.372,5
0.077,-0.438,0.253,5
0.061,-0.402,0.189,5
0.085,-0.379,0.166,4
0.145,-0.277,0.11,5
0.144,-0.102,0.125,5
0.147,0.019,0.285,5
0.184,0.159,0.463,5
0.17,0.354,0.594,5
0.209,0.496,0.646,5
0.149,0.592,0.62,5
0.039,0.654,0.476,5
-0.119,0.653,0.213,5
-0.292,0.57,-0.225,5
-0.53,0.47,-0.625,5
-0.71,0.402,-0.868,5
-0.863,0.357,-0.781,5
-0.966,0.408,-0.583,5
-0.986,0.431,-0.158,5
-0.9,0.345,0.456,5
-0.862,0.237,0.97,5
-0.896,0.058,1.447,5
-0.996,-0.166,1.733,4
-1.19,-0.438,1.564,5
-1.446,-0.649,0.968,5
-1.818,-0.601,-0.511,5
-2.084,-0.235,-2.486,5
-2.066,0.516,-4.008,5
-1.6,1.468,-5.03,5
-0.462,2.132,-5.888,5
1.238,2.496,-6.446,5
2.963,2.72,-6.896,5
4.278,3.052,-7.042,5
5.359,3.639,-5.821,5
5.827,4.115,-4.105,5
5.391,4.238,-2.902,5
5.063,4.435,-2.53,5
4.531,4.25,-2.682,5
3.203,3.794,-2.836,5
1.103,3.251,-1.992,5
-1.213,2.693,-0.646,4
-3.16,1.941,0.197,5
-4.4,0.885,0.613,5
-5.236,-0.034,1.03,5
-5.733,-0.849,1.276,5
-6.013,-1.424,1.523,5
-5.692,-1.868,1.789,5
-5.317,-2.232,2.153,5
-4.807,-2.354,2.373,5
-4.36,-2.355,2.217,5
-3.661,-2.253,1.866,5
-2.584,-2.157,1.275,5
-1.356,-2.006,0.63,5
-0.074,-1.879,0.093,5
1.049,-1.708,-0.178,5
1.918,-1.52,-0.199,5
2.648,-1.377,-0.227,5
3.168,-1.269,-0.088,5
3.484,-1.207,0.101,5
3.519,-1.116,0.306,4
3.447,-1.091,0.491,5
3.197,-1.137,0.58,5
2.848,-1.126,0.591,5
2.395,-1.16,0.566,5
1.841,-1.148,0.522,5
1.294,-1.08,0.483,5
0.837,-1.024,0.435,5
0.443,-0.926,0.378,5
0.063,-0.738,0.315,5
-0.257,-0.552,0.205,5
-0.473,-0.359,0.163,5
-0.593,-0.233,0.087,5
-0.663,-0.123,0.138,5
-0.653,-0.016,0.206,5
-0.635,0.023,0.362,5
-0.494,0.017,0.404,5
-0.376,-0.018,0.445,5
-0.273,-0.103,0.478,4
-0.151,-0.157,0.534,5
-0.007,-0.236,0.566,5
0.092,-0.312,0.613,5
0.182,-0.397,0.612,5
0.272,-0.46,0.624,5
0.335,-0.518,0.635,5
0.327,-0.569,0.627,5
0.359,-0.551,0.358,5
0.375,-0.587,0.253,5
0.436,-0.597,0.124,5
0.406,-0.593,-0.081,5
0.266,-0.564,-0.207,5
0.114,-0.486,-0.195,5
-0.077,-0.416,-0.123,5
-0.276,-0.353,-0.033,5
-0.417,-0.291,-0.017,5
-0.59,-0.198,0.04,5
-0.755,-0.104,0.066,5
-0.874,0.004,0.064,4
-0.967,0.124,0.105,5
-0.961,0.207,0.06,5
-0.938,0.289,-0.001,5
-0.862,0.36,-0.062,5
-0.737,0.427,-0.034,5
-0.628,0.492,0.003,5
-0.419,0.512,0.093,5
-0.183,0.499,0.11,5
-0.005,0.462,0.038,5
0.223,0.437,0.056,5
0.356,0.359,0.072,5
0.415,0.293,0.103,5
0.468,0.234,0.097,5
0.533,0.171,0.101,5
0.514,0.128,0.065,5
0.575,-0.009,0.084,5
0.616,-0.12,0.093,5
0.516,-0.125,0.049,5
0.464,-0.177,0.018,4
0.435,-0.211,0.025,5
0.357,-0.263,0.096,5
0.356,-0.332,0.103,5
0.316,-0.38,0.17,5
0.271,-0.433,0.209,5
0.231,-0.536,0.262,5
0.178,-0.547,0.378,5
0.169,-0.561,0.43,5
0.143,-0.6,0.473,5
0.086,-0.54,0.508,5
0.004,-0.499,0.492,5
-0.03,-0.436,0.46,5
-0.161,-0.362,0.439,5
-0.252,-0.287,0.391,5
-0.386,-0.198,0.339,5
-0.468,-0.131,0.327,5
-0.525,-0.057,0.363,5
-0.619,0.073,0.37,4
-0.66,0.16,0.406,5
-0.693,0.178,0.335,5
-0.659,0.221,0.271,5
-0.649,0.259,0.218,5
-0.64,0.233,0.184,5
-0.623,0.21,0.148,5
-0.522,0.159,0.163,5
-0.422,0.125,0.143,5
-0.359,0.1,0.18,5
-0.267,0.073,0.244,5
-0.136,-0.007,0.293,5
-0.08,-0.032,0.337,5
-0.054,-0.007,0.441,5
0.006,0.023,0.418,5
0.087,0.0,0.406,5
0.083,0.029,0.405,5
0.165,0.052,0.399,5
0.144,0.06,0.441,5
0.16,0.136,0.435,4
0.135,0.199,0.383,5
0.165,0.24,0.289,5
0.17,0.255,0.242,5
0.187,0.328,0.214,5
0.25,0.334,0.18,5
0.307,0.309,0.144,5
0.315,0.356,0.203,5
0.34,0.376,0.2,5
0.31,0.373,0.197,5
0.3,0.362,0.225,5
0.305,0.295,0.28,5
0.292,0.197,0.286,5
0.31,0.142,0.296,5
0.313,0.089,0.336,5
0.282,0.037,0.375,5
0.249,0.008,0.407,5
0.194,-0.018,0.418,5
0.132,-0.055,0.432,5
0.054,-0.071,0.406,4
0.061,-0.047,0.352,5
0.081,-0.085,0.295,5
0.073,-0.085,0.227,5
0.143,-0.081,0.217,5
0.163,-0.073,0.183,5
0.177,-0.005,0.164,5
0.194,0.046,0.217,5
0.222,0.029,0.238,5
0.333,0.065,0.197,5
0.343,0.071,0.238,5
0.356,0.038,0.184,5
0.372,0.069,0.217,5
0.339,0.066,0.243,5
0.296,0.046,0.236,5
0.271,0.024,0.246,5
0.227,-0.011,0.252,5
0.152,-0.058,0.218,5
0.064,-0.039,0.235,4
-0.002,-0.052,0.272,5
-0.062,-0.03,0.253,5
-0.108,-0.009,0.254,5
-0.148,-0.004,0.28,5
-0.164,0.008,0.368,5
-0.182,0.012,0.37,5
-0.215,-0.01,0.376,5
-0.189,-0.031,0.373,5
-0.166,-0.027,0.396,5
-0.132,-0.029,0.43,5
-0.162,-0.052,0.456,5
-0.21,-0.073,0.487,5
-0.176,-0.134,0.499,5
-0.215,-0.142,0.492,5
-0.228,-0.15,0.52,5
-0.317,-0.165,0.468,5
-0.315,-0.183,0.482,5
-0.288,-0.151,0.455,5
-0.255,-0.132,0.423,4
-0.173,-0.084,0.337,5
-0.121,-0.046,0.256,5
-0.144,-0.045,0.14,5
-0.125,0.036,0.1,5
-0.147,0.097,0.133,5
-0.145,0.1,0.12,5
-0.087,0.094,0.108,5
-0.061,0.072,0.049,5
-0.016,0.103,-0.015,5
0.122,0.046,-0.078,5
0.39,-0.061,-0.113,5
0.614,-0.124,-0.037,5
0.88,-0.25,0.009,5
1.257,-0.453,-0.009,5
1.886,-0.821,-0.064,5
2.632,-1.179,-0.342,5
3.149,-1.354,-0.812,5
3.002,-0.968,-1.45,5
1.805,-0.057,-2.245,4
-0.089,0.891,-3.119,5
-2.188,1.768,-5.238,5
-4.468,3.125,-7.743,5
-6.922,5.122,-9.051,5
-8.475,7.019,-8.921,5
-9.037,8.537,-6.792,5
-8.254,9.243,-3.98,5
-8.359,9.905,-0.513,5
-6.351,8.539,1.459,5
-3.298,5.625,0.796,5
-0.947,2.791,-0.136,5
1.116,0.039,-0.075,5
2.875,-2.412,-0.128,5
4.294,-4.369,-0.541,5
5.36,-5.742,-0.517,5
5.806,-6.383,-0.138,5
5.579,-6.473,0.401,5
5.267,-6.252,0.873,5
5.395,-6.045,1.26,4
5.114,-5.509,1.246,5
4.775,-4.764,1.169,5
4.151,-3.814,1.164,5
3.4,-2.769,0.996,5
2.525,-1.811,0.711,5
1.596,-0.82,0.545,5
0.743,0.08,0.258,5
-0.046,0.856,-0.159,5
-0.49,1.469,-0.527,5
-0.716,1.895,-0.66,5
-0.826,2.266,-0.236,5
-1.032,2.483,0.088,5
-1.157,2.459,0.192,5
-1.188,2.239,0.379,5
-1.134,1.821,0.501,5
-0.968,1.26,0.61,5
-0.833,0.707,0.691,5
-0.711,0.205,0.691,4
-0.579,-0.258,0.712,5
-0.444,-0.672,0.732,5
-0.231,-1.04,0.676,5
-0.001,-1.363,0.582,5
0.287,-1.623,0.498,5
0.56,-1.749,0.375,5
0.861,-1.88,0.251,5
1.034,-1.864,0.174,5
1.085,-1.781,0.131,5
1.145,-1.659,0.139,5
1.112,-1.506,0.138,5
1.031,-1.304,0.172,5
0.837,-1.07,0.133,5
0.659,-0.864,0.09,5
0.477,-0.683,0.085,5
0.257,-0.541,0.102,5
-0.005,-0.405,0.161,5
-0.229,-0.283,0.218,5
-0.533,-0.159,0.33,4
-0.717,-0.062,0.426,5
-0.835,-0.021,0.474,5
-0.906,0.036,0.538,5
-0.958,0.054,0.558,5
-0.953,0.075,0.489,5
-0.883,0.084,0.466,5
-0.795,0.033,0.419,5
-0.672,0.047,0.334,5
-0.519,0.046,0.24,5
-0.376,0.029,0.134,5
-0.209,-0.008,0.108,5
-0.059,-0.033,0.045,5
-0.105,0.03,0.101,5
0.038,-0.054,0.026,5
0.142,-0.152,-0.027,5
0.244,-0.193,-0.029,5
0.306,-0.217,-0.06,5
0.336,-0.259,-0.058,4
0.388,-0.251,0.015,5
0.414,-0.269,0.031,5
0.437,-0.237,0.015,5
0.406,-0.209,0.082,5
0.297,-0.137,0.1,5
0.267,-0.063,0.111,5
0.154,0.046,0.139,5
0.117,0.158,0.099,5
0.049,0.215,0.137,5
-0.019,0.25,0.132,5
-0.065,0.328,0.166,5
-0.084,0.386,0.184,5
-0.084,0.403,0.243,5
-0.097,0.419,0.206,5
-0.079,0.424,0.159,5
-0.037,0.395,0.225,5
-0.028,0.385,0.271,5
-0.034,0.377,0.244,5
-0.039,0.369,0.194,4
0.007,0.332,0.235,5
0.006,0.308,0.306,5
0.018,0.247,0.344,5
-0.004,0.188,0.383,5
-0.06,0.16,0.44,5
-0.08,0.148,0.456,5
-0.084,0.116,0.492,5
-0.132,0.04,0.538,5
-0.132,-0.011,0.454,5
-0.106,-0.057,0.413,5
-0.112,-0.064,0.328,5
-0.161,-0.109,0.265,5
-0.184,-0.124,0.325,5
-0.217,-0.133,0.383,5
-0.2,-0.137,0.431,5
-0.162,-0.201,0.383,5
-0.185,-0.22,0.328,5
-0.119,-0.223,0.321,5
-0.098,-0.235,0.323,4
-0.007,-0.216,0.291,5
0.002,-0.212,0.257,5
0.014,-0.199,0.279,5
0.004,-0.171,0.328,5
0.099,-0.158,0.352,5
0.14,-0.159,0.355,5
0.191,-0.16,0.363,5
0.18,-0.119,0.365,5
0.24,-0.081,0.385,5
0.289,-0.107,0.402,5
0.221,-0.122,0.452,5
0.186,-0.136,0.454,5
0.116,-0.191,0.418,5
0.022,-0.224,0.346,5
-0.031,-0.249,0.259,5
-0.045,-0.263,0.207,5
-0.057,-0.232,0.187,5
-0.043,-0.166,0.177,4
-0.052,-0.153,0.116,5
-0.072,-0.116,0.083,5
-0.048,-0.109,0.066,5
-0.095,-0.115,0.029,5
-0.145,-0.108,0.048,5
-0.191,-0.054,0.12,5
-0.25,-0.023,0.125,5
-0.268,0.039,0.173,5
-0.262,0.104,0.272,5
-0.228,0.18,0.322,5
-0.196,0.265,0.394,5
-0.151,0.351,0.475,5
-0.114,0.453,0.427,5
-0.124,0.537,0.453,5
-0.077,0.587,0.421,5
-0.026,0.627,0.211,5
-0.024,0.638,0.026,5
0.06,0.63,-0.04,5
0.097,0.619,-0.097,4
0.13,0.626,-0.078,5
0.208,0.576,-0.066,5
0.303,0.579,0.03,5
0.303,0.577,0.174,5
0.281,0.562,0.32,5
0.231,0.489,0.426,5
0.157,0.418,0.452,5
0.093,0.32,0.433,5
0.045,0.206,0.407,5
-0.032,0.099,0.431,5
-0.033,-0.009,0.577,5
-0.025,-0.146,0.679,5
-0.066,-0.278,0.731,5
-0.093,-0.375,0.77,5
-0.093,-0.454,0.758,5
-0.114,-0.477,0.803,5
-0.15,-0.516,0.692,5
-0.139,-0.567,0.524,5
-0.121,-0.605,0.372,4
-0.143,-0.601,0.27,5
-0.172,-0.601,0.192,5
-0.146,-0.636,0.052,5
-0.127,-0.589,0.107,5
-0.14,-0.573,0.122,5
-0.148,-0.538,0.036,5
-0.068,-0.454,0.102,5
0.033,-0.469,-0.045,5
0.0,-0.4,-0.101,5
0.0,-0.326,-0.022,5
-0.03,-0.314,-0.209,5
-0.079,-0.283,-0.094,5
-0.058,-0.242,0.122,5
-0.035,-0.338,-0.127,5
0.015,-0.386,-0.084,5
0.061,-0.404,-0.024,5
0.089,-0.501,-0.099,5
0.007,-0.662,-0.067,4
-0.036,-0.79,-0.009,5
-0.205,-0.909,0.03,5
-0.417,-1.016,-0.3,5
-0.81,-0.975,-1.132,5
-1.225,-0.688,-2.432,5
-1.331,-0.171,-3.662,5
-1.129,0.565,-4.74,5
-0.326,1.353,-5.554,5
1.054,1.804,-6.115,5
2.535,2.102,-6.365,5
3.643,2.577,-5.85,5
4.21,3.19,-4.756,5
4.396,3.849,-2.897,5
4.116,4.52,-0.961,5
3.019,5.205,-0.033,5
1.437,5.84,-0.073,5
-0.335,5.894,0.037,5
-2.167,5.533,0.128,5
-3.717,4.579,-0.289,4
-4.815,3.216,-0.738,5
-5.536,1.808,-0.94,5
-5.663,0.36,-1.07,5
-5.222,-0.839,-1.067,5
-4.415,-1.806,-0.796,5
-3.362,-2.492,-0.419,5
-2.232,-2.829,-0.188,5
-1.173,-2.83,0.054,5
-0.323,-2.612,0.208,5
0.359,-2.122,0.075,5
0.965,-1.401,-0.259,5
1.399,-0.649,-0.707,5
1.78,0.005,-1.067,5
2.283,0.513,-1.288,5
2.727,0.888,-1.288,5
3.019,1.088,-1.177,5
3.118,1.096,-1.063,5
2.97,1.038,-0.823,5
2.548,0.865,-0.431,4
1.892,0.632,0.047,5
1.164,0.401,0.43,5
0.479,0.175,0.723,5
-0.12,-0.035,0.995,5
-0.655,-0.195,1.133,5
-1.008,-0.396,1.325,5
-1.342,-0.61,1.477,5
-1.518,-0.851,1.653,5
-1.651,-1.093,1.724,5
-1.718,-1.333,1.828,5
-1.706,-1.544,1.843,5
-1.621,-1.795,1.784,5
-1.532,-1.973,1.657,5
-1.427,-2.082,1.565,5
-1.219,-2.175,1.499,5
-1.102,-2.281,1.357,5
-0.953,-2.329,1.273,5
-0.745,-2.32,1.09,5
-0.61,-2.312,0.968,4
-0.437,-2.236,0.824,5
-0.238,-2.146,0.599,5
-0.068,-1.961,0.509,5
0.214,-1.795,0.411,5
0.485,-1.633,0.326,5
0.786,-1.439,0.251,5
0.949,-1.222,0.178,5
1.017,-1.027,0.091,5
1.14,-0.812,0.03,5
1.146,-0.644,-0.023,5
1.096,-0.485,-0.09,5
1.025,-0.359,-0.133,5
0.91,-0.245,-0.175,5
0.741,-0.148,-0.188,5
0.615,-0.081,-0.148,5
0.425,-0.069,-0.12,5
0.197,-0.036,-0.039,5
-0.007,-0.041,0.042,5
-0.132,-0.05,0.085,4
-0.282,-0.118,0.137,5
-0.383,-0.119,0.226,5
-0.483,-0.159,0.294,5
-0.577,-0.156,0.312,5
-0.609,-0.149,0.315,5
-0.613,-0.099,0.318,5
-0.565,-0.046,0.347,5
-0.555,0.022,0.359,5
-0.496,0.097,0.328,5
-0.416,0.2,0.329,5
-0.275,0.296,0.275,5
-0.123,0.391,0.226,5
-0.015,0.46,0.156,5
0.119,0.509,0.11,5
0.18,0.604,0.039,5
0.227,0.712,-0.016,5
0.264,0.727,-0.045,5
0.307,0.766,-0.027,4
0.25,0.862,-0.016,5
0.242,0.849,-0.018,5
0.265,0.863,0.004,5
0.278,0.897,0.016,5
0.28,0.877,0.049,5
0.269,0.828,0.066,5
0.277,0.745,0.102,5
0.279,0.631,0.126,5
0.212,0.521,0.191,5
0.195,0.408,0.224,5
0.202,0.26,0.288,5
0.255,0.135,0.349,5
0.216,0.0,0.396,5
0.246,-0.085,0.378,5
0.291,-0.197,0.362,5
0.292,-0.285,0.39,5
0.306,-0.321,0.373,5
0.232,-0.345,0.409,5
0.209,-0.341,0.338,5
0.209,-0.315,0.321,4
0.201,-0.284,0.328,5
0.181,-0.294,0.286,5
0.137,-0.234,0.374,5
0.102,-0.15,0.397,5
0.07,-0.084,0.4,5
0.084,-0.092,0.459,5
0.123,-0.044,0.495,5
0.094,0.032,0.484,5
0.024,0.02,0.44,5
-0.042,0.018,0.362,5
-0.085,0.077,0.291,5
-0.146,0.048,0.279,5
-0.165,0.064,0.221,5
-0.201,0.066,0.22,5
-0.215,0.017,0.246,5
-0.211,0.036,0.182,5
-0.224,0.054,0.168,5
-0.24,0.032,0.143,5
-0.281,0.028,0.137,4
-0.248,0.013,0.076,5
-0.241,0.02,0.116,5
-0.208,0.014,0.147,5
-0.166,0.072,0.214,5
-0.153,0.087,0.301,5
-0.155,0.121,0.361,5
-0.135,0.169,0.424,5
-0.169,0.204,0.455,5
-0.195,0.265,0.444,5
-0.171,0.269,0.481,5
-0.029,0.229,0.48,5
-0.1,0.254,0.419,5
-0.038,0.198,0.446,5
-0.025,0.092,0.484,5
-0.014,-0.033,0.478,5
0.047,-0.124,0.499,5
0.072,-0.198,0.527,5
0.005,-0.26,0.483,5
0.021,-0.281,0.456,4
0.028,-0.296,0.445,5
-0.017,-0.297,0.486,5
-0.076,-0.276,0.49,5
-0.111,-0.239,0.449,5
-0.109,-0.267,0.421,5
-0.106,-0.253,0.422,5
-0.078,-0.193,0.397,5
-0.071,-0.127,0.388,5
-0.033,-0.114,0.379,5
-0.021,-0.034,0.401,5
0.019,0.008,0.335,5
0.056,0.067,0.306,5
0.054,0.134,0.275,5
0.062,0.228,0.205,5
0.111,0.283,0.137,5
0.169,0.289,0.14,5
0.165,0.338,0.118,4
0.213,0.343,0.162,5
0.291,0.3,0.176,5
0.314,0.261,0.162,5
0.381,0.187,0.15,5
0.408,0.074,0.2,5
0.427,0.006,0.18,5
0.41,-0.127,0.132,5
0.374,-0.261,0.114,5
0.414,-0.386,0.107,5
0.428,-0.588,0.101,5
0.42,-0.741,0.065,5
0.404,-0.882,0.041,5
0.419,-0.975,0.032,5
0.399,-1.05,0.077,5
0.376,-1.13,0.103,5
0.334,-1.155,0.11,5
0.305,-1.164,0.069,5
0.214,-1.13,-0.006,5
0.171,-1.073,-0.057,4
0.12,-1.039,-0.056,5
0.03,-0.939,-0.153,5
-0.045,-0.862,-0.177,5
-0.136,-0.789,-0.133,5
-0.212,-0.693,-0.202,5
-0.316,-0.611,-0.147,5
-0.422,-0.545,-0.102,5
-0.466,-0.469,-0.122,5
-0.476,-0.413,-0.118,5
-0.463,-0.359,-0.094,5
-0.399,-0.353,-0.114,5
-0.385,-0.361,-0.086,5
-0.394,-0.346,-0.047,5
-0.346,-0.333,0.06,5
-0.242,-0.326,0.106,5
-0.11,-0.349,0.156,5
-0.06,-0.362,0.175,5
0.113,-0.356,0.187,5
0.283,-0.367,0.207,4
0.435,-0.421,0.212,5
0.754,-0.513,0.294,5
1.195,-0.69,0.455,5
1.722,-0.866,0.642,5
2.278,-1.086,0.815,5
2.869,-1.46,0.539,5
3.203,-1.684,-0.083,5
2.37,-1.197,-0.889,5
0.646,-0.03,-2.459,5
-1.517,1.153,-3.803,5
-3.895,1.981,-4.38,5
-7.065,3.658,-6.549,5
-10.043,6.188,-10.1,5
-11.081,8.659,-10.922,5
-11.283,11.534,-7.907,5
-10.026,13.988,-3.94,5
-5.45,14.084,1.292,5
-1.199,12.68,3.632,5
2.523,9.835,2.338,4
5.403,6.158,0.708,5
7.078,2.805,-0.982,5
7.741,0.185,-2.272,5
7.919,-1.772,-2.268,5
7.959,-3.431,-1.852,5
8.4,-4.863,-1.025,5
8.064,-5.566,0.021,5
6.839,-5.561,1.398,5
4.901,-5.156,2.568,5
2.605,-4.58,3.225,5
0.539,-4.044,3.35,5
-0.992,-3.571,2.718,5
-2.104,-3.102,1.726,5
-3.005,-2.503,0.968,5
-3.73,-1.615,0.431,5
-4.167,-0.621,-0.055,5
-4.268,0.237,-0.429,5
-4.164,0.92,-0.73,5
-3.894,1.427,-0.972,4
-3.289,1.776,-1.215,5
-2.585,1.951,-1.266,5
-1.728,1.885,-1.135,5
-0.762,1.641,-0.935,5
0.05,1.27,-0.609,5
0.769,0.833,-0.169,5
1.278,0.4,0.157,5
1.659,0.028,0.323,5
1.98,-0.361,0.299,5
2.23,-0.709,0.23,5
2.485,-0.996,0.104,5
2.75,-1.223,-0.005,5
2.944,-1.442,-0.047,5
3.064,-1.582,-0.094,5
3.011,-1.652,-0.055,5
2.775,-1.625,0.006,5
2.377,-1.591,0.074,5
1.824,-1.527,0.205,4
1.142,-1.43,0.374,5
0.442,-1.253,0.479,5
-0.334,-1.058,0.547,5
-0.986,-0.901,0.63,5
-1.486,-0.785,0.731,5
-1.881,-0.719,0.8,5
-2.024,-0.751,0.849,5
-2.093,-0.857,0.919,5
-2.125,-0.952,1.026,5
-2.115,-0.995,1.082,5
-2.02,-1.115,1.095,5
-1.805,-1.171,1.063,5
-1.569,-1.222,0.978,5
-1.334,-1.277,0.919,5
-1.015,-1.308,0.754,5
-0.711,-1.272,0.584,5
-0.394,-1.248,0.465,5
-0.105,-1.149,0.315,5
0.18,-1.03,0.141,4
0.434,-0.927,0.019,5
0.683,-0.821,-0.102,5
0.895,-0.743,-0.114,5
1.03,-0.669,-0.089,5
1.078,-0.606,-0.003,5
0.983,-0.55,0.053,5
0.884,-0.525,0.129,5
0.761,-0.52,0.228,5
0.573,-0.498,0.3,5
0.451,-0.53,0.356,5
0.277,-0.542,0.359,5
0.154,-0.565,0.349,5
-0.003,-0.586,0.344,5
-0.041,-0.618,0.314,5
-0.166,-0.582,0.317,5
-0.27,-0.545,0.316,5
-0.411,-0.469,0.327,5
-0.564,-0.366,0.29,5
-0.645,-0.299,0.27,4
-0.684,-0.226,0.195,5
-0.792,-0.126,0.154,5
-0.786,-0.083,0.126,5
-0.634,-0.066,0.195,5
-0.519,-0.025,0.15,5
-0.329,-0.014,0.1,5
-0.128,0.017,0.129,5
0.021,0.045,0.155,5
0.179,0.062,0.066,5
0.29,0.121,-0.017,5
0.343,0.255,-0.063,5
0.382,0.35,-0.108,5
0.357,0.47,-0.166,5
0.295,0.587,-0.171,5
0.222,0.722,-0.176,5
0.153,0.878,-0.119,5
0.12,0.933,-0.103,5
0.091,0.986,-0.14,5
0.12,0.999,-0.13,4
0.147,1.067,-0.087,5
0.137,1.085,-0.014,5
0.14,1.067,0.073,5
0.169,1.021,0.13,5
0.234,0.953,0.212,5
0.232,0.91,0.268,5
0.265,0.814,0.28,5
0.29,0.707,0.291,5
0.248,0.58,0.352,5
0.258,0.453,0.403,5
0.258,0.373,0.445,5
0.228,0.25,0.473,5
0.205,0.164,0.534,5
0.176,0.139,0.519,5
0.162,0.082,0.528,5
0.137,-0.003,0.552,5
0.094,-0.011,0.531,5
0.075,-0.062,0.487,4
-0.013,-0.047,0.455,5
-0.119,-0.003,0.406,5
-0.159,-0.003,0.447,5
-0.238,0.022,0.458,5
-0.292,0.05,0.425,5
-0.366,0.049,0.434,5
-0.424,0.023,0.399,5
-0.451,0.029,0.368,5
-0.5,-0.003,0.34,5
-0.485,-0.063,0.379,5
-0.471,-0.113,0.393,5
-0.449,-0.179,0.392,5
-0.34,-0.165,0.4,5
-0.276,-0.187,0.356,5
-0.244,-0.216,0.385,5
-0.211,-0.255,0.325,5
-0.151,-0.251,0.323,5
-0.149,-0.217,0.264,5
-0.103,-0.212,0.281,4
-0.067,-0.174,0.279,5
-0.022,-0.105,0.29,5
0.066,-0.068,0.265,5
0.158,-0.001,0.325,5
0.254,0.028,0.352,5
0.268,0.012,0.304,5
0.366,0.05,0.222,5
0.359,0.036,0.195,5
0.341,0.054,0.219,5
0.38,0.027,0.292,5
0.462,0.003,0.362,5
0.468,0.024,0.343,5
0.408,0.06,0.248,5
0.367,0.059,0.124,5
0.348,0.07,-0.142,5
0.274,0.097,-0.296,5
0.251,0.083,-0.404,5
0.105,0.14,-0.445,5
-0.055,0.182,-0.375,4
-0.127,0.206,-0.221,5
-0.235,0.212,-0.052,5
-0.311,0.238,0.167,5
-0.396,0.266,0.375,5
-0.356,0.209,0.604,5
-0.321,0.136,0.854,5
-0.224,0.105,0.963,5
-0.098,0.026,1.121,5
-0.058,-0.075,1.172,5
-0.013,-0.136,1.171,5
0.03,-0.217,1.132,5
0.036,-0.278,1.019,5
0.028,-0.31,0.826,5
0.051,-0.305,0.623,5
0.063,-0.322,0.435,5
0.035,-0.281,0.314,5
0.044,-0.227,0.132,5
0.087,-0.208,-0.078,4
0.057,-0.201,-0.152,5
0.025,-0.215,-0.159,5
-0.015,-0.167,-0.225,5
-0.022,-0.185,-0.155,5
-0.041,-0.201,-0.092,5
-0.037,-0.22,-0.074,5
-0.072,-0.228,-0.097,5
-0.048,-0.308,-0.152,5
-0.056,-0.364,-0.279,5
-0.149,-0.401,-0.311,5
-0.225,-0.421,-0.293,5
-0.263,-0.435,-0.294,5
-0.318,-0.443,-0.208,5
-0.334,-0.463,-0.093,5
-0.412,-0.542,-0.019,5
-0.5,-0.574,0.099,5
-0.545,-0.62,0.244,5
-0.577,-0.64,0.194,5
-0.605,-0.683,0.235,4
-0.713,-0.727,0.353,5
-0.853,-0.753,0.611,5
-0.983,-0.786,0.851,5
-1.182,-0.862,1.146,5
-1.456,-0.953,1.302,5
-1.732,-1.086,1.047,5
-2.085,-1.102,0.274,5
-2.462,-0.824,-1.161,5
-2.651,-0.112,-3.032,5
-1.985,0.825,-4.28,5
-0.179,1.195,-5.666,5
2.268,1.381,-6.724,5
4.127,1.932,-7.233,5
5.318,2.825,-6.927,5
5.941,3.814,-6.291,5
6.333,4.76,-5.071,5
6.135,5.228,-3.12,5
5.526,6.442,-2.261,4
5.167,6.741,-2.0,5
4.405,5.92,-1.839,5
2.551,4.811,-1.638,5
-0.043,3.761,-1.526,5
-2.289,2.639,-1.653,5
-3.788,1.414,-1.914,5
-4.301,0.217,-1.749,5
-4.302,-0.614,-1.147,5
-4.229,-1.156,-0.364,5
-4.25,-1.471,0.18,5
-4.407,-1.57,0.429,5
-4.604,-1.49,0.347,5
-4.76,-1.233,0.23,5
-4.676,-0.92,0.186,5
-4.458,-0.57,0.176,5
-4.133,-0.224,0.223,5
-3.496,0.06,0.222,5
-2.508,0.158,0.247,5
-1.374,0.12,0.378,4
-0.28,-0.003,0.577,5
0.588,-0.218,0.791,5
1.162,-0.468,1.039,5
1.576,-0.705,1.086,5
1.901,-0.906,1.128,5
2.013,-1.134,1.175,5
1.975,-1.344,1.182,5
1.937,-1.559,1.193,5
1.773,-1.765,1.259,5
1.562,-1.929,1.185,5
1.246,-2.046,1.17,5
0.871,-2.156,1.173,5
0.392,-2.13,1.259,5
-0.047,-2.072,1.236,5
-0.404,-1.973,1.268,5
-0.648,-1.857,1.27,5
-0.838,-1.671,1.19,5
-1.043,-1.474,1.089,5
-1.145,-1.245,0.975,4
-1.117,-1.051,0.886,5
-0.988,-0.942,0.828,5
-0.777,-0.809,0.754,5
-0.574,-0.676,0.67,5
-0.271,-0.595,0.555,5
-0.024,-0.532,0.405,5
0.167,-0.448,0.373,5
0.383,-0.365,0.249,5
0.633,-0.337,0.112,5
0.833,-0.32,0.058,5
1.038,-0.361,-0.02,5
1.141,-0.42,-0.083,5
1.191,-0.434,-0.092,5
1.304,-0.52,-0.057,5
1.29,-0.601,-0.003,5
1.256,-0.632,-0.007,5
1.199,-0.689,0.044,5
1.045,-0.711,0.031,5
0.863,-0.743,-0.019,4
0.643,-0.725,0.008,5
0.389,-0.652,0.0,5
0.143,-0.578,0.038,5
-0.198,-0.477,0.107,5
-0.454,-0.365,0.204,5
-0.688,-0.221,0.253,5
-0.814,-0.173,0.24,5
-0.866,-0.086,0.268,5
-0.827,-0.039,0.245,5
-0.843,-0.026,0.195,5
-0.746,0.018,0.193,5
-0.649,0.047,0.186,5
-0.623,0.051,0.224,5
-0.522,0.093,0.292,5
-0.414,0.131,0.301,5
-0.364,0.17,0.301,5
-0.28,0.239,0.297,5
-0.248,0.284,0.276,4
-0.18,0.316,0.218,5
-0.097,0.353,0.175,5
-0.031,0.335,0.123,5
0.001,0.353,0.041,5
0.053,0.365,-0.001,5
0.082,0.385,-0.009,5
0.078,0.355,0.025,5
0.079,0.384,0.096,5
0.058,0.445,0.125,5
0.009,0.456,0.164,5
-0.073,0.492,0.195,5
-0.104,0.533,0.283,5
-0.189,0.523,0.354,5
-0.196,0.488,0.336,5
-0.163,0.439,0.324,5
-0.164,0.361,0.304,5
-0.178,0.29,0.338,5
-0.108,0.179,0.348,5
-0.05,0.092,0.309,4
-0.071,0.066,0.204,5
-0.081,0.007,0.236,5
-0.073,0.045,0.186,5
-0.091,0.067,0.198,5
-0.078,0.077,0.199,5
-0.066,0.134,0.166,5
-0.029,0.146,0.145,5
0.029,0.132,0.161,5
0.134,0.119,0.205,5
0.202,0.081,0.215,5
0.342,0.017,0.215,5
0.415,-0.031,0.232,5
0.425,-0.089,0.166,5
0.404,-0.084,0.188,5
0.385,-0.071,0.208,5
0.312,-0.064,0.191,5
0.229,-0.023,0.082,5
0.159,0.013,0.06,5
0.117,0.046,0.162,4
0.101,0.071,0.12,5
0.031,0.081,0.142,5
-0.01,0.09,0.089,5
-0.005,0.06,0.162,5
0.059,0.015,0.254,5
0.066,0.009,0.138,5
0.094,0.0,0.163,5
0.119,-0.06,0.194,5
0.137,-0.084,0.136,5
0.145,-0.024,0.178,5
0.186,0.025,0.13,5
0.207,0.018,0.16,5
0.212,0.055,0.157,5
0.238,0.075,0.115,5
0.309,0.064,0.19,5
0.299,0.031,0.205,5
0.278,0.024,0.232,5
0.293,0.004,0.256,5
0.294,0.004,0.235,4
0.243,0.016,0.336,5
0.189,0.002,0.329,5
0.135,0.019,0.283,5
0.031,0.034,0.293,5
-0.031,0.03,0.29,5
-0.041,0.036,0.291,5
-0.11,0.015,0.266,5
-0.116,0.031,0.248,5
-0.143,0.015,0.275,5
-0.116,0.035,0.239,5
-0.092,0.07,0.249,5
-0.061,0.028,0.254,5
-0.02,0.013,0.25,5
0.054,-0.039,0.264,5
0.143,-0.078,0.255,5
0.146,-0.053,0.316,5
0.157,-0.087,0.34,5
0.163,-0.104,0.371,5
0.138,-0.093,0.333,4
0.137,-0.032,0.356,5
0.098,0.017,0.394,5
0.032,0.054,0.38,5
0.054,0.118,0.338,5
0.053,0.179,0.343,5
-0.016,0.26,0.3,5
0.002,0.295,0.296,5
-0.01,0.325,0.244,5
-0.005,0.353,0.19,5
-0.013,0.387,0.21,5
-0.029,0.434,0.227,5
0.133,0.309,0.243,5
0.098,0.317,0.279,5
0.075,0.307,0.187,5
0.124,0.233,0.241,5
0.098,0.158,0.226,5
0.14,0.06,0.238,5
0.169,-0.018,0.218,4
0.208,-0.124,0.248,5
0.166,-0.219,0.288,5
0.171,-0.327,0.341,5
0.158,-0.423,0.423,5
0.12,-0.519,0.501,5
0.182,-0.6,0.46,5
0.176,-0.648,0.465,5
0.193,-0.661,0.475,5
0.191,-0.655,0.432,5
0.116,-0.581,0.393,5
0.057,-0.488,0.405,5
0.0,-0.414,0.382,5
-0.051,-0.286,0.413,5
-0.098,-0.253,0.406,5
-0.127,-0.206,0.443,5
-0.235,-0.19,0.433,5
-0.276,-0.175,0.433,5
-0.235,-0.257,0.458,5
-0.229,-0.291,0.468,4
-0.189,-0.387,0.396,5
-0.153,-0.452,0.352,5
-0.133,-0.544,0.342,5
-0.15,-0.662,0.39,5
-0.156,-0.725,0.416,5
-0.102,-0.743,0.404,5
-0.152,-0.79,0.359,5
-0.089,-0.831,0.285,5
-0.089,-0.86,0.295,5
-0.046,-0.847,0.205,5
0.031,-0.875,0.167,5
0.132,-0.847,0.133,5
0.205,-0.879,0.059,5
0.24,-0.886,0.032,5
0.289,-0.901,-0.065,5
0.329,-0.875,-0.123,5
0.318,-0.844,-0.15,5
0.346,-0.785,-0.247,5
0.381,-0.758,-0.373,4
0.476,-0.712,-0.486,5
0.631,-0.796,-0.636,5
0.826,-0.824,-0.693,5
1.08,-0.923,-0.619,5
1.325,-1.007,-0.518,5
1.529,-1.169,-0.518,5
1.634,-1.358,-0.785,5
1.449,-1.451,-1.444,5
0.615,-1.172,-2.622,5
-0.864,-0.529,-4.407,5
-2.337,0.299,-5.927,5
-3.918,1.35,-6.653,5
-5.504,2.663,-6.807,5
-6.475,4.328,-6.484,5
-6.616,6.114,-5.986,5
-6.028,7.895,-4.875,5
-4.485,9.48,-3.172,5
-2.08,10.35,-1.238,4
0.911,10.431,0.199,5
4.211,9.556,0.735,5
6.656,8.075,0.631,5
8.007,5.97,-0.34,5
8.517,3.623,-1.771,5
8.359,1.399,-2.452,5
7.85,-0.632,-2.513,5
6.738,-2.21,-1.861,5
5.06,-3.312,-0.623,5
3.058,-3.886,0.8,5
0.904,-4.066,2.168,5
-0.918,-4.022,3.162,5
-2.089,-3.887,3.398,5
-2.733,-3.769,3.118,5
-3.137,-3.582,2.599,5
-3.31,-3.319,2.111,5
-3.487,-2.969,1.719,5
-3.638,-2.547,1.25,5
-3.667,-2.004,0.754,4
-3.524,-1.368,0.338,5
-3.146,-0.835,0.115,5
-2.581,-0.32,-0.133,5
-1.871,0.15,-0.551,5
-1.037,0.497,-0.888,5
-0.201,0.831,-1.144,5
0.611,1.067,-1.335,5
1.21,1.262,-1.37,5
1.589,1.39,-1.34,5
1.843,1.371,-1.284,5
1.926,1.312,-1.168,5
1.846,1.069,-0.995,5
1.661,0.733,-0.814,5
1.426,0.362,-0.517,5
1.038,-0.087,-0.211,5
0.611,-0.509,0.175,5
0.174,-0.846,0.507,5
-0.29,-1.171,0.784,5
-0.636,-1.381,0.908,4
-0.96,-1.471,0.933,5
-1.136,-1.518,0.892,5
-1.199,-1.5,0.79,5
-1.187,-1.397,0.65,5
-1.128,-1.244,0.555,5
-0.938,-1.09,0.426,5
-0.637,-0.907,0.276,5
-0.306,-0.761,0.102,5
0.012,-0.607,-0.024,5
0.36,-0.52,-0.06,5
0.552,-0.425,-0.08,5
0.678,-0.374,-0.05,5
0.761,-0.384,-0.084,5
0.784,-0.384,-0.058,5
0.688,-0.402,-0.031,5
0.525,-0.422,-0.041,5
0.364,-0.41,-0.05,5
0.16,-0.386,-0.045,5
0.023,-0.356,0.045,4
-0.116,-0.368,0.028,5
-0.238,-0.301,0.003,5
-0.305,-0.236,0.0,5
-0.356,-0.122,-0.052,5
-0.346,-0.058,-0.038,5
-0.294,0.007,0.003,5
-0.187,0.049,0.007,5
-0.138,0.092,0.041,5
-0.081,0.117,0.089,5
-0.021,0.114,0.136,5
0.023,0.059,0.204,5
0.033,0.058,0.3,5
0.06,0.039,0.343,5
0.071,0.048,0.395,5
0.06,0.017,0.442,5
0.062,-0.001,0.492,5
0.026,-0.001,0.546,5
0.006,-0.052,0.543,4
-0.08,-0.081,0.549,5
-0.167,-0.095,0.537,5
-0.219,-0.115,0.548,5
-0.27,-0.147,0.515,5
-0.39,-0.162,0.481,5
-0.407,-0.189,0.437,5
-0.431,-0.218,0.428,5
-0.422,-0.209,0.406,5
-0.324,-0.227,0.374,5
-0.209,-0.247,0.332,5
-0.119,-0.235,0.286,5
-0.047,-0.194,0.21,5
0.09,-0.175,0.163,5
0.15,-0.101,0.121,5
0.195,-0.052,0.066,5
0.249,0.0,0.0,5
0.254,0.038,-0.065,5
0.237,0.099,-0.084,5
0.257,0.158,-0.14,5
0.278,0.172,-0.182,4
0.311,0.177,-0.186,5
0.293,0.241,-0.158,5
0.276,0.286,-0.125,5
0.223,0.3,-0.087,5
0.265,0.313,-0.031,5
0.251,0.351,0.006,5
0.2,0.35,0.04,5
0.198,0.345,0.066,5
0.195,0.375,0.016,5
0.158,0.32,0.015,5
0.121,0.293,0.004,5
0.066,0.324,-0.012,5
0.016,0.326,0.031,5
0.006,0.328,0.075,5
0.001,0.295,0.089,5
-0.024,0.282,0.136,5
-0.035,0.297,0.131,5
-0.027,0.298,0.122,4
-0.037,0.259,0.145,5
-0.059,0.238,0.147,5
-0.075,0.197,0.089,5
-0.102,0.168,0.037,5
-0.16,0.134,0.021,5
-0.226,0.134,0.031,5
-0.277,0.094,0.05,5
-0.34,0.068,0.118,5
-0.383,0.052,0.214,5
-0.414,0.017,0.283,5
-0.48,-0.01,0.319,5
-0.523,-0.03,0.352,5
-0.518,-0.062,0.377,5
-0.44,-0.06,0.43,5
-0.439,-0.058,0.387,5
-0.369,-0.065,0.322,5
-0.237,-0.11,0.316,5
-0.097,-0.112,0.241,5
0.011,-0.14,0.165,4
0.087,-0.113,0.114,5
0.177,-0.14,0.029,5
0.254,-0.122,-0.072,5
0.294,-0.058,-0.133,5
0.333,-0.03,-0.163,5
0.36,0.002,-0.177,5
0.315,0.006,-0.133,5
0.323,0.01,-0.15,5
0.346,-0.008,-0.092,5
0.238,0.018,-0.022,5
0.111,0.02,0.048,5
0.044,-0.011,0.108,5
-0.029,-0.031,0.149,5
-0.073,-0.015,0.198,5
-0.126,-0.057,0.191,5
-0.174,-0.107,0.164,5
-0.225,-0.096,0.16,5
-0.228,-0.099,0.101,5
-0.262,-0.15,0.104,4
-0.266,-0.165,0.089,5
-0.217,-0.127,0.08,5
-0.234,-0.127,0.081,5
-0.168,-0.149,0.021,5
-0.147,-0.13,0.023,5
-0.123,-0.095,0.012,5
-0.102,-0.085,-0.014,5
-0.04,-0.042,0.017,5
-0.019,-0.029,0.088,5
-0.052,-0.052,0.101,5
0.0,-0.004,0.099,5
0.026,0.0,0.132,5
0.032,-0.029,0.128,5
0.024,-0.057,0.124,5
0.082,-0.042,0.137,5
0.139,-0.047,0.14,5
0.146,-0.059,0.135,5
0.205,-0.075,0.061,5
0.227,-0.08,0.016,4
0.252,-0.076,-0.028,5
0.296,-0.047,-0.055,5
0.301,-0.055,-0.054,5
0.288,-0.063,-0.087,5
0.315,-0.074,-0.065,5
0.279,-0.062,-0.055,5
0.234,-0.038,-0.066,5
0.223,-0.056,-0.008,5
0.214,-0.037,0.005,5
0.162,-0.042,-0.025,5
0.133,-0.008,-0.074,5
0.09,-0.016,-0.123,5
0.033,-0.001,-0.119,5
0.025,0.002,-0.124,5
-0.006,0.006,-0.09,5
-0.027,0.036,-0.103,5
-0.067,0.054,-0.118,5
-0.082,0.083,-0.111,5
-0.078,0.079,-0.091,4
-0.049,0.071,-0.121,5
-0.104,0.068,-0.113,5
-0.658,0.29,-0.11,5
-1.291,0.411,-0.31,5
-0.912,0.116,-0.464,5
-0.234,-0.063,-0.297,5
0.211,-0.078,-0.095,5
0.582,-0.04,0.064,5
0.635,0.028,0.148,5
0.585,0.081,0.28,5
0.617,-0.004,0.256,5
0.628,-0.176,0.274,5
0.509,-0.18,0.216,5
0.299,-0.17,0.13,5
0.097,-0.106,-0.016,5
-0.097,-0.052,-0.079,5
-0.217,-0.03,-0.179,5
-0.26,0.007,-0.148,5
-0.208,0.023,-0.111,4
-0.161,0.03,-0.092,5
-0.158,0.022,-0.031,5
-0.121,0.011,0.036,5
-0.091,-0.015,0.144,5
0.0,-0.026,0.195,5
0.064,-0.049,0.218,5
0.122,-0.087,0.274,5
0.11,-0.083,0.298,5
0.03,-0.079,0.333,5
-0.128,-0.028,0.321,5
-0.223,0.008,0.211,5
-0.36,0.055,0.156,5
-0.44,0.062,0.075,5
-0.469,-0.012,0.0,5
-0.418,0.023,-0.034,5
-0.367,0.046,-0.048,5
-0.318,0.029,-0.069,5
-0.079,-0.008,-0.062,5
-0.002,-0.041,-0.116,4
-0.002,-0.029,-0.152,5
0.019,-0.043,-0.167,5
0.043,-0.021,-0.185,5
0.082,-0.054,-0.205,5
0.095,-0.061,-0.193,5
0.098,-0.012,-0.156,5
0.166,-0.002,-0.098,5
0.167,0.019,-0.066,5
0.128,0.06,-0.047,5
0.111,0.093,-0.051,5
0.078,0.083,0.014,5
0.049,0.062,-0.034,5
0.04,0.082,-0.091,5
0.031,0.065,-0.026,5
-0.005,0.076,0.023,5
-0.056,0.042,0.103,5
-0.102,0.029,0.136,5
-0.058,0.065,0.156,5
0.02,0.037,0.188,4
0.053,0.025,0.148,5
0.065,0.031,0.064,5
0.037,0.04,-0.066,5
0.003,0.045,-0.189,5
0.093,0.002,-0.36,5
0.131,-0.054,-0.423,5
0.148,-0.035,-0.329,5
0.172,-0.01,-0.27,5
0.168,0.024,-0.148,5
0.168,0.048,-0.06,5
0.138,0.047,-0.05,5
0.124,0.064,-0.006,5
0.039,0.049,0.114,5
-0.098,0.048,0.181,5
-0.191,0.0,0.193,5
-0.224,-0.02,0.165,5
-0.146,-0.074,0.135,5
-0.071,-0.118,0.122,4
-0.007,-0.124,0.101,5
-0.037,-0.167,0.091,5
-0.033,-0.155,0.069,5
-0.038,-0.165,0.019,5
-0.004,-0.149,-0.004,5
0.077,-0.121,-0.025,5
0.143,-0.087,-0.104,5
0.202,-0.061,-0.12,5
0.237,0.026,-0.069,5
0.149,0.153,0.131,5
0.095,0.267,0.088,5
0.12,0.223,-0.093,5
0.108,0.174,0.041,5
0.093,0.015,-0.044,5
-0.165,0.125,0.537,5
-0.213,0.031,0.526,5
-0.295,-0.075,-0.025,5
-0.434,0.005,0.11,5
-0.382,0.004,0.301,4
-0.301,-0.029,0.314,5
-0.24,-0.048,0.274,5
-0.13,-0.073,0.113,5
0.05,-0.122,-0.083,5
0.114,-0.097,-0.251,5
0.24,-0.066,-0.273,5
0.303,-0.042,-0.263,5
0.272,-0.042,-0.271,5
0.327,-0.15,-0.244,5
0.303,-0.173,-0.211,5
0.272,-0.143,-0.056,5
0.211,-0.081,0.168,5
0.138,0.068,0.263,5
0.214,0.173,0.276,5
0.128,0.298,0.257,5
-0.095,0.35,0.149,5
-0.141,0.375,0.108,5
-0.002,0.329,0.003,5
0.2,0.27,-0.173,4
0.425,0.08,-0.552,5
0.512,-0.074,-0.368,5
0.353,-0.144,-0.439,5
0.227,-0.143,-0.438,5
0.036,-0.253,-0.256,5
-0.147,-0.314,0.126,5
-0.301,-0.369,0.295,5
-0.374,-0.444,0.368,5
-0.354,-0.486,0.435,5
-0.301,-0.463,0.404,5
-0.288,-0.434,0.39,5
-0.298,-0.382,0.295,5
-0.216,-0.309,0.257,5
-0.225,-0.183,0.222,5
-0.185,-0.1,0.109,5
-0.158,0.012,0.051,5
-0.155,0.101,0.033,5
-0.096,0.173,-0.008,5
-0.035,0.207,-0.025,4
0.006,0.256,-0.121,5
0.027,0.308,-0.161,5
0.106,0.316,-0.17,5
0.109,0.327,-0.192,5
0.111,0.307,-0.19,5
0.147,0.294,-0.188,5
0.111,0.247,-0.135,5
0.112,0.188,-0.057,5
0.088,0.16,-0.029,5
0.019,0.093,0.037,5
0.008,0.053,0.081,5
-0.065,0.005,0.086,5
-0.11,-0.025,0.107,5
-0.086,-0.048,0.144,5
-0.082,-0.039,0.151,5
-0.082,-0.048,0.11,5
0.007,-0.069,0.116,5
0.062,-0.032,0.087,4
0.082,-0.007,0.066,5
0.1,0.044,0.05,5
0.137,0.057,0.024,5
0.153,0.112,-0.029,5
0.091,0.161,-0.039,5
0.081,0.17,-0.083,5
0.073,0.205,-0.023,5
0.044,0.236,0.0,5
0.005,0.213,-0.016,5
-0.007,0.2,-0.04,5
-0.024,0.193,-0.015,5
-0.034,0.148,0.042,5
-0.039,0.098,0.029,5
-0.022,0.037,0.009,5
-0.059,0.0,0.021,5
-0.006,-0.043,0.04,5
0.024,-0.104,0.066,5
0.013,-0.136,0.081,5
0.059,-0.144,0.099,5
0.096,-0.181,0.141,4
0.104,-0.172,0.114,5
0.085,-0.146,0.119,5
0.089,-0.131,0.112,5
0.046,-0.127,0.079,5
0.002,-0.084,0.041,5
-0.023,-0.075,0.011,5
-0.042,-0.077,0.005,5
-0.051,-0.056,-0.003,5
-0.063,-0.046,0.04,5
-0.052,-0.024,0.087,5
-0.004,-0.047,0.04,5
0.043,-0.047,-0.011,5
0.017,-0.021,-0.066,5
0.046,-0.001,-0.098,5
0.062,0.028,-0.127,5
0.091,0.017,-0.127,5
0.103,0.028,-0.097,5
0.088,0.038,-0.044,4
0.071,0.038,0.011,5
0.025,0.099,0.049,5
0.053,0.072,0.108,5
0.009,0.086,0.11,5
0.029,0.052,0.043,5
0.0,0.046,0.022,5
-0.025,0.007,-0.044,5
-0.018,-0.036,-0.096,5
-0.033,-0.075,-0.116,5
-0.069,-0.111,-0.139,5
-0.109,-0.087,-0.147,5
-0.107,-0.069,-0.123,5
-0.169,-0.101,-0.033,5
-0.178,-0.074,0.0,5
-0.173,-0.027,-0.013,5
-0.19,-0.012,0.009,5
-0.193,0.01,0.008,5
-0.182,0.022,0.046,5
-0.112,0.024,0.011,4
-0.088,0.03,0.036,5
-0.079,-0.006,0.075,5
-0.037,-0.019,0.094,5
-0.02,-0.034,0.045,5
0.016,-0.043,0.037,5
-0.011,-0.043,0.041,5
0.058,-0.056,0.007,5
0.061,-0.051,-0.014,5
0.063,-0.028,-0.017,5
0.096,-0.017,-0.037,5
0.047,-0.028,0.005,5
0.064,0.017,-0.025,5
0.075,0.015,-0.018,5
0.093,0.035,-0.008,5
0.058,0.036,0.009,5
0.052,0.045,0.004,5
0.064,0.023,0.021,5
0.045,0.038,-0.006,4
0.053,0.043,-0.023,5
0.013,0.06,-0.007,5
-0.047,0.071,-0.033,5
-0.012,0.081,-0.038,5
0.014,0.022,-0.038,5
0.017,0.002,0.016,5
0.041,-0.019,0.01,5
0.075,-0.034,-0.024,5
0.089,-0.039,-0.048,5
0.128,-0.04,-0.026,5
0.106,-0.083,-0.027,5
0.1,-0.096,-0.042,5
0.12,-0.056,-0.025,5
0.095,-0.046,0.024,5
0.047,-0.042,0.035,5
-0.004,-0.046,0.018,5
-0.069,-0.041,-0.013,5
-0.139,-0.067,-0.02,5
-0.112,-0.074,0.003,5
-0.075,-0.092,0.002,4
-0.016,-0.061,0.002,5
-0.014,0.013,-0.019,5
0.047,0.037,0.0,5
0.076,0.047,-0.008,5
0.09,0.063,-0.038,5
0.103,0.044,-0.021,5
0.084,0.044,-0.04,5
0.101,0.035,-0.084,5
0.052,-0.01,-0.032,5
-0.004,-0.061,-0.042,5
-0.059,-0.076,-0.033,5
-0.101,-0.125,0.0,5
-0.104,-0.108,-0.004,5
-0.11,-0.127,0.021,5
-0.108,-0.145,0.036,5
-0.093,-0.152,-0.152,5
-0.049,-0.223,-0.425,5
-0.01,-0.174,-0.288,5
0.025,-0.097,-0.074,4
0.031,-0.031,0.066,5
-0.001,0.07,0.198,5
0.028,0.167,0.152,5
0.064,0.258,-0.242,5
-0.062,0.521,-0.45,5
-0.181,0.632,0.115,5
-0.064,0.513,0.414,5
0.071,0.337,0.446,5
0.073,0.165,0.281,5
0.095,0.015,0.145,5
0.086,-0.046,0.109,5
0.034,-0.089,0.046,5
0.048,-0.11,0.067,5
0.039,-0.09,0.095,5
-0.02,-0.081,0.081,5
-0.048,-0.064,0.099,5
-0.082,-0.006,0.007,5
-0.281,0.136,-0.01,4
-0.343,0.2,0.029,5
-0.123,0.137,-0.012,5
0.004,0.097,-0.015,5
-0.025,0.044,-0.031,5
0.105,-0.007,-0.066,5
0.19,-0.062,-0.073,5
0.097,-0.12,-0.147,5
0.036,-0.121,-0.107,5
0.006,-0.1,-0.044,5
0.01,-0.086,-0.001,5
0.018,-0.069,0.046,5
0.042,-0.04,0.067,5
0.007,-0.01,0.086,5
0.002,0.003,0.064,5
0.028,0.037,0.045,5
0.012,0.012,0.028,5
0.011,0.032,0.055,5
0.001,0.046,0.054,5
-0.05,0.054,0.009,4
-0.032,0.062,0.047,5
-0.042,0.034,0.004,5
-0.007,0.052,0.021,5
-0.002,0.017,0.01,5
0.045,0.023,-0.042,5
0.006,-0.025,-0.016,5
0.022,-0.074,-0.002,5
-0.009,-0.106,0.032,5
0.042,-0.121,0.05,5
0.042,-0.161,0.084,5
0.047,-0.162,0.11,5
0.081,-0.145,0.103,5
0.043,-0.157,0.102,5
0.043,-0.115,0.087,5
0.043,-0.043,0.005,5
0.047,-0.043,-0.012,5
0.051,0.051,-0.028,5
0.024,0.046,-0.029,4
0.026,0.084,-0.018,5
-0.01,0.084,0.026,5
-0.009,0.054,0.075,5
-0.064,0.006,0.094,5
-0.088,-0.02,0.071,5
-0.07,-0.061,-0.021,5
-0.068,-0.05,-0.071,5
-0.044,-0.076,-0.15,5
-0.069,-0.072,-0.191,5
-0.049,-0.043,-0.167,5
-0.036,-0.056,-0.146,5
-0.019,0.026,-0.127,5
-0.035,0.032,-0.054,5
-0.057,0.059,-0.001,5
-0.025,0.126,0.002,5
-0.061,0.152,0.036,5
-0.042,0.163,0.089,5
-0.103,0.172,0.071,5
-0.11,0.159,0.086,4
-0.124,0.148,0.03,5
-0.134,0.111,0.035,5
-0.241,0.092,0.062,5
-0.264,0.082,0.043,5
-0.238,-0.011,0.0,5
-0.153,-0.062,-0.03,5
-0.03,-0.077,-0.048,5
0.058,-0.095,-0.082,5
0.173,-0.073,-0.078,5
0.181,-0.074,-0.027,5
0.154,-0.054,0.022,5
0.161,-0.027,0.011,5
0.183,-0.033,0.036,5
0.178,-0.038,0.067,5
0.143,-0.047,0.021,5
0.124,0.009,0.023,5
0.133,-0.009,0.077,5
0.141,-0.003,0.065,5
0.153,-0.081,0.058,4
0.194,-0.098,0.048,5
0.11,-0.071,0.03,5
0.03,-0.051,0.014,5
0.018,-0.033,0.026,5
-0.06,0.0,-0.019,5
-0.153,0.008,0.034,5
-0.173,0.024,0.022,5
-0.207,0.056,-0.057,5
-0.221,0.064,-0.073,5
-0.216,0.1,-0.061,5
-0.186,0.129,-0.029,5
-0.145,0.108,0.012,5
-0.152,0.084,0.006,5
-0.137,0.101,-0.011,5
-0.106,0.044,0.015,5
-0.039,-0.007,0.031,5
0.033,-0.05,0.062,5
0.042,-0.057,0.043,5
0.064,-0.065,0.03,4
0.057,-0.071,0.023,5
0.064,-0.055,-0.005,5
0.071,-0.084,-0.039,5
0.09,-0.076,-0.004,5
0.076,-0.029,0.008,5
0.086,0.0,0.003,5
0.064,-0.009,0.015,5
-0.027,-0.012,0.057,5
0.005,-0.002,0.064,5
-0.042,0.01,0.101,5
-0.098,0.017,0.052,5
-0.093,0.003,0.0,5
-0.062,-0.01,0.016,5
-0.043,0.0,0.002,5
-0.017,-0.021,-0.006,5
0.027,-0.049,-0.018,5
0.089,-0.031,-0.068,5
0.114,-0.076,-0.1,4
0.124,-0.077,-0.09,5
0.168,-0.065,-0.102,5
0.181,-0.05,-0.122,5
0.15,-0.027,-0.114,5
0.144,0.009,-0.055,5
0.125,0.008,-0.037,5
0.104,0.063,-0.007,5
0.068,0.1,-0.041,5
0.022,0.15,-0.046,5
-0.005,0.187,-0.032,5
-0.026,0.181,-0.038,5
-0.11,0.176,-0.064,5
-0.12,0.119,-0.066,5
-0.108,0.086,-0.059,5
-0.114,0.021,-0.006,5
-0.099,-0.014,0.019,5
-0.115,-0.091,0.065,5
-0.086,-0.172,0.08,5
-0.099,-0.211,0.046,4
-0.076,-0.237,0.08,5
-0.077,-0.235,0.102,5
-0.099,-0.207,0.113,5
-0.141,-0.186,0.154,5
-0.144,-0.168,0.13,5
-0.16,-0.112,0.117,5
-0.221,-0.062,0.101,5
-0.268,0.012,0.078,5
-0.302,0.063,0.087,5
-0.336,0.117,0.027,5
-0.289,0.234,0.011,5
-0.282,0.245,0.023,5
-0.305,0.26,0.064,5
-0.283,0.264,0.061,5
-0.234,0.263,0.064,5
-0.107,0.237,0.027,5
-0.01,0.183,0.003,5
0.046,0.087,-0.018,5
0.085,0.044,-0.003,4
0.197,-0.016,-0.007,5
0.203,-0.066,-0.019,5
0.217,-0.115,-0.047,5
0.264,-0.108,-0.047,5
0.29,-0.114,-0.051,5
0.325,-0.133,-0.072,5
0.318,-0.15,-0.099,5
0.321,-0.143,-0.067,5
0.306,-0.146,-0.099,5
0.241,-0.119,-0.076,5
0.191,-0.09,0.0,5
0.124,-0.076,0.016,5
0.069,-0.069,0.023,5
-0.01,-0.036,0.068,5
-0.035,-0.028,0.07,5
-0.109,-0.012,0.089,5
-0.163,0.01,0.058,5
-0.181,0.03,0.048,4
-0.227,0.044,0.017,5
-0.205,0.018,-0.005,5
-0.171,0.029,-0.004,5
-0.098,0.074,0.056,5
-0.024,0.097,0.089,5
0.081,0.104,0.08,5
0.116,0.124,0.098,5
0.135,0.103,0.062,5
0.156,0.049,-0.038,5
0.183,0.006,-0.138,5
0.225,-0.033,-0.21,5
0.211,-0.068,-0.271,5
0.156,-0.117,-0.27,5
0.131,-0.149,-0.204,5
0.105,-0.194,-0.162,5
0.064,-0.196,-0.068,5
0.019,-0.207,-0.009,5
0.069,-0.195,-0.047,4
0.04,-0.171,0.013,5
-0.079,-0.132,0.119,5
-0.192,-0.08,0.172,5
-0.306,-0.029,0.198,5
-0.357,-0.026,0.199,5
-0.291,0.006,0.128,5
-0.327,0.078,0.128,5
-0.449,0.023,-0.065,5
-0.581,-0.056,-0.39,5
-0.428,-0.085,-0.532,5
-0.036,-0.192,-0.462,5
0.087,-0.117,-0.049,5
-0.17,-0.144,0.183,5
-0.123,-0.117,0.018,5
-0.197,0.64,-1.332,5
-0.483,1.356,-1.358,5
0.012,1.362,0.26,5
0.403,1.041,1.561,5
0.298,0.583,2.038,4
0.165,0.089,2.084,5
0.23,-0.293,1.557,5
0.293,-0.548,0.682,5
0.32,-0.571,0.019,5
0.318,-0.531,-0.293,5
0.01,-0.327,-0.393,5
0.04,-0.238,-0.439,5
0.001,-0.189,-0.214,5
-0.058,-0.14,-0.176,5
0.028,-0.177,-0.214,5
0.202,-0.19,-0.339,5
0.29,-0.089,-0.465,5
0.278,-0.106,-0.866,5
0.241,-0.082,-0.913,5
0.066,0.076,-0.757,5
-0.06,0.146,-0.496,5
-0.2,0.192,-0.132,5
-0.279,0.237,0.117,5
-0.256,0.213,0.209,4
-0.191,0.144,0.21,5
-0.146,0.07,0.236,5
-0.067,0.032,0.212,5
-0.026,-0.052,0.165,5
0.019,-0.064,0.144,5
0.051,-0.07,0.134,5
0.029,-0.085,0.121,5
0.052,-0.089,0.104,5
0.047,-0.059,0.077,5
0.115,-0.023,0.099,5
0.138,-0.007,0.037,5
0.12,-0.002,-0.017,5
0.181,0.006,-0.002,5
0.232,0.044,-0.032,5
0.2,0.048,-0.042,5
0.219,0.069,-0.042,5
0.214,0.084,-0.055,5
0.201,0.088,-0.024,5
0.16,0.066,-0.026,4
0.118,0.055,-0.006,5
0.084,0.037,0.003,5
0.024,0.033,-0.014,5
-0.038,0.013,0.042,5
-0.051,0.007,0.077,5
-0.072,0.002,0.104,5
-0.065,-0.028,0.067,5
-0.067,-0.046,0.086,5
-0.103,-0.007,0.086,5
-0.093,-0.049,0.099,5
-0.083,-0.066,0.111,5
-0.032,-0.042,0.104,5
-0.037,-0.034,0.102,5
-0.077,-0.043,0.113,5
-0.065,-0.047,0.085,5
-0.058,-0.051,0.098,5
-0.117,-0.059,0.127,5
-0.135,-0.079,0.157,5
-0.169,-0.114,0.103,4
-0.165,-0.094,0.036,5
-0.084,-0.054,-0.048,5
-0.041,-0.027,-0.095,5
-0.119,-0.016,-0.09,5
-0.068,-0.04,-0.025,5
-0.035,-0.027,-0.078,5
0.002,-0.025,-0.079,5
0.019,-0.014,-0.041,5
-0.047,0.017,-0.028,5
-0.107,-0.022,-0.068,5
-0.057,-0.033,-0.096,5
0.081,-0.047,-0.108,5
0.176,-0.029,-0.123,5
0.236,0.011,-0.154,5
0.269,0.032,-0.155,5
0.233,0.059,-0.183,5
0.223,0.061,-0.165,5
0.213,0.047,-0.144,4
0.136,0.007,-0.116,5
0.114,0.011,-0.092,5
0.046,-0.024,0.003,5
0.029,-0.056,-0.005,5
0.0,-0.08,-0.031,5
-0.09,-0.072,0.019,5
-0.141,-0.069,0.077,5
-0.192,-0.127,0.026,5
-0.284,-0.127,-0.036,5
-0.312,-0.093,-0.036,5
-0.281,-0.088,-0.08,5
-0.235,-0.118,-0.076,5
-0.216,-0.106,-0.082,5
-0.134,-0.039,-0.026,5
-0.056,-0.048,0.045,5
-0.024,-0.035,0.057,5
-0.005,-0.031,0.052,5
0.064,0.031,0.051,5
0.049,0.054,0.007,4
0.117,0.053,-0.014,5
0.067,0.052,-0.043,5
0.051,0.055,-0.043,5
0.0,0.084,-0.056,5
0.037,0.114,-0.003,5
-0.004,0.112,0.113,5
-0.017,0.118,0.166,5
-0.045,0.145,0.124,5
-0.066,0.143,0.12,5
-0.008,0.15,0.052,5
0.018,0.088,-0.009,5
0.05,0.083,-0.12,5
0.067,0.139,-0.241,5
0.112,0.13,-0.196,5
0.049,0.091,-0.154,5
0.04,0.052,-0.169,5
0.074,0.021,-0.2,5
0.106,-0.045,-0.059,5
0.039,0.045,-0.062,4
0.001,0.001,0.038,5
-0.115,-0.088,0.207,5
-0.211,-0.092,0.1,5
-0.121,-0.1,0.021,5
-0.048,-0.082,0.049,5
-0.056,-0.061,0.066,5
-0.034,-0.037,0.02,5
0.038,0.026,-0.05,5
0.06,0.187,-0.282,5
0.157,0.039,0.026,5
0.103,0.001,0.027,5
0.067,-0.059,-0.026,5
0.086,-0.143,-0.067,5
0.155,-0.155,-0.025,5
0.178,-0.17,-0.027,5
0.169,-0.135,-0.024,5
0.117,-0.096,0.003,5
0.101,-0.06,-0.005,4
0.065,-0.024,-0.013,5
0.05,0.012,0.017,5
0.006,0.075,-0.026,5
0.018,0.128,-0.019,5
0.025,0.132,0.007,5
-0.037,0.106,0.015,5
-0.098,0.121,0.031,5
-0.114,0.113,0.045,5
-0.107,0.025,0.028,5
-0.109,-0.011,0.007,5
-0.068,-0.045,0.002,5
-0.057,-0.101,-0.027,5
-0.047,-0.125,0.001,5
-0.003,-0.125,-0.011,5
0.039,-0.121,-0.028,5
0.091,-0.131,-0.051,5
0.099,-0.131,-0.024,5
0.081,-0.135,0.008,5
0.047,-0.091,0.072,4
-0.03,-0.155,0.013,5
-0.066,-0.187,-0.018,5
-0.089,-0.116,0.078,5
-0.124,-0.109,0.225,5
-0.09,-0.081,0.237,5
-0.033,-0.06,0.153,5
0.047,-0.045,0.103,5
0.111,-0.045,-0.001,5
0.186,-0.032,-0.061,5
0.163,0.005,-0.085,5
0.194,0.073,-1.598,5
-0.169,0.656,-3.558,5
-0.359,0.927,-1.311,5
0.253,0.588,1.427,5
0.31,0.116,1.987,5
-0.203,-0.231,2.124,5
-0.626,-0.419,2.174,5
-0.702,-0.493,1.638,5
-0.481,-0.431,0.819,4
0.062,-0.384,0.194,5
0.297,-0.233,-0.079,5
0.28,-0.05,-0.209,5
0.295,0.079,-0.407,5
0.356,0.239,-0.642,5
0.368,0.331,-0.707,5
0.249,0.397,-0.641,5
0.013,0.47,-0.525,5
0.003,0.28,-0.46,5
-0.212,0.295,-0.289,5
-0.246,0.261,-0.208,5
-0.088,0.011,-0.463,5
0.01,-0.157,-0.18,5
-0.029,-0.24,-0.399,5
-0.017,-0.281,-0.367,5
-0.05,-0.274,-0.158,5
-0.084,-0.208,-0.043,5
-0.041,-0.114,0.038,5
-0.024,-0.064,0.142,4
0.017,-0.006,0.196,5
0.019,0.063,0.198,5
0.017,0.173,0.17,5
0.05,0.22,0.161,5
0.101,0.246,0.098,5
0.056,0.255,0.088,5
0.046,0.256,0.07,5
0.085,0.209,0.059,5
0.072,0.149,0.062,5
0.052,0.147,0.107,5
0.012,0.098,0.092,5
0.019,0.071,0.13,5
0.004,0.012,0.19,5
-0.03,-0.04,0.154,5
-0.039,-0.066,0.147,5
-0.048,-0.073,0.124,5
-0.043,-0.108,0.137,5
-0.069,-0.106,0.128,5
-0.036,-0.1,0.115,4
-0.028,-0.085,0.091,5
-0.047,-0.068,0.099,5
-0.004,-0.079,0.037,5
0.048,-0.062,0.003,5
0.069,-0.064,-0.001,5
0.057,-0.032,-0.018,5
0.099,-0.012,-0.076,5
0.08,0.002,-0.099,5
0.09,0.019,-0.102,5
0.076,0.021,-0.139,5
0.056,0.058,-0.147,5
0.041,0.069,-0.132,5
0.033,0.058,-0.153,5
0.021,0.035,-0.133,5
0.015,0.014,-0.103,5
-0.029,-0.038,-0.105,5
-0.048,-0.06,-0.03,5
-0.064,-0.097,-0.014,5
-0.079,-0.122,0.038,4
-0.063,-0.148,0.082,5
-0.069,-0.129,0.082,5
-0.05,-0.116,0.052,5
-0.036,-0.083,0.03,5
-0.011,-0.083,0.018,5
0.015,-0.062,-0.004,5
-0.037,-0.021,0.017,5
-0.038,0.04,0.002,5
-0.012,0.079,0.015,5
0.018,0.097,0.056,5
0.025,0.092,0.102,5

# Completed @Tue May 05 21:17:59 GMT+08:00 2020
