# Accelerometer Data File
# Started @Tue May 05 21:17:18 GMT+08:00 2020
#
#
# sensor Vendor: BOSCH
# sensor Name: BMI160 Accelerometer
# sensor Resolution: 0.0023956299m/sec^2; Max Range: 156.9064; Min Delay: 5000 microseconds
# The sensor's attributes are the result hardware and the Android capabilities.
# It means that the Android may not utilize all features provided by the hardware.
#
# Some devices and Android versions save battery too much so the device may go to sleep.
# It just happens after couple of minutes from turning off the scree and it is easy to find it out.
#
# The following file provides the data from accelerometer in the m/s^2 format.
# The diff value is just a time delta between the samples
#
#
# data format:
# so we have 4 columns with values separated by the ","
# X,Y,Z,time_from_previous_sample(ms)

# sensor speed set to:FASTEST
# units set to: m/sec^2
# gravity  filtered out
# Accuracy: HIGH
-0.175,8.784,-0.317,0
-0.131,7.862,-0.363,4
-0.131,7.041,-0.383,5
-0.113,6.298,-0.288,5
-0.111,5.638,-0.229,5
-0.095,5.057,-0.133,5
-0.124,4.543,-0.068,5
-0.129,4.084,-0.014,5
-0.095,3.689,-0.03,5
-0.094,3.363,-0.039,5
-0.067,3.095,-0.035,5
-0.022,2.807,-0.045,5
-0.015,2.548,-0.075,5
-0.026,2.332,-0.024,5
-0.015,2.086,-0.017,5
-0.009,1.86,-0.02,5
0.0,1.678,-0.001,5
-0.034,1.454,-0.052,5
-0.013,1.305,-0.064,5
-0.021,1.14,-0.04,5
0.011,0.995,-0.045,4
-0.002,0.883,-0.066,5
-0.019,0.82,-0.047,5
-0.013,0.73,-0.038,5
0.017,0.639,-0.012,5
-0.018,0.575,0.001,5
0.005,0.518,-0.063,5
0.034,0.479,-0.039,5
0.001,0.478,-0.04,5
0.005,0.422,-0.044,5
0.017,0.401,-0.057,5
0.011,0.365,-0.086,5
0.006,0.337,-0.034,5
-0.011,0.317,-0.026,5
-0.006,0.319,-0.037,5
-0.001,0.266,-0.059,5
-0.022,0.248,-0.117,5
0.005,0.232,-0.067,5
0.035,0.208,-0.051,5
-0.028,0.196,-0.046,4
-0.008,0.159,-0.042,5
-0.012,0.117,0.026,5
-0.045,0.127,-0.01,5
-0.036,0.071,0.038,5
-0.041,0.051,0.06,5
-0.063,0.072,0.071,5
-0.078,0.047,0.081,5
-0.04,0.025,0.043,5
-0.032,-0.019,0.094,5
-0.007,-0.009,0.068,5
-0.062,-0.016,0.031,5
-0.026,0.01,0.019,5
-0.002,-0.033,0.069,5
-0.023,-0.012,0.07,5
-0.021,0.014,0.042,5
-0.01,0.008,0.012,5
-0.03,0.046,0.036,5
-0.04,0.063,-0.04,5
-0.032,0.044,-0.092,4
-0.063,0.074,-0.087,5
-0.095,0.071,-0.069,5
-0.086,0.046,-0.127,5
-0.021,0.024,-0.127,5
-0.032,0.03,-0.097,5
-0.011,0.049,-0.1,5
0.01,0.014,-0.116,5
0.035,0.004,-0.083,5
0.044,-0.065,-0.066,5
0.053,-0.045,-0.042,5
0.104,-0.075,0.022,5
0.08,-0.111,-0.04,5
0.098,-0.108,0.049,5
0.058,-0.11,0.027,5
0.056,-0.091,-0.009,5
0.016,-0.077,-0.008,5
-0.04,-0.069,0.0,5
-0.032,-0.037,-0.038,4
-0.024,0.009,-0.012,5
-0.039,0.034,-0.041,5
-0.057,0.039,-0.05,5
-0.077,0.104,-0.053,5
-0.078,0.094,-0.018,5
-0.1,0.063,-0.012,5
-0.09,0.095,0.019,5
-0.047,0.056,0.051,5
-0.038,0.071,0.046,5
-0.004,0.026,0.072,5
0.026,-0.002,0.082,5
0.01,-0.01,0.095,5
0.044,-0.048,0.085,5
0.031,-0.056,0.085,5
0.041,-0.016,0.06,5
0.011,-0.053,0.045,5
0.053,-0.056,0.019,5
0.06,-0.016,0.047,5
0.067,-0.023,-0.008,4
0.022,0.013,0.009,5
-0.018,0.037,-0.004,5
-0.004,0.064,-0.034,5
-0.029,0.031,-0.052,5
-0.013,0.054,-0.025,5
-0.02,0.057,-0.031,5
-0.066,0.06,0.014,5
-0.051,0.032,0.03,5
-0.058,0.055,-0.024,5
-0.061,0.054,-0.03,5
-0.076,0.048,-0.027,5
-0.069,-0.003,-0.093,5
-0.075,-0.041,-0.045,5
-0.097,-0.054,-0.015,5
-0.088,-0.045,-0.082,5
-0.075,-0.079,-0.07,5
-0.093,-0.084,-0.019,5
-0.084,-0.11,0.003,5
-0.084,-0.112,-0.031,4
-0.097,-0.092,-0.032,5
-0.091,-0.109,-0.007,5
-0.087,-0.111,-0.011,5
0.0,-0.061,-0.018,5
-0.026,-0.072,0.052,5
-0.028,-0.073,0.008,5
-0.055,-0.083,-0.022,5
-0.05,-0.07,-0.02,5
0.006,-0.072,-0.035,5
0.027,-0.06,0.006,5
0.111,-0.05,0.005,5
0.13,-0.062,0.108,5
0.134,-0.047,0.149,5
0.133,0.021,0.156,5
0.137,0.088,0.093,5
0.132,0.105,0.04,5
0.11,0.168,-0.01,5
0.06,0.215,-0.001,5
0.028,0.22,0.003,4
0.021,0.241,0.076,5
-0.002,0.264,0.111,5
-0.023,0.255,0.178,5
-0.029,0.247,0.134,5
-0.048,0.196,0.095,5
-0.03,0.138,0.051,5
-0.01,0.085,-0.04,5
-0.022,0.038,-0.113,5
0.005,0.004,-0.119,5
-0.011,-0.035,-0.185,5
0.002,-0.044,-0.162,5
0.006,-0.074,-0.124,5
0.035,-0.11,-0.017,5
0.027,-0.077,0.01,5
0.059,-0.061,0.013,5
0.014,0.022,0.046,5
0.039,0.041,0.072,5
0.035,0.085,0.0,5
0.049,0.089,0.03,4
0.048,0.114,0.027,5
0.034,0.112,0.02,5
0.014,0.1,0.018,5
-0.013,0.06,0.038,5
-0.024,0.011,0.012,5
-0.073,-0.037,0.037,5
-0.083,-0.076,0.068,5
-0.071,-0.098,-0.016,5
-0.089,-0.102,-0.006,5
-0.098,-0.13,0.041,5
-0.092,-0.117,0.024,5
-0.083,-0.131,-0.038,5
-0.087,-0.144,-0.051,5
-0.048,-0.125,-0.037,5
-0.031,-0.108,-0.059,5
0.015,-0.11,-0.062,5
0.0,-0.095,-0.017,5
0.047,-0.068,0.014,4
0.043,-0.061,-0.021,5
0.038,-0.046,0.006,5
0.039,-0.029,0.023,5
-0.012,-0.009,0.025,5
-0.006,0.017,-0.007,5
-0.01,0.067,-0.011,5
-0.039,0.047,-0.065,5
-0.031,0.094,-0.085,5
-0.006,0.106,-0.029,5
0.002,0.104,0.012,5
-0.014,0.111,0.002,5
-0.013,0.117,-0.019,5
-0.024,0.105,-0.03,5
-0.013,0.039,-0.009,5
0.022,0.0,0.003,5
0.032,0.022,0.025,5
-0.004,-0.035,0.013,5
0.038,-0.062,0.034,5
0.0,-0.056,0.039,4
0.004,-0.076,0.0,5
0.034,-0.086,0.039,5
0.005,-0.073,0.001,5
0.038,-0.074,0.07,5
0.048,-0.084,0.045,5
0.043,-0.084,0.054,5
0.064,-0.08,0.109,5
0.088,-0.072,0.119,5
0.036,-0.052,0.081,5
0.041,-0.046,0.116,5
0.084,-0.063,0.096,5
0.067,-0.031,0.06,5
0.078,-0.032,0.041,5
0.065,-0.029,0.076,5
0.046,-0.009,0.068,5
0.059,-0.008,-0.015,5
0.066,-0.003,-0.022,5
0.085,0.005,-0.016,5
0.072,0.005,-0.048,4
0.065,0.013,-0.026,5
0.058,0.042,-0.045,5
0.091,0.033,-0.054,5
0.056,0.056,-0.027,5
0.038,0.106,-0.045,5
0.051,0.108,-0.037,5
0.016,0.093,0.009,5
-0.037,0.079,0.017,5
-0.076,0.046,-0.01,5
-0.047,0.024,-0.013,5
-0.059,0.021,-0.025,5
-0.071,-0.006,-0.026,5
-0.076,-0.04,0.01,5
-0.064,-0.074,-0.012,5
-0.071,-0.08,0.019,5
-0.077,-0.063,0.008,5
-0.069,-0.048,-0.005,5
-0.04,-0.112,-0.047,5
0.019,-0.067,-0.081,4
0.047,-0.077,-0.017,5
0.025,-0.043,-0.015,5
0.057,-0.013,-0.07,5
0.09,0.03,-0.033,5
0.068,0.027,-0.055,5
0.104,0.042,-0.062,5
0.098,0.05,-0.03,5
0.071,0.032,-0.04,5
0.051,0.059,-0.049,5
0.059,0.036,-0.053,5
0.027,0.024,-0.026,5
0.067,-0.008,-0.036,5
0.078,-0.016,-0.032,5
0.053,-0.048,0.004,5
0.082,-0.057,-0.017,5
0.061,-0.029,0.018,5
0.063,-0.048,0.034,5
0.022,-0.017,0.009,4
0.003,0.001,0.029,5
-0.053,0.018,-0.007,5
-0.064,0.042,0.027,5
-0.067,0.042,0.007,5
-0.094,0.072,-0.027,5
-0.072,0.104,-0.059,5
-0.086,0.111,-0.036,5
-0.099,0.134,-0.015,5
-0.119,0.159,-0.009,5
-0.09,0.13,-0.042,5
-0.098,0.083,-0.047,5
-0.054,0.087,0.017,5
-0.04,0.066,-0.014,5
-0.027,0.055,-0.004,5
-0.012,0.023,-0.059,5
0.015,0.038,-0.045,5
0.022,0.026,0.019,5
0.032,0.006,-0.003,5
0.081,-0.011,-0.012,4
0.051,-0.014,-0.041,5
0.011,-0.039,-0.075,5
0.019,-0.069,-0.081,5
0.008,-0.088,-0.068,5
0.012,-0.083,-0.04,5
-0.006,-0.105,-0.036,5
-0.001,-0.103,0.07,5
-0.027,-0.097,0.111,5
-0.045,-0.057,0.069,5
-0.092,-0.03,0.015,5
-0.057,0.007,-0.029,5
-0.06,0.023,-0.086,5
-0.08,0.09,-0.09,5
-0.089,0.085,-0.017,5
-0.02,0.124,0.04,5
-0.065,0.116,0.096,5
-0.046,0.078,0.087,5
0.001,0.057,0.108,5
0.035,0.021,0.175,4
0.071,-0.031,0.063,5
0.089,-0.067,0.004,5
0.063,-0.125,-0.055,5
0.083,-0.186,-0.166,5
0.079,-0.21,-0.193,5
0.049,-0.254,-0.208,5
0.031,-0.228,-0.127,5
-0.014,-0.227,-0.058,5
-0.073,-0.209,0.016,5
-0.109,-0.149,0.04,5
-0.106,-0.095,0.027,5
-0.143,-0.008,0.016,5
-0.168,0.039,0.04,5
-0.129,0.087,0.023,5
-0.095,0.1,0.051,5
-0.094,0.094,0.033,5
-0.106,0.098,0.051,5
-0.1,0.088,0.119,5
-0.034,0.04,0.086,4
0.0,-0.002,0.064,5
-0.004,-0.045,0.036,5
0.008,-0.126,0.05,5
0.02,-0.157,0.053,5
0.048,-0.184,0.026,5
0.069,-0.196,0.037,5
0.062,-0.193,0.059,5
0.069,-0.2,0.061,5
0.079,-0.167,0.085,5
0.067,-0.146,0.094,5
0.017,-0.049,0.089,5
0.041,0.002,0.05,5
0.08,0.062,0.092,5
0.085,0.112,0.087,5
0.089,0.161,0.13,5
0.076,0.227,0.113,5
0.107,0.282,0.08,5
0.075,0.314,0.042,5
0.059,0.364,-0.013,4
0.07,0.354,0.009,5
0.076,0.37,0.042,5
0.098,0.333,0.004,5
0.123,0.308,0.016,5
0.137,0.307,0.023,5
0.114,0.238,0.077,5
0.077,0.188,0.103,5
0.086,0.139,0.046,5
0.06,0.104,0.058,5
0.063,0.059,0.035,5
0.031,0.036,0.045,5
-0.019,-0.027,0.105,5
-0.06,-0.025,0.068,5
-0.067,-0.022,0.018,5
-0.077,-0.046,0.038,5
-0.074,-0.041,0.008,5
-0.092,-0.05,0.02,5
-0.105,-0.04,0.044,5
-0.12,-0.092,0.014,4
-0.104,-0.087,0.021,5
-0.076,-0.083,0.006,5
-0.098,-0.062,-0.02,5
-0.071,-0.086,-0.035,5
-0.051,-0.103,0.006,5
-0.024,-0.123,-0.015,5
-0.061,-0.115,-0.056,5
-0.042,-0.159,-0.107,5
-0.042,-0.109,-0.113,5
-0.042,-0.128,-0.063,5
0.013,-0.154,-0.061,5
-0.009,-0.138,-0.102,5
-0.038,-0.112,-0.066,5
-0.013,-0.135,0.004,5
0.009,-0.134,0.017,5
0.013,-0.155,0.002,5
0.02,-0.144,0.015,5
-0.046,-0.138,0.035,4
-0.071,-0.103,0.023,5
-0.056,-0.11,0.0,5
-0.076,-0.086,-0.005,5
-0.107,-0.107,-0.013,5
-0.113,-0.092,-0.059,5
-0.119,-0.07,-0.07,5
-0.094,-0.024,-0.067,5
-0.072,-0.017,-0.095,5
-0.065,-0.02,-0.098,5
-0.037,-0.009,-0.093,5
-0.016,0.012,-0.105,5
-0.01,-0.005,-0.12,5
-0.017,-0.009,-0.087,5
0.005,0.017,-0.087,5
0.03,0.015,-0.091,5
0.036,0.014,-0.034,5
0.002,0.038,-0.031,5
0.049,0.004,-0.019,5
0.023,0.051,0.003,4
0.059,0.037,0.029,5
0.01,0.046,0.065,5
0.026,0.063,0.071,5
0.049,0.07,0.047,5
0.032,0.045,0.033,5
0.058,0.062,0.013,5
0.053,0.082,0.02,5
0.06,0.074,-0.02,5
-0.001,0.071,0.016,5
0.041,0.089,-0.028,5
0.046,0.115,0.021,5
0.024,0.103,0.019,5
0.017,0.08,-0.003,5
-0.005,0.081,0.03,5
-0.009,0.081,0.002,5
-0.021,0.047,0.023,5
-0.006,0.047,0.038,5
-0.014,0.042,0.021,5
-0.008,0.033,0.071,4
0.009,0.064,0.059,5
0.0,0.075,0.053,5
-0.021,0.046,0.044,5
0.027,0.033,0.03,5
-0.004,0.06,0.062,5
0.025,0.062,0.021,5
0.01,0.043,0.019,5
-0.003,0.026,0.017,5
0.013,0.002,0.007,5
0.034,-0.019,0.002,5
-0.003,-0.022,-0.015,5
-0.012,-0.015,-0.048,5
0.002,-0.039,-0.064,5
0.027,-0.053,0.001,5
0.046,-0.013,-0.024,5
0.02,-0.046,-0.047,5
0.018,-0.076,-0.051,5
-0.018,-0.034,-0.046,4
0.0,-0.004,-0.084,5
-0.016,-0.017,-0.05,5
-0.01,0.001,-0.045,5
0.016,0.001,0.015,5
0.053,0.009,0.112,5
0.043,-0.021,0.14,5
0.022,-0.027,0.13,5
0.007,-0.016,0.065,5
0.027,-0.04,-0.005,5
0.042,-0.032,-0.035,5
-0.013,-0.003,-0.061,5
-0.029,0.005,0.0,5
-0.052,0.005,0.043,5
-0.051,0.0,0.112,5
-0.076,-0.016,0.096,5
-0.038,-0.019,0.108,5
-0.013,-0.004,0.097,5
-0.029,-0.025,0.075,5
-0.008,-0.044,-0.057,4
0.035,-0.061,-0.107,5
0.061,-0.029,-0.183,5
0.029,-0.022,-0.229,5
0.031,-0.041,-0.21,5
0.045,-0.028,-0.137,5
0.031,-0.026,-0.068,5
0.037,-0.027,-0.009,5
-0.009,-0.037,0.038,5
0.0,-0.034,-0.038,5
-0.025,0.021,0.0,5
-0.001,0.036,-0.021,5
0.007,0.006,-0.032,5
-0.032,0.049,0.022,5
-0.011,0.061,0.02,5
0.01,0.042,0.005,5
0.001,0.063,0.056,5
0.035,0.048,0.0,5
0.006,0.039,0.007,4
-0.016,0.031,-0.018,5
-0.023,0.054,-0.034,5
-0.012,0.065,-0.047,5
-0.028,0.046,-0.073,5
-0.051,0.046,-0.126,5
-0.033,0.019,-0.096,5
-0.021,0.005,-0.095,5
-0.023,-0.034,-0.068,5
-0.025,-0.06,-0.053,5
-0.061,-0.106,-0.043,5
-0.055,-0.134,0.0,5
-0.11,-0.164,-0.013,5
-0.116,-0.147,0.022,5
-0.104,-0.163,0.106,5
-0.068,-0.185,0.13,5
-0.07,-0.132,0.117,5
-0.045,-0.102,0.071,5
-0.041,-0.074,0.068,5
0.036,-0.019,0.044,4
0.045,0.003,0.031,5
0.04,0.037,-0.006,5
0.058,0.085,-0.018,5
0.078,0.103,0.009,5
0.057,0.114,0.021,5
0.064,0.115,0.066,5
0.019,0.099,0.107,5
0.047,0.072,0.044,5
0.021,0.056,0.018,5
0.01,0.068,0.021,5
0.039,0.052,0.014,5
0.018,0.06,-0.004,5
0.003,0.041,-0.089,5
-0.031,0.037,-0.089,5
-0.036,0.055,-0.046,5
0.023,0.002,-0.062,5
-0.035,-0.032,-0.043,5
-0.053,0.009,0.003,5
-0.035,0.012,0.011,4
-0.083,-0.005,0.045,5
-0.053,-0.035,0.07,5
-0.035,0.002,0.085,5
0.024,-0.01,0.081,5
0.034,-0.035,0.055,5
0.009,-0.031,0.02,5
0.026,-0.015,0.013,5
0.049,-0.035,0.046,5
0.048,-0.049,0.011,5
0.018,-0.048,-0.01,5
0.037,-0.043,-0.005,5
0.012,-0.043,0.016,5
0.011,-0.047,-0.01,5
-0.028,-0.086,0.016,5
-0.038,-0.125,0.053,5
-0.056,-0.112,0.069,5
-0.055,-0.183,0.071,5
-0.049,-0.173,0.055,4
-0.048,-0.134,0.105,5
-0.035,-0.142,0.06,5
-0.074,-0.128,0.067,5
-0.063,-0.085,0.047,5
-0.039,-0.068,0.051,5
-0.005,-0.013,0.038,5
-0.009,0.056,0.025,5
0.0,0.08,0.01,5
0.03,0.128,-0.016,5
0.023,0.128,-0.04,5
0.033,0.163,-0.041,5
0.047,0.194,-0.011,5
0.072,0.205,0.011,5
0.052,0.201,-0.032,5
0.013,0.173,-0.055,5
0.059,0.173,-0.006,5
0.096,0.177,-0.014,5
0.078,0.142,-0.026,5
0.022,0.128,-0.053,4
0.046,0.132,-0.022,5
0.028,0.119,-0.076,5
-0.004,0.09,-0.081,5
0.004,0.102,-0.051,5
-0.034,0.1,-0.038,5
-0.039,0.095,-0.068,5
-0.027,0.085,-0.083,5
-0.041,0.055,-0.053,5
-0.054,0.041,-0.03,5
-0.019,-0.005,-0.014,5
-0.008,0.007,0.012,5
0.0,0.011,0.037,5
0.022,0.023,0.033,5
0.02,-0.005,0.073,5
0.031,-0.004,0.039,5
0.04,0.004,0.005,5
0.049,-0.021,0.0,5
0.014,-0.036,0.026,5
0.013,-0.072,-0.01,4
0.003,-0.077,0.046,5
0.015,-0.087,0.033,5
0.018,-0.104,-0.008,5
-0.004,-0.106,0.0,5
0.012,-0.113,-0.025,5
0.015,-0.175,-0.07,5
0.018,-0.166,-0.05,5
-0.013,-0.171,-0.045,5
-0.012,-0.18,-0.062,5
-0.032,-0.17,-0.06,5
0.0,-0.175,-0.049,5
-0.046,-0.17,-0.07,5
-0.028,-0.162,-0.068,5
-0.03,-0.154,-0.043,5
-0.035,-0.139,-0.005,5
-0.045,-0.099,0.025,5
-0.027,-0.072,0.027,5
0.0,-0.051,0.037,5
-0.033,-0.016,0.025,4
0.021,-0.014,0.005,5
0.079,-0.009,0.039,5
0.058,0.034,0.009,5
0.039,0.031,0.017,5
0.057,0.01,-0.006,5
0.056,-0.033,-0.018,5
0.041,-0.034,-0.016,5
0.063,-0.013,0.015,5
0.1,-0.033,0.095,5
0.12,-0.026,0.155,5
0.116,-0.032,0.195,5
0.079,-0.024,0.257,5
0.071,0.021,0.188,5
0.038,0.027,0.161,5
-0.03,0.042,0.162,5
-0.035,0.024,0.198,5
-0.096,-0.025,0.204,5
-0.108,-0.061,0.261,4
-0.158,-0.093,0.291,5
-0.202,-0.11,0.274,5
-0.169,-0.116,0.269,5
-0.165,-0.122,0.267,5
-0.14,-0.084,0.18,5
-0.061,-0.062,0.024,5
-0.059,-0.026,-0.055,5
-0.01,0.045,-0.17,5
0.016,0.152,-0.235,5
0.066,0.228,-0.246,5
0.124,0.351,-0.251,5
0.111,0.411,-0.235,5
0.139,0.456,-0.185,5
0.121,0.501,-0.149,5
0.126,0.502,-0.109,5
0.109,0.443,-0.149,5
0.098,0.399,-0.096,5
0.105,0.325,-0.047,5
0.095,0.193,0.025,4
0.12,0.109,0.07,5
0.112,-0.009,0.149,5
0.152,-0.098,0.19,5
0.163,-0.157,0.197,5
0.168,-0.211,0.199,5
0.156,-0.258,0.201,5
0.213,-0.271,0.215,5
0.231,-0.27,0.176,5
0.302,-0.273,0.176,5
0.251,-0.241,0.154,5
0.264,-0.2,0.143,5
0.238,-0.193,0.111,5
0.24,-0.109,0.087,5
0.203,-0.076,0.104,5
0.157,-0.034,0.081,5
0.137,-0.022,0.017,5
0.088,0.022,-0.01,5
0.08,0.059,-0.018,5
0.089,0.079,0.009,4
0.063,0.075,0.017,5
0.022,0.046,0.05,5
-0.057,0.046,0.057,5
-0.086,0.015,0.052,5
-0.094,-0.05,0.115,5
-0.137,-0.088,0.104,5
-0.144,-0.161,0.184,5
-0.151,-0.218,0.191,5
-0.115,-0.27,0.276,5
-0.112,-0.294,0.386,5
-0.083,-0.334,0.502,5
-0.084,-0.335,0.521,5
-0.088,-0.319,0.542,5
-0.084,-0.291,0.54,5
-0.084,-0.249,0.524,5
-0.058,-0.194,0.558,5
-0.026,-0.123,0.558,5
-0.024,-0.089,0.571,5
-0.09,-0.054,0.536,4
-0.167,-0.01,0.443,5
-0.25,-0.026,0.395,5
-0.414,-0.071,0.303,5
-0.498,-0.094,0.213,5
-0.625,-0.149,0.187,5
-0.726,-0.19,0.319,5
-0.791,-0.283,0.498,5
-0.768,-0.362,0.681,5
-0.717,-0.451,0.777,5
-0.663,-0.475,0.824,5
-0.527,-0.479,0.845,5
-0.358,-0.457,0.894,5
-0.245,-0.416,0.865,5
-0.091,-0.296,0.735,5
-0.073,-0.112,0.61,5
0.11,-0.01,0.527,5
0.12,0.15,0.44,5
0.052,0.376,0.241,5
0.008,0.558,0.144,4
-0.026,0.735,0.06,5
0.001,0.903,-0.044,5
-0.071,1.136,-0.203,5
-0.107,1.38,-0.321,5
-0.148,1.617,-0.405,5
-0.219,1.847,-0.558,5
-0.279,2.007,-0.701,5
-0.376,2.142,-0.82,5
-0.42,2.277,-0.928,5
-0.383,2.325,-0.982,5
-0.323,2.269,-1.026,5
-0.247,2.18,-1.009,5
-0.218,2.031,-0.895,5
-0.222,1.794,-0.758,5
-0.234,1.575,-0.665,5
-0.289,1.332,-0.612,5
-0.311,1.048,-0.589,5
-0.336,0.796,-0.582,4
-0.35,0.514,-0.575,5
-0.285,0.195,-0.729,5
-0.179,-0.082,-0.91,5
-0.096,-0.388,-1.013,5
0.051,-0.668,-1.058,5
0.192,-0.907,-1.047,5
0.341,-1.075,-1.141,5
0.552,-1.235,-1.186,5
0.825,-1.409,-1.166,5
1.074,-1.539,-1.123,5
1.324,-1.648,-1.118,5
1.614,-1.737,-1.183,5
1.797,-1.822,-1.198,5
1.928,-1.92,-1.186,5
2.028,-1.939,-1.102,5
2.036,-2.012,-1.0,5
1.936,-2.005,-0.913,5
1.85,-2.033,-0.843,5
1.704,-2.002,-0.694,4
1.508,-1.897,-0.599,5
1.141,-1.681,-0.479,5
0.902,-1.461,-0.34,5
0.575,-1.155,-0.16,5
0.246,-0.781,-0.023,5
-0.105,-0.419,0.064,5
-0.396,-0.006,0.11,5
-0.633,0.429,0.211,5
-0.875,0.8,0.263,5
-1.038,1.116,0.249,5
-1.136,1.328,0.289,5
-1.152,1.453,0.282,5
-1.05,1.493,0.279,5
-0.953,1.469,0.282,5
-0.836,1.352,0.357,5
-0.645,1.169,0.45,5
-0.468,0.932,0.552,5
-0.365,0.714,0.686,5
-0.26,0.5,0.777,4
-0.191,0.29,0.854,5
-0.116,0.089,0.954,5
-0.039,-0.109,1.027,5
0.015,-0.322,1.066,5
0.122,-0.475,1.059,5
0.161,-0.595,0.979,5
0.205,-0.708,0.889,5
0.275,-0.78,0.805,5
0.334,-0.809,0.72,5
0.322,-0.797,0.678,5
0.354,-0.782,0.589,5
0.409,-0.695,0.525,5
0.368,-0.617,0.481,5
0.375,-0.547,0.416,5
0.38,-0.445,0.348,5
0.355,-0.361,0.258,5
0.311,-0.252,0.206,5
0.232,-0.231,0.142,5
0.17,-0.186,0.089,4
0.058,-0.116,0.041,5
-0.059,-0.07,0.046,5
-0.152,-0.05,0.106,5
-0.197,-0.04,0.087,5
-0.237,0.027,0.108,5
-0.27,0.055,0.063,5
-0.359,0.041,0.026,5
-0.414,0.045,-0.001,5
-0.45,0.114,-0.001,5
-0.461,0.038,0.041,5
-0.497,0.043,0.089,5
-0.563,0.06,0.17,5
-0.576,0.011,0.244,5
-0.574,-0.011,0.245,5
-0.538,-0.087,0.225,5
-0.515,-0.148,0.22,5
-0.51,-0.232,0.167,5
-0.451,-0.308,0.198,5
-0.289,-0.432,0.122,4
-0.209,-0.51,0.14,5
-0.179,-0.558,0.122,5
-0.17,-0.648,0.131,5
-0.084,-0.739,0.096,5
-0.049,-0.837,0.143,5
-0.01,-0.865,0.236,5
0.037,-0.934,0.251,5
0.081,-0.888,0.265,5
0.038,-0.894,0.251,5
0.052,-0.886,0.252,5
0.012,-0.845,0.283,5
-0.079,-0.765,0.289,5
-0.114,-0.701,0.243,5
-0.184,-0.601,0.205,5
-0.261,-0.459,0.181,5
-0.282,-0.383,0.154,5
-0.327,-0.241,0.052,5
-0.389,-0.066,-0.056,4
-0.406,0.121,-0.11,5
-0.417,0.264,-0.138,5
-0.427,0.423,-0.15,5
-0.38,0.579,-0.105,5
-0.351,0.693,-0.068,5
-0.247,0.796,-0.018,5
-0.174,0.841,0.09,5
-0.092,0.882,0.15,5
-0.057,0.781,0.23,5
-0.038,0.69,0.246,5
0.064,0.617,0.208,5
0.083,0.589,0.226,5
0.148,0.526,0.152,5
0.336,0.504,0.167,5
0.535,0.44,0.275,5
0.748,0.392,0.415,5
0.898,0.344,0.4,5
1.101,0.279,0.416,5
1.172,0.264,0.353,4
1.214,0.302,0.339,5
1.166,0.414,0.257,5
1.092,0.606,0.249,5
0.927,0.881,0.284,5
0.666,1.245,0.26,5
0.436,1.573,0.221,5
-0.055,1.873,0.315,5
-0.429,2.142,0.37,5
-0.813,2.398,0.445,5
-1.27,2.675,0.612,5
-1.699,2.834,0.74,5
-2.102,2.947,0.778,5
-2.456,3.083,0.463,5
-2.655,3.206,-0.065,5
-2.695,3.273,-0.761,5
-2.43,3.204,-1.577,5
-1.777,2.944,-2.264,5
-0.914,2.499,-2.563,5
0.025,1.909,-2.552,4
0.984,1.261,-2.366,5
1.855,0.747,-2.134,5
2.415,0.414,-2.196,5
2.63,0.07,-2.205,5
2.889,-0.466,-2.088,5
2.944,-1.035,-1.952,5
2.865,-1.673,-1.977,5
2.678,-2.169,-2.085,5
2.32,-2.59,-2.014,5
1.82,-2.913,-1.942,5
1.341,-3.083,-1.821,5
0.879,-3.21,-1.678,5
0.365,-3.208,-1.463,5
-0.261,-3.025,-1.407,5
-0.843,-2.782,-1.279,5
-1.435,-2.444,-1.151,5
-2.041,-2.079,-1.07,5
-2.501,-1.698,-1.002,5
-2.733,-1.339,-0.772,5
-2.908,-1.02,-0.514,4
-2.958,-0.715,-0.316,5
-2.942,-0.424,-0.052,5
-2.911,-0.114,0.168,5
-2.74,0.12,0.345,5
-2.419,0.268,0.483,5
-2.026,0.418,0.521,5
-1.565,0.428,0.533,5
-1.042,0.333,0.48,5
-0.567,0.231,0.397,5
-0.075,0.04,0.47,5
0.281,-0.119,0.492,5
0.602,-0.21,0.498,5
0.959,-0.284,0.436,5
1.251,-0.324,0.426,5
1.398,-0.344,0.405,5
1.456,-0.326,0.498,5
1.448,-0.281,0.526,5
1.42,-0.257,0.521,4
1.351,-0.227,0.525,5
1.298,-0.187,0.498,5
1.116,-0.173,0.465,5
0.892,-0.116,0.414,5
0.665,-0.07,0.364,5
0.478,-0.046,0.367,5
0.262,-0.024,0.36,5
0.094,-0.022,0.354,5
-0.126,-0.037,0.306,5
-0.277,-0.067,0.318,5
-0.396,-0.061,0.295,5
-0.49,-0.098,0.265,5
-0.54,-0.157,0.273,5
-0.507,-0.236,0.289,5
-0.474,-0.242,0.187,5
-0.388,-0.313,0.259,5
-0.258,-0.363,0.293,5
-0.142,-0.374,0.229,5
-0.016,-0.35,0.344,4
0.11,-0.341,0.448,5
0.245,-0.324,0.545,5
0.285,-0.317,0.551,5
0.334,-0.29,0.582,5
0.327,-0.291,0.601,5
0.281,-0.288,0.528,5
0.275,-0.255,0.449,5
0.178,-0.294,0.391,5
0.1,-0.256,0.374,5
-0.017,-0.252,0.44,5
-0.071,-0.287,0.439,5
-0.189,-0.284,0.412,5
-0.291,-0.333,0.397,5
-0.313,-0.364,0.344,5
-0.265,-0.401,0.404,5
-0.247,-0.434,0.42,5
-0.239,-0.46,0.417,5
-0.138,-0.504,0.496,5
-0.094,-0.523,0.558,4
-0.041,-0.496,0.541,5
0.009,-0.472,0.474,5
0.064,-0.412,0.495,5
0.114,-0.379,0.485,5
0.193,-0.298,0.419,5
0.225,-0.281,0.411,5
0.216,-0.193,0.387,5
0.233,-0.079,0.392,5
0.244,-0.067,0.447,5
0.267,-0.038,0.407,5
0.296,0.003,0.414,5
0.318,0.046,0.441,5
0.308,0.072,0.475,5
0.329,0.099,0.393,5
0.335,0.136,0.349,5
0.275,0.149,0.327,5
0.269,0.121,0.32,5
0.285,0.1,0.34,5
0.235,0.03,0.353,4
0.169,0.014,0.344,5
0.117,0.021,0.361,5
0.075,0.001,0.325,5
0.059,-0.015,0.279,5
0.04,0.033,0.208,5
-0.006,0.055,0.153,5
-0.04,0.102,0.073,5
-0.023,0.1,-0.02,5
-0.098,0.142,-0.052,5
-0.118,0.158,-0.03,5
-0.098,0.181,-0.027,5
-0.045,0.201,-0.041,5
-0.04,0.19,0.022,5
-0.054,0.201,0.145,5
-0.07,0.163,0.204,5
-0.011,0.104,0.27,5
0.024,0.119,0.333,5
0.034,0.069,0.377,4
0.057,0.036,0.434,5
0.016,0.019,0.378,5
0.066,0.0,0.318,5
0.077,0.004,0.304,5
0.048,0.008,0.295,5
0.013,-0.013,0.308,5
0.11,0.013,0.291,5
0.121,0.025,0.244,5
0.109,-0.003,0.241,5
0.154,0.065,0.152,5
0.16,0.046,0.098,5
0.118,0.08,0.067,5
0.05,0.102,0.052,5
-0.006,0.152,0.042,5
-0.061,0.184,0.008,5
-0.163,0.226,0.037,5
-0.159,0.204,0.038,5
-0.173,0.213,0.133,4
-0.126,0.179,0.158,5
-0.07,0.135,0.229,5
-0.029,0.122,0.236,5
0.008,0.075,0.251,5
0.007,0.037,0.312,5
0.002,-0.026,0.337,5
-0.023,-0.079,0.32,5
-0.124,-0.101,0.288,5
-0.207,-0.152,0.311,5
-0.242,-0.175,0.271,5
-0.36,-0.196,0.236,5
-0.432,-0.168,0.221,5
-0.526,-0.117,0.224,5
-0.594,0.01,0.314,5
-0.496,0.035,0.33,5
-0.524,0.204,0.512,5
-0.579,0.386,0.427,5
-0.474,0.49,0.448,5
-0.37,0.613,0.438,5
-0.178,0.728,0.355,4
0.015,0.78,0.354,5
0.238,0.853,0.362,5
0.404,0.901,0.472,5
0.497,0.867,0.528,5
0.585,0.858,0.553,5
0.707,0.764,0.562,5
0.852,0.592,0.644,5
1.056,0.356,0.812,5
1.316,-0.053,0.929,5
1.68,-0.578,0.909,5
1.973,-1.197,0.637,5
2.095,-1.801,-0.089,5
1.799,-2.009,-0.873,5
0.77,-1.51,-1.867,5
-0.883,-0.437,-3.051,5
-2.605,0.64,-4.052,5
-4.547,1.873,-4.965,5
-6.505,3.203,-5.947,4
-7.708,4.606,-7.149,5
-8.109,6.111,-8.011,5
-7.626,7.667,-7.262,5
-6.238,8.844,-5.226,5
-3.352,9.059,-2.923,5
0.49,8.472,-1.614,5
3.592,7.232,-1.155,5
5.46,5.453,-0.919,5
6.358,3.124,-1.189,5
6.688,0.704,-1.578,5
6.721,-1.473,-1.757,5
6.407,-3.209,-1.374,5
5.8,-4.521,-0.495,5
5.082,-5.332,0.7,5
3.988,-5.604,1.759,5
2.439,-5.419,2.492,5
0.91,-4.946,2.932,5
-0.317,-4.365,2.648,5
-1.117,-3.704,1.861,4
-1.48,-3.045,1.106,5
-1.689,-2.236,0.543,5
-1.813,-1.44,0.122,5
-1.813,-0.718,-0.186,5
-1.735,-0.03,-0.353,5
-1.613,0.524,-0.274,5
-1.517,0.941,-0.165,5
-1.317,1.187,-0.136,5
-1.018,1.241,-0.04,5
-0.597,1.095,-0.105,5
-0.132,0.921,-0.155,5
0.285,0.665,-0.122,5
0.528,0.491,-0.015,5
0.756,0.287,0.016,5
0.951,0.029,0.07,5
1.033,-0.223,0.184,5
1.106,-0.511,0.264,5
1.112,-0.826,0.311,5
1.035,-1.092,0.371,4
0.932,-1.379,0.402,5
0.881,-1.685,0.422,5
0.806,-1.917,0.492,5
0.756,-2.027,0.585,5
0.603,-2.105,0.712,5
0.391,-2.123,0.8,5
0.15,-2.048,0.828,5
-0.093,-1.895,0.818,5
-0.295,-1.731,0.779,5
-0.558,-1.541,0.822,5
-0.696,-1.4,0.809,5
-0.808,-1.286,0.741,5
-0.826,-1.196,0.693,5
-0.864,-1.115,0.727,5
-0.846,-1.029,0.688,5
-0.792,-0.969,0.628,5
-0.734,-0.877,0.626,5
-0.652,-0.828,0.593,5
-0.552,-0.779,0.555,4
-0.394,-0.749,0.422,5
-0.272,-0.717,0.328,5
-0.12,-0.68,0.235,5
0.029,-0.582,0.151,5
0.073,-0.536,0.089,5
0.187,-0.526,0.075,5
0.228,-0.469,0.132,5
0.227,-0.417,0.136,5
0.213,-0.35,0.118,5
0.187,-0.328,0.132,5
0.125,-0.286,0.106,5
0.052,-0.24,0.095,5
0.021,-0.186,0.069,5
0.01,-0.159,0.096,5
0.031,-0.143,0.117,5
0.019,-0.064,0.122,5
0.03,0.006,0.136,5
0.053,0.04,0.161,5
0.099,0.165,0.209,4
0.089,0.282,0.163,5
0.08,0.327,0.228,5
0.107,0.45,0.184,5
0.165,0.525,0.131,5
0.196,0.632,0.032,5
0.137,0.724,0.02,5
0.124,0.746,-0.05,5
0.042,0.771,-0.118,5
-0.034,0.823,-0.102,5
-0.095,0.797,-0.01,5
-0.12,0.743,0.072,5
-0.126,0.651,0.168,5
-0.169,0.582,0.233,5
-0.152,0.545,0.266,5
-0.119,0.417,0.274,5
-0.077,0.311,0.276,5
-0.048,0.241,0.356,5
-0.013,0.139,0.385,5
0.078,0.043,0.437,4
0.074,0.004,0.454,5
0.106,-0.047,0.43,5
0.099,-0.094,0.499,5
0.124,-0.127,0.483,5
0.081,-0.132,0.418,5
0.021,-0.132,0.333,5
0.054,-0.092,0.386,5
0.001,-0.053,0.395,5
-0.059,-0.052,0.372,5
-0.096,0.03,0.417,5
-0.155,0.035,0.41,5
-0.187,0.058,0.438,5
-0.22,0.129,0.398,5
-0.293,0.138,0.38,5
-0.363,0.176,0.359,5
-0.443,0.219,0.353,5
-0.467,0.231,0.348,5
-0.408,0.255,0.322,4
-0.38,0.294,0.259,5
-0.294,0.304,0.173,5
-0.2,0.321,0.164,5
-0.102,0.327,0.096,5
-0.036,0.277,0.095,5
0.014,0.198,0.142,5
0.12,0.182,0.201,5
0.212,0.108,0.176,5
0.281,0.089,0.236,5
0.365,0.088,0.29,5
0.44,0.062,0.334,5
0.504,0.026,0.391,5
0.527,0.006,0.455,5
0.53,-0.007,0.513,5
0.55,-0.04,0.54,5
0.547,-0.067,0.554,5
0.544,-0.142,0.564,5
0.515,-0.209,0.555,5
0.485,-0.257,0.529,4
0.497,-0.361,0.524,5
0.525,-0.398,0.51,5
0.481,-0.401,0.506,5
0.515,-0.383,0.494,5
0.476,-0.318,0.497,5
0.424,-0.291,0.387,5
0.317,-0.188,0.292,5
0.246,-0.114,0.211,5
0.149,-0.025,0.168,5
0.082,0.067,0.182,5
0.048,0.108,0.137,5
-0.003,0.175,0.279,5
-0.016,0.162,0.423,5
-0.062,0.124,0.45,5
-0.077,0.077,0.426,5
-0.048,0.0,0.496,5
-0.052,-0.025,0.425,5
-0.12,-0.065,0.442,4
-0.168,-0.076,0.407,5
-0.22,-0.06,0.461,5
-0.271,-0.028,0.436,5
-0.296,-0.021,0.384,5
-0.253,-0.019,0.259,5
-0.228,0.004,0.156,5
-0.231,0.003,0.067,5
-0.259,0.016,-0.051,5
-0.246,0.01,-0.119,5
-0.278,0.005,-0.103,5
-0.259,0.056,-0.209,5
-0.276,0.08,-0.218,5
-0.347,0.12,-0.127,5
-0.455,0.181,-0.046,5
-0.53,0.258,0.062,5
-0.619,0.37,0.116,5
-0.695,0.453,0.203,5
-0.703,0.542,0.239,5
-0.697,0.612,0.318,4
-0.597,0.654,0.295,5
-0.525,0.636,0.322,5
-0.528,0.624,0.483,5
-0.652,0.635,0.728,5
-0.828,0.589,0.991,5
-1.004,0.47,1.276,5
-1.27,0.306,1.329,5
-1.505,0.202,1.045,5
-1.82,0.195,0.208,5
-1.905,0.313,-1.152,5
-1.697,0.747,-2.666,5
-1.045,1.388,-3.856,5
0.399,1.831,-4.729,5
2.066,2.079,-5.527,5
3.29,2.513,-6.25,5
4.181,2.999,-6.323,5
4.844,3.401,-5.613,5
5.316,3.729,-4.276,4
5.138,3.994,-3.133,5
4.064,4.249,-2.389,5
2.3,4.298,-1.775,5
0.316,3.994,-1.14,5
-1.671,3.344,-0.798,5
-3.525,2.523,-0.722,5
-4.793,1.577,-0.844,5
-5.736,0.652,-0.768,5
-5.774,-0.425,-0.545,5
-5.072,-1.378,-0.421,5
-4.013,-2.102,0.077,5
-2.668,-2.612,0.642,5
-1.298,-2.945,0.772,5
-0.323,-3.077,0.798,5
0.389,-3.028,0.791,5
0.966,-2.872,0.553,5
1.301,-2.597,0.338,5
1.429,-2.238,0.127,5
1.48,-1.885,-0.078,4
1.487,-1.546,-0.182,5
1.455,-1.305,-0.242,5
1.348,-1.166,-0.209,5
1.187,-1.105,-0.179,5
0.952,-1.154,-0.174,5
0.598,-1.133,-0.118,5
0.073,-1.055,-0.072,5
-0.524,-0.975,-0.008,5
-1.062,-0.895,0.246,5
-1.335,-0.827,0.471,5
-1.481,-0.796,0.566,5
-1.587,-0.733,0.621,5
-1.549,-0.737,0.762,5
-1.424,-0.711,0.793,5
-1.299,-0.726,0.792,5
-1.1,-0.774,0.721,5
-0.87,-0.826,0.705,5
-0.645,-0.898,0.652,5
-0.343,-0.981,0.578,4
-0.072,-1.094,0.516,5
0.146,-1.122,0.52,5
0.334,-1.174,0.489,5
0.554,-1.164,0.436,5
0.671,-1.125,0.427,5
0.88,-1.073,0.535,5
1.107,-0.983,0.572,5
1.31,-0.876,0.528,5
1.434,-0.767,0.518,5
1.484,-0.651,0.539,5
1.439,-0.474,0.524,5
1.299,-0.349,0.394,5
1.118,-0.206,0.281,5
0.902,-0.091,0.171,5
0.657,0.016,0.137,5
0.458,0.118,0.054,5
0.231,0.21,0.001,5
0.001,0.301,-0.088,4
-0.166,0.361,-0.088,5
-0.357,0.359,-0.058,5
-0.48,0.276,-0.017,5
-0.553,0.179,0.027,5
-0.584,0.131,0.041,5
-0.637,0.01,0.071,5
-0.711,-0.097,0.181,5
-0.774,-0.17,0.167,5
-0.722,-0.265,0.223,5
-0.68,-0.324,0.291,5
-0.642,-0.412,0.379,5
-0.565,-0.431,0.491,5
-0.496,-0.462,0.451,5
-0.373,-0.514,0.591,5
-0.206,-0.506,0.64,5
-0.104,-0.507,0.649,5
-0.037,-0.465,0.7,5
0.017,-0.406,0.643,5
-0.057,-0.305,0.6,4
-0.025,-0.265,0.519,5
-0.044,-0.209,0.48,5
-0.13,-0.093,0.44,5
-0.156,0.01,0.353,5
-0.162,0.091,0.326,5
-0.21,0.194,0.332,5
-0.193,0.304,0.334,5
-0.148,0.364,0.339,5
-0.099,0.431,0.361,5
-0.054,0.435,0.403,5
-0.002,0.495,0.332,5
0.075,0.549,0.355,5
0.15,0.567,0.281,5
0.182,0.558,0.231,5
0.22,0.519,0.221,5
0.254,0.502,0.112,5
0.302,0.464,0.075,5
0.302,0.435,0.081,5
0.31,0.426,0.06,4
0.309,0.401,0.058,5
0.283,0.386,0.0,5
0.315,0.365,-0.003,5
0.343,0.389,-0.003,5
0.326,0.324,-0.041,5
0.307,0.339,0.027,5
0.349,0.318,0.084,5
0.374,0.29,0.145,5
0.384,0.231,0.191,5
0.398,0.204,0.227,5
0.405,0.192,0.287,5
0.347,0.168,0.314,5
0.321,0.134,0.36,5
0.293,0.116,0.341,5
0.26,0.053,0.341,5
0.208,0.065,0.337,5
0.114,0.054,0.347,5
0.051,0.053,0.338,5
-0.001,0.043,0.343,4
-0.04,0.078,0.334,5
-0.018,0.048,0.344,5
-0.06,0.069,0.374,5
0.006,0.08,0.367,5
-0.02,0.033,0.334,5
-0.056,-0.043,0.361,5
-0.077,-0.112,0.403,5
-0.073,-0.191,0.397,5
-0.118,-0.293,0.331,5
-0.084,-0.358,0.341,5
-0.115,-0.413,0.359,5
-0.189,-0.432,0.336,5
-0.2,-0.436,0.315,5
-0.193,-0.384,0.335,5
-0.195,-0.315,0.34,5
-0.172,-0.262,0.345,5
-0.176,-0.102,0.332,5
-0.167,0.049,0.286,4
-0.111,0.169,0.266,5
-0.079,0.277,0.308,5
-0.036,0.344,0.333,5
0.014,0.418,0.33,5
0.034,0.415,0.396,5
0.164,0.364,0.413,5
0.247,0.35,0.388,5
0.257,0.31,0.311,5
0.36,0.232,0.297,5
0.466,0.135,0.246,5
0.553,0.023,0.204,5
0.606,-0.082,0.244,5
0.679,-0.199,0.206,5
0.645,-0.304,0.19,5
0.637,-0.407,0.18,5
0.629,-0.5,0.127,5
0.622,-0.601,0.192,5
0.599,-0.61,0.203,5
0.521,-0.609,0.204,4
0.452,-0.587,0.257,5
0.463,-0.61,0.278,5
0.339,-0.519,0.328,5
0.245,-0.441,0.235,5
0.164,-0.371,0.319,5
0.018,-0.269,0.317,5
-0.034,-0.165,0.23,5
-0.078,-0.105,0.125,5
-0.144,-0.017,0.078,5
-0.146,0.049,0.027,5
-0.179,0.121,0.063,5
-0.23,0.161,0.069,5
-0.19,0.205,0.08,5
-0.166,0.219,0.089,5
-0.154,0.188,0.02,5
-0.052,0.187,-0.033,5
-0.064,0.177,-0.081,5
-0.079,0.137,-0.116,4
-0.08,0.158,-0.001,5
0.082,0.047,0.11,5
0.19,-0.051,0.189,5
0.175,-0.081,0.304,5
0.192,-0.124,0.515,5
0.272,-0.116,0.524,5
0.413,-0.135,0.618,5
0.609,-0.242,0.707,5
0.875,-0.386,0.774,5
1.249,-0.593,0.791,5
1.65,-0.874,0.57,5
1.997,-1.291,0.091,5
1.936,-1.51,-0.249,5
1.027,-1.213,-0.966,5
-0.833,-0.079,-3.132,5
-3.189,1.596,-5.796,5
-5.771,3.337,-7.466,5
-8.12,4.697,-8.232,5
-9.256,5.77,-8.521,4
-10.209,7.352,-8.457,5
-10.727,9.224,-6.392,5
-10.744,10.775,-2.986,5
-6.188,9.672,-0.412,5
-1.289,7.713,0.421,5
2.334,5.528,1.237,5
4.768,3.144,1.316,5
6.282,0.61,0.77,5
7.024,-1.777,0.232,5
7.085,-3.621,-0.169,5
6.587,-4.875,-0.083,5
6.476,-5.969,0.389,5
6.194,-6.475,0.777,5
5.265,-6.388,1.264,5
4.105,-5.87,1.719,5
2.88,-5.14,1.672,5
1.579,-4.23,1.225,5
0.503,-3.298,0.783,5
-0.283,-2.348,0.252,4
-0.875,-1.35,-0.16,5
-1.322,-0.444,-0.562,5
-1.569,0.419,-0.708,5
-1.554,1.127,-0.672,5
-1.395,1.678,-0.6,5
-1.165,2.091,-0.656,5
-0.721,2.227,-0.668,5
-0.166,2.233,-0.666,5
0.41,2.014,-0.742,5
0.908,1.661,-0.715,5
1.261,1.349,-0.596,5
1.428,1.016,-0.372,5
1.423,0.664,-0.085,5
1.341,0.356,0.129,5
1.116,0.045,0.289,5
0.884,-0.265,0.484,5
0.636,-0.613,0.565,5
0.374,-0.931,0.629,4
0.16,-1.226,0.773,5
-0.01,-1.525,0.859,5
-0.126,-1.718,0.92,5
-0.32,-1.86,0.94,5
-0.495,-1.92,0.923,5
-0.622,-1.926,0.844,5
-0.766,-1.858,0.734,5
-0.815,-1.75,0.699,5
-0.888,-1.571,0.526,5
-0.912,-1.388,0.391,5
-0.842,-1.184,0.257,5
-0.762,-0.997,0.102,5
-0.617,-0.798,0.079,5
-0.516,-0.645,0.075,5
-0.301,-0.486,0.145,5
-0.098,-0.359,0.204,5
0.027,-0.267,0.257,5
0.205,-0.219,0.313,5
0.327,-0.188,0.329,4
0.419,-0.144,0.33,5
0.442,-0.125,0.336,5
0.454,-0.082,0.272,5
0.451,-0.035,0.232,5
0.397,-0.027,0.174,5
0.349,0.039,0.118,5
0.202,0.057,0.111,5
0.053,0.141,0.065,5
-0.12,0.183,0.071,5
-0.25,0.143,0.043,5
-0.341,0.155,0.077,5
-0.441,0.126,0.117,5
-0.504,0.066,0.101,5
-0.54,0.0,0.095,5
-0.508,-0.064,0.137,5
-0.444,-0.097,0.141,5
-0.352,-0.147,0.174,5
-0.321,-0.158,0.243,5
-0.203,-0.16,0.253,4
-0.105,-0.2,0.309,5
0.0,-0.18,0.296,5
0.086,-0.162,0.313,5
0.103,-0.145,0.316,5
0.209,-0.118,0.28,5
0.274,-0.085,0.252,5
0.251,-0.098,0.27,5
0.308,-0.075,0.269,5
0.324,-0.106,0.229,5
0.313,-0.126,0.266,5
0.291,-0.173,0.283,5
0.253,-0.139,0.302,5
0.236,-0.181,0.298,5
0.23,-0.219,0.307,5
0.189,-0.21,0.272,5
0.188,-0.163,0.193,5
0.169,-0.121,0.199,5
0.135,-0.134,0.196,4
0.091,-0.108,0.207,5
0.065,-0.041,0.229,5
0.101,-0.015,0.224,5
0.052,0.002,0.236,5
0.013,0.062,0.229,5
0.003,0.091,0.163,5
-0.005,0.107,0.19,5
0.02,0.084,0.214,5
0.022,0.088,0.261,5
0.059,0.058,0.235,5
0.053,0.056,0.238,5
0.056,0.029,0.265,5
0.063,0.005,0.299,5
0.074,0.013,0.325,5
0.041,-0.005,0.379,5
0.033,0.003,0.332,5
0.034,-0.018,0.39,5
0.056,-0.024,0.424,5
0.059,-0.082,0.416,4
0.066,-0.091,0.417,5
0.059,-0.134,0.384,5
0.04,-0.159,0.445,5
-0.01,-0.238,0.43,5
0.007,-0.266,0.443,5
-0.027,-0.244,0.399,5
-0.08,-0.232,0.381,5
-0.077,-0.217,0.36,5
-0.065,-0.157,0.332,5
-0.084,-0.068,0.364,5
-0.041,-0.009,0.366,5
-0.033,0.034,0.325,5
-0.034,0.086,0.379,5
-0.034,0.164,0.345,5
-0.044,0.203,0.332,5
-0.022,0.235,0.157,5
-0.007,0.28,0.115,5
0.032,0.278,0.073,5
0.119,0.276,-0.024,4
0.159,0.257,-0.056,5
0.113,0.27,-0.072,5
0.118,0.269,-0.021,5
0.063,0.272,0.023,5
0.053,0.223,0.068,5
0.06,0.179,0.117,5
0.046,0.088,0.161,5
0.067,0.045,0.201,5
0.125,-0.032,0.28,5
0.142,-0.076,0.369,5
0.124,-0.155,0.478,5
0.107,-0.23,0.495,5
0.144,-0.297,0.549,5
0.103,-0.306,0.498,5
0.145,-0.319,0.543,5
0.147,-0.33,0.558,5
0.128,-0.314,0.536,5
0.137,-0.27,0.556,5
0.149,-0.23,0.492,4
0.108,-0.168,0.455,5
0.054,-0.091,0.393,5
0.032,0.008,0.366,5
-0.057,0.067,0.33,5
-0.12,0.117,0.348,5
-0.216,0.182,0.382,5
-0.306,0.216,0.486,5
-0.31,0.203,0.545,5
-0.387,0.2,0.573,5
-0.413,0.154,0.533,5
-0.427,0.104,0.436,5
-0.445,0.094,0.401,5
-0.418,0.076,0.382,5
-0.402,0.046,0.301,5
-0.292,0.05,0.275,5
-0.237,0.054,0.179,5
-0.14,0.027,0.001,5
0.028,0.037,-0.131,4
0.124,0.068,-0.183,5
0.224,0.108,-0.229,5
0.313,0.197,-0.198,5
0.342,0.224,-0.165,5
0.373,0.292,-0.11,5
0.379,0.349,-0.038,5
0.392,0.422,0.008,5
0.353,0.457,0.059,5
0.27,0.476,0.104,5
0.243,0.48,0.15,5
0.227,0.445,0.169,5
0.192,0.418,0.23,5
0.091,0.35,0.341,5
-0.086,0.315,0.509,5
-0.185,0.219,0.626,5
-0.278,0.055,0.706,5
-0.203,-0.122,0.777,5
-0.178,-0.351,0.717,5
-0.26,-0.601,0.679,4
-0.458,-0.773,0.439,5
-0.688,-0.812,-0.078,5
-0.89,-0.77,-0.954,5
-0.879,-0.581,-2.117,5
-0.601,-0.16,-3.232,5
-0.076,0.436,-4.042,5
0.957,1.009,-4.621,5
2.218,1.58,-5.141,5
3.199,2.293,-5.028,5
3.81,2.999,-4.266,5
4.062,3.845,-3.391,5
3.492,4.788,-2.246,5
2.294,5.498,-1.013,5
0.655,5.806,-0.313,5
-1.133,5.644,-0.105,5
-2.7,4.816,-0.055,5
-3.796,3.615,-0.119,5
-4.369,2.189,-0.508,5
-4.484,0.69,-0.901,4
-4.216,-0.692,-1.345,5
-3.571,-1.795,-1.486,5
-2.666,-2.594,-1.493,5
-1.684,-3.046,-1.391,5
-0.848,-3.206,-1.247,5
-0.065,-3.196,-1.088,5
0.721,-2.98,-0.794,5
1.23,-2.669,-0.594,5
1.525,-2.303,-0.53,5
1.55,-1.892,-0.343,5
1.425,-1.517,-0.287,5
1.2,-1.18,-0.181,5
1.041,-0.933,-0.128,5
0.89,-0.805,0.073,5
0.689,-0.655,0.13,5
0.456,-0.542,0.203,5
0.165,-0.497,0.368,5
-0.217,-0.477,0.491,5
-0.635,-0.455,0.541,4
-0.998,-0.431,0.504,5
-1.26,-0.457,0.406,5
-1.449,-0.411,0.4,5
-1.489,-0.374,0.42,5
-1.508,-0.307,0.438,5
-1.469,-0.254,0.468,5
-1.374,-0.233,0.499,5
-1.267,-0.201,0.479,5
-1.063,-0.138,0.496,5
-0.836,-0.146,0.48,5
-0.571,-0.157,0.467,5
-0.341,-0.111,0.442,5
-0.075,-0.121,0.428,5
0.247,-0.148,0.342,5
0.571,-0.159,0.286,5
0.785,-0.186,0.253,5
1.06,-0.176,0.202,5
1.213,-0.21,0.199,5
1.229,-0.219,0.17,4
1.292,-0.227,0.127,5
1.322,-0.235,0.115,5
1.271,-0.28,0.137,5
1.213,-0.334,0.141,5
1.066,-0.352,0.196,5
0.895,-0.399,0.211,5
0.693,-0.376,0.254,5
0.529,-0.412,0.345,5
0.265,-0.427,0.388,5
0.066,-0.401,0.328,5
-0.082,-0.417,0.398,5
-0.25,-0.461,0.432,5
-0.393,-0.467,0.414,5
-0.513,-0.446,0.369,5
-0.609,-0.427,0.345,5
-0.63,-0.436,0.306,5
-0.67,-0.457,0.279,5
-0.633,-0.416,0.277,5
-0.609,-0.361,0.314,4
-0.617,-0.269,0.317,5
-0.516,-0.169,0.264,5
-0.495,-0.079,0.16,5
-0.411,-0.002,0.148,5
-0.322,0.075,0.069,5
-0.225,0.136,-0.015,5
-0.112,0.162,-0.147,5
0.002,0.193,-0.193,5
0.122,0.204,-0.165,5
0.252,0.196,-0.127,5
0.339,0.116,-0.101,5
0.4,0.074,-0.035,5
0.42,0.011,0.019,5
0.477,-0.063,0.086,5
0.477,-0.121,0.155,5
0.489,-0.221,0.308,5
0.535,-0.319,0.367,5
0.572,-0.387,0.408,4
0.627,-0.43,0.475,5
0.62,-0.447,0.471,5
0.562,-0.402,0.458,5
0.575,-0.327,0.464,5
0.5,-0.29,0.37,5
0.467,-0.235,0.32,5
0.352,-0.134,0.266,5
0.252,-0.06,0.235,5
0.123,0.039,0.216,5
0.016,0.13,0.238,5
-0.079,0.156,0.231,5
-0.166,0.196,0.234,5
-0.262,0.254,0.21,5
-0.283,0.233,0.25,5
-0.276,0.201,0.229,5
-0.391,0.177,0.232,5
-0.352,0.142,0.247,5
-0.346,0.097,0.248,5
-0.415,0.014,0.232,4
-0.361,-0.051,0.261,5
-0.325,-0.123,0.321,5
-0.292,-0.188,0.327,5
-0.198,-0.264,0.368,5
-0.148,-0.298,0.417,5
-0.112,-0.294,0.457,5
-0.062,-0.26,0.463,5
0.017,-0.256,0.46,5
0.071,-0.239,0.44,5
0.107,-0.18,0.435,5
0.126,-0.18,0.387,5
0.131,-0.123,0.378,5
0.152,-0.098,0.353,5
0.141,-0.088,0.357,5
0.2,-0.07,0.386,5
0.219,-0.098,0.425,5
0.21,-0.109,0.46,5
0.189,-0.077,0.513,5
0.235,-0.091,0.539,4
0.211,-0.094,0.558,5
0.203,-0.098,0.554,5
0.2,-0.127,0.525,5
0.158,-0.157,0.528,5
0.086,-0.163,0.505,5
0.095,-0.177,0.442,5
0.085,-0.185,0.436,5
0.055,-0.192,0.393,5
0.032,-0.177,0.405,5
0.0,-0.116,0.36,5
-0.043,-0.036,0.359,5
-0.065,0.053,0.4,5
-0.114,0.121,0.39,5
-0.15,0.13,0.36,5
-0.165,0.169,0.332,5
-0.192,0.165,0.286,5
-0.138,0.135,0.301,5
-0.103,0.105,0.245,4
-0.049,0.129,0.233,5
-0.023,0.094,0.214,5
0.039,0.119,0.193,5
0.048,0.094,0.195,5
0.099,0.119,0.184,5
0.145,0.103,0.127,5
0.152,0.106,0.118,5
0.163,0.121,0.055,5
0.172,0.152,0.045,5
0.198,0.175,-0.023,5
0.208,0.197,-0.116,5
0.218,0.229,-0.19,5
0.183,0.253,-0.206,5
0.165,0.305,-0.172,5
0.109,0.313,-0.172,5
0.042,0.312,-0.263,5
0.004,0.281,-0.18,5
-0.026,0.249,-0.158,5
-0.075,0.219,-0.129,4
-0.111,0.15,-0.069,5
-0.151,0.087,0.058,5
-0.158,0.036,0.155,5
-0.232,-0.058,0.239,5
-0.239,-0.134,0.331,5
-0.224,-0.189,0.492,5
-0.176,-0.222,0.564,5
-0.158,-0.269,0.598,5
-0.146,-0.324,0.624,5
-0.015,-0.472,0.583,5
-0.053,-0.502,0.564,5
-0.017,-0.521,0.43,5
0.048,-0.564,0.391,5
0.134,-0.632,0.373,5
0.189,-0.711,0.293,5
0.265,-0.769,0.229,5
0.265,-0.783,0.154,5
0.303,-0.83,0.074,5
0.303,-0.863,0.097,4
0.272,-0.863,0.126,5
0.245,-0.785,0.165,5
0.315,-0.685,0.217,5
0.361,-0.612,0.29,5
0.368,-0.482,0.434,5
0.512,-0.416,0.584,5
0.745,-0.495,0.625,5
1.128,-0.687,0.627,5
1.558,-1.032,0.413,5
1.859,-1.455,0.075,5
1.625,-1.637,-0.475,5
0.51,-1.15,-1.906,5
-1.203,-0.203,-3.852,5
-3.169,0.92,-5.441,5
-5.368,2.353,-6.733,5
-7.4,3.967,-7.917,5
-8.022,5.242,-8.086,5
-7.862,6.584,-7.484,5
-6.774,7.718,-5.658,4
-4.411,8.187,-2.688,5
-1.652,8.153,-0.583,5
0.93,7.915,-0.219,5
3.087,6.624,0.151,5
4.847,4.479,-0.04,5
5.913,2.26,-1.057,5
6.365,0.288,-1.817,5
6.37,-1.252,-1.571,5
6.13,-2.528,-0.716,5
5.633,-3.456,-0.045,5
4.768,-3.95,0.678,5
3.248,-3.913,1.33,5
1.325,-3.608,1.593,5
-0.445,-3.152,1.8,5
-1.917,-2.665,1.926,5
-2.906,-2.17,1.673,5
-3.184,-1.737,1.062,5
-3.31,-1.141,0.434,4
-3.375,-0.419,0.296,5
-3.335,0.242,0.331,5
-3.019,0.791,0.367,5
-2.699,1.268,0.451,5
-2.236,1.525,0.5,5
-1.745,1.57,0.45,5
-1.213,1.405,0.31,5
-0.686,1.092,0.172,5
-0.105,0.677,0.034,5
0.366,0.251,-0.042,5
0.752,-0.118,-0.077,5
1.082,-0.464,-0.034,5
1.31,-0.667,-0.078,5
1.407,-0.799,-0.109,5
1.495,-0.995,-0.09,5
1.513,-1.054,-0.093,5
1.569,-1.083,-0.119,5
1.541,-1.108,-0.128,5
1.542,-1.092,-0.029,4
1.401,-1.013,0.05,5
1.282,-0.942,0.106,5
1.016,-0.826,0.211,5
0.72,-0.661,0.311,5
0.329,-0.543,0.392,5
-0.026,-0.42,0.452,5
-0.368,-0.288,0.518,5
-0.693,-0.254,0.626,5
-0.908,-0.216,0.701,5
-1.007,-0.216,0.657,5
-1.005,-0.25,0.652,5
-0.965,-0.286,0.711,5
-0.825,-0.343,0.696,5
-0.618,-0.352,0.661,5
-0.453,-0.373,0.578,5
-0.213,-0.383,0.537,5
0.087,-0.456,0.449,5
0.35,-0.523,0.365,5
0.483,-0.557,0.285,4
0.59,-0.591,0.205,5
0.626,-0.593,0.111,5
0.675,-0.611,0.053,5
0.672,-0.571,0.017,5
0.635,-0.493,0.037,5
0.597,-0.491,0.007,5
0.499,-0.424,0.015,5
0.367,-0.356,0.04,5
0.296,-0.346,0.053,5
0.154,-0.234,0.065,5
0.022,-0.189,0.024,5
-0.039,-0.136,0.107,5
-0.165,-0.07,0.183,5
-0.196,-0.085,0.139,5
-0.262,-0.085,0.185,5
-0.275,-0.124,0.192,5
-0.277,-0.176,0.255,5
-0.318,-0.206,0.281,5
-0.261,-0.284,0.262,4
-0.166,-0.376,0.266,5
-0.145,-0.425,0.252,5
-0.083,-0.503,0.257,5
-0.049,-0.556,0.309,5
-0.031,-0.574,0.308,5
0.032,-0.577,0.238,5
-0.001,-0.532,0.275,5
0.037,-0.474,0.308,5
0.025,-0.418,0.29,5
-0.02,-0.294,0.23,5
-0.039,-0.205,0.138,5
-0.087,-0.063,0.017,5
-0.13,0.058,-0.036,5
-0.134,0.13,0.014,5
-0.056,0.212,-0.016,5
-0.038,0.242,0.006,5
-0.004,0.252,-0.002,5
0.061,0.249,-0.002,5
0.145,0.198,0.045,4
0.143,0.088,0.139,5
0.202,0.001,0.19,5
0.229,-0.076,0.287,5
0.206,-0.167,0.345,5
0.25,-0.271,0.422,5
0.277,-0.395,0.462,5
0.266,-0.493,0.48,5
0.27,-0.547,0.527,5
0.277,-0.57,0.53,5
0.28,-0.556,0.52,5
0.299,-0.5,0.494,5
0.265,-0.429,0.522,5
0.29,-0.347,0.444,5
0.278,-0.256,0.344,5
0.298,-0.157,0.279,5
0.277,0.0,0.165,5
0.279,0.095,0.135,5
0.281,0.141,0.161,4
0.292,0.239,0.123,5
0.271,0.245,0.175,5
0.3,0.234,0.205,5
0.236,0.206,0.206,5
0.199,0.172,0.211,5
0.101,0.077,0.237,5
-0.011,0.027,0.278,5
-0.049,-0.001,0.328,5
-0.027,0.007,0.403,5
-0.028,-0.01,0.462,5
-0.043,-0.001,0.476,5
-0.094,0.024,0.458,5
-0.012,0.074,0.361,5
-0.058,0.118,0.312,5
-0.069,0.188,0.315,5
-0.041,0.204,0.249,5
-0.101,0.226,0.211,5
-0.134,0.247,0.181,5
-0.103,0.278,0.189,4
-0.11,0.259,0.17,5
-0.056,0.306,0.118,5
-0.055,0.323,0.089,5
-0.036,0.321,0.089,5
-0.015,0.336,0.179,5
-0.035,0.328,0.282,5
-0.032,0.347,0.392,5
-0.037,0.36,0.464,5
-0.094,0.332,0.513,5
-0.127,0.338,0.573,5
-0.128,0.291,0.559,5
-0.115,0.21,0.525,5
-0.185,0.193,0.511,5
-0.158,0.118,0.486,5
-0.146,0.106,0.454,5
-0.149,0.095,0.417,5
-0.138,0.038,0.328,5
-0.137,0.004,0.287,5
-0.162,0.013,0.297,4
-0.172,0.016,0.306,5
-0.15,0.023,0.323,5
-0.14,0.037,0.338,5
-0.113,0.025,0.33,5
-0.097,0.048,0.314,5
-0.083,0.091,0.321,5
-0.057,0.073,0.337,5
-0.069,0.023,0.329,5
-0.027,-0.026,0.309,5
-0.029,-0.092,0.321,5
0.029,-0.109,0.353,5
0.065,-0.201,0.452,5
0.071,-0.285,0.458,5
0.116,-0.381,0.477,5
0.117,-0.451,0.468,5
0.131,-0.574,0.468,5
0.135,-0.641,0.413,5
0.186,-0.736,0.462,5
0.194,-0.805,0.433,4
0.148,-0.884,0.325,5
0.133,-0.89,0.271,5
0.167,-0.9,0.171,5
0.181,-0.888,0.063,5
0.171,-0.885,-0.007,5
0.085,-0.848,0.001,5
0.085,-0.776,0.014,5
0.077,-0.725,0.051,5
0.039,-0.695,0.158,5
-0.025,-0.66,0.177,5
-0.095,-0.572,0.194,5
-0.189,-0.485,0.235,5
-0.312,-0.428,0.34,5
-0.453,-0.376,0.315,5
-0.576,-0.347,0.275,5
-0.665,-0.295,0.32,5
-0.68,-0.352,0.461,5
-0.78,-0.407,0.54,4
-1.034,-0.444,0.537,5
-1.258,-0.481,0.078,5
-1.339,-0.429,-0.846,5
-1.365,-0.063,-2.175,5
-0.914,0.533,-3.393,5
0.496,0.911,-4.527,5
2.398,1.156,-5.38,5
3.947,1.609,-5.825,5
5.453,1.982,-6.113,5
6.071,2.896,-6.001,5
6.14,3.852,-5.418,5
5.815,4.686,-4.17,5
4.389,5.722,-2.904,5
2.566,7.252,-2.579,5
0.069,7.6,-1.912,5
-2.407,7.064,-1.169,5
-4.377,5.935,-0.94,5
-5.878,4.631,-0.915,5
-6.691,3.116,-0.759,4
-6.664,1.615,-0.756,5
-6.002,0.217,-0.249,5
-5.113,-0.886,0.391,5
-4.201,-1.685,1.007,5
-3.328,-2.275,1.251,5
-2.53,-2.53,1.234,5
-1.82,-2.492,1.201,5
-1.181,-2.286,1.175,5
-0.421,-1.98,0.98,5
0.241,-1.618,0.727,5
0.816,-1.215,0.477,5
1.415,-0.783,0.115,5
1.95,-0.338,-0.27,5
2.272,0.018,-0.584,5
2.407,0.283,-0.758,5
2.403,0.492,-0.738,5
2.18,0.671,-0.634,5
1.949,0.733,-0.562,5
1.625,0.686,-0.398,4
1.273,0.548,-0.216,5
0.943,0.381,-0.069,5
0.607,0.097,0.044,5
0.305,-0.118,0.182,5
0.037,-0.343,0.358,5
-0.09,-0.559,0.503,5
-0.198,-0.701,0.672,5
-0.32,-0.778,0.885,5
-0.292,-0.889,0.965,5
-0.194,-0.969,0.967,5
-0.101,-1.027,0.987,5
-0.005,-1.092,0.966,5
0.085,-1.147,0.843,5
0.249,-1.183,0.763,5
0.405,-1.241,0.747,5
0.507,-1.388,0.694,5
0.594,-1.405,0.663,5
0.616,-1.432,0.636,5
0.585,-1.483,0.611,4
0.483,-1.477,0.627,5
0.374,-1.463,0.616,5
0.229,-1.42,0.589,5
0.081,-1.403,0.616,5
-0.055,-1.426,0.619,5
-0.222,-1.396,0.613,5
-0.368,-1.377,0.599,5
-0.546,-1.385,0.613,5
-0.66,-1.337,0.616,5
-0.732,-1.341,0.649,5
-0.753,-1.337,0.61,5
-0.786,-1.276,0.398,5
-0.798,-1.217,0.432,5
-0.782,-1.104,0.414,5
-0.756,-1.002,0.325,5
-0.719,-0.876,0.31,5
-0.673,-0.715,0.27,5
-0.541,-0.502,0.226,4
-0.47,-0.339,0.104,5
-0.298,-0.202,-0.026,5
-0.117,-0.091,-0.075,5
-0.006,0.025,-0.136,5
0.127,0.096,-0.162,5
0.239,0.116,-0.219,5
0.297,0.152,-0.192,5
0.367,0.167,-0.143,5
0.408,0.154,0.004,5
0.393,0.147,0.085,5
0.414,0.154,0.124,5
0.407,0.104,0.151,5
0.409,0.064,0.105,5
0.407,-0.011,0.108,5
0.409,-0.091,0.097,5
0.429,-0.147,0.053,5
0.45,-0.201,0.03,5
0.427,-0.22,0.01,5
0.38,-0.202,-0.003,4
0.324,-0.156,0.061,5
0.283,-0.127,0.124,5
0.289,-0.054,0.18,5
0.252,0.036,0.278,5
0.227,0.097,0.358,5
0.174,0.178,0.422,5
0.195,0.238,0.444,5
0.154,0.343,0.494,5
0.078,0.408,0.531,5
0.006,0.484,0.512,5
-0.084,0.521,0.47,5
-0.253,0.486,0.44,5
-0.408,0.494,0.379,5
-0.527,0.457,0.336,5
-0.616,0.39,0.273,5
-0.727,0.299,0.293,5
-0.74,0.192,0.199,5
-0.748,0.125,0.239,5
-0.717,0.065,0.332,4
-0.649,-0.014,0.359,5
-0.567,-0.099,0.37,5
-0.476,-0.162,0.415,5
-0.333,-0.189,0.455,5
-0.196,-0.226,0.483,5
-0.082,-0.169,0.478,5
-0.005,-0.113,0.486,5
0.064,-0.08,0.433,5
0.131,-0.033,0.359,5
0.225,0.025,0.276,5
0.319,0.061,0.205,5
0.356,0.103,0.15,5
0.368,0.166,0.139,5
0.365,0.183,0.113,5
0.402,0.256,0.084,5
0.362,0.303,0.149,5
0.351,0.303,0.143,5
0.316,0.363,0.154,5
0.272,0.4,0.173,5
0.249,0.407,0.22,4
0.159,0.444,0.263,5
0.156,0.395,0.301,5
0.162,0.351,0.314,5
0.111,0.252,0.36,5
0.048,0.179,0.415,5
0.044,0.109,0.477,5
0.009,0.0,0.532,5
-0.034,-0.064,0.578,5
-0.022,-0.114,0.598,5
-0.033,-0.193,0.547,5
-0.029,-0.26,0.531,5
-0.039,-0.311,0.456,5
-0.074,-0.353,0.445,5
-0.041,-0.353,0.474,5
0.018,-0.339,0.443,5
0.051,-0.352,0.498,5
0.085,-0.326,0.509,5
0.106,-0.297,0.484,4
0.065,-0.276,0.474,5
0.093,-0.257,0.405,5
0.088,-0.227,0.326,5
0.062,-0.183,0.28,5
0.052,-0.147,0.256,5
0.012,-0.072,0.192,5
-0.083,0.055,0.121,5
0.023,0.097,0.014,5
-0.051,0.199,0.013,5
-0.137,0.283,-0.096,5
-0.149,0.328,-0.064,5
-0.177,0.359,-0.092,5
-0.168,0.345,-0.1,5
-0.095,0.336,-0.021,5
-0.012,0.311,-0.015,5
0.035,0.263,0.059,5
0.109,0.219,0.169,5
0.172,0.141,0.273,4
0.189,0.045,0.341,5
0.2,-0.04,0.341,5
0.258,-0.122,0.371,5
0.219,-0.188,0.399,5
0.201,-0.272,0.411,5
0.168,-0.327,0.395,5
0.057,-0.372,0.373,5
-0.021,-0.421,0.362,5
-0.118,-0.448,0.312,5
-0.171,-0.446,0.225,5
-0.158,-0.505,0.116,5
-0.237,-0.54,-0.006,5
-0.291,-0.521,-0.04,5
-0.301,-0.533,0.023,5
-0.283,-0.575,0.077,5
-0.259,-0.595,0.129,5
-0.259,-0.583,0.285,5
-0.281,-0.554,0.368,5
-0.304,-0.585,0.439,4
-0.282,-0.561,0.468,5
-0.319,-0.548,0.404,5
-0.373,-0.571,0.42,5
-0.405,-0.591,0.408,5
-0.343,-0.579,0.423,5
-0.313,-0.603,0.329,5
-0.303,-0.642,0.21,5
-0.195,-0.651,0.111,5
-0.063,-0.702,-0.02,5
0.071,-0.74,-0.082,5
0.163,-0.752,-0.199,5
0.293,-0.823,-0.261,5
0.436,-0.857,-0.355,5
0.569,-0.888,-0.458,5
0.646,-0.92,-0.291,5
0.702,-0.944,-0.098,5
0.886,-1.065,0.083,5
1.138,-1.174,0.29,5
1.455,-1.341,0.576,4
1.831,-1.556,0.669,5
2.143,-1.797,0.249,5
2.067,-1.888,-0.387,5
1.291,-1.639,-1.288,5
-0.294,-1.165,-3.353,5
-2.221,-0.277,-6.258,5
-4.455,1.176,-8.313,5
-6.535,3.097,-8.693,5
-7.722,5.257,-7.819,5
-7.656,7.467,-6.714,5
-6.472,9.479,-5.189,5
-3.67,10.574,-2.886,5
-0.282,10.887,-1.029,5
3.714,10.716,-0.266,5
6.786,9.618,0.152,5
8.275,7.825,-0.423,5
8.585,5.616,-1.622,5
8.145,3.162,-2.783,5
7.274,0.652,-2.685,4
5.836,-1.437,-1.792,5
3.886,-2.897,-0.376,5
1.959,-3.853,1.122,5
0.276,-4.497,2.277,5
-0.97,-4.827,2.803,5
-1.972,-4.857,3.204,5
-2.71,-4.708,3.306,5
-3.129,-4.504,2.915,5
-3.505,-4.2,2.291,5
-3.948,-3.78,1.437,5
-4.165,-3.286,0.703,5
-4.287,-2.664,0.021,5
-4.224,-1.743,-0.39,5
-3.677,-0.771,-0.558,5
-2.585,0.029,-0.618,5
-1.245,0.72,-0.78,5
-0.112,1.381,-0.909,5
0.812,1.954,-1.008,4
1.519,2.422,-1.153,5
1.941,2.654,-1.343,5
2.169,2.686,-1.416,5
2.189,2.581,-1.274,5
2.151,2.241,-1.091,5
1.906,1.745,-0.779,5
1.594,1.131,-0.442,5
1.258,0.393,-0.17,5
0.921,-0.257,0.23,5
0.407,-0.77,0.737,5
-0.055,-1.18,1.008,5
-0.464,-1.497,1.183,5
-0.883,-1.684,1.284,5
-1.174,-1.778,1.268,5
-1.319,-1.76,1.21,5
-1.403,-1.657,1.098,5
-1.361,-1.526,1.005,5
-1.199,-1.343,0.874,5
-0.963,-1.122,0.679,4
-0.681,-0.894,0.469,5
-0.277,-0.692,0.344,5
0.095,-0.511,0.284,5
0.451,-0.352,0.234,5
0.691,-0.244,0.18,5
0.863,-0.185,0.136,5
0.992,-0.106,0.045,5
1.095,-0.043,-0.036,5
1.059,0.012,-0.11,5
0.97,-0.014,-0.146,5
0.834,0.021,-0.188,5
0.635,0.053,-0.169,5
0.446,0.108,-0.104,5
0.229,0.101,-0.034,5
0.077,0.117,0.008,5
-0.051,0.075,0.011,5
-0.097,0.085,0.096,5
-0.148,0.059,0.164,5
-0.176,0.014,0.255,4
-0.141,-0.042,0.264,5
-0.101,-0.081,0.324,5
-0.022,-0.194,0.425,5
0.061,-0.247,0.503,5
0.102,-0.339,0.539,5
0.17,-0.391,0.554,5
0.183,-0.46,0.585,5
0.212,-0.474,0.612,5
0.208,-0.478,0.599,5
0.196,-0.534,0.599,5
0.18,-0.524,0.565,5
0.218,-0.557,0.508,5
0.214,-0.579,0.436,5
0.188,-0.543,0.397,5
0.173,-0.51,0.361,5
0.143,-0.498,0.351,5
0.094,-0.448,0.32,5
0.085,-0.403,0.284,5
0.033,-0.367,0.238,4
-0.064,-0.274,0.218,5
-0.165,-0.212,0.188,5
-0.2,-0.174,0.16,5
-0.284,-0.07,0.144,5
-0.307,-0.003,0.139,5
-0.319,0.057,0.142,5
-0.348,0.112,0.054,5
-0.291,0.174,0.045,5
-0.279,0.16,0.014,5
-0.23,0.175,0.064,5
-0.138,0.187,0.079,5
-0.154,0.16,0.119,5
-0.13,0.165,0.154,5
-0.143,0.149,0.156,5
-0.133,0.147,0.158,5
-0.051,0.102,0.146,5
-0.033,0.087,0.188,5
0.0,0.091,0.117,5
0.043,0.108,0.101,4
0.099,0.097,0.151,5
0.115,0.096,0.166,5
0.116,0.168,0.149,5
0.122,0.199,0.143,5
0.097,0.218,0.137,5
0.061,0.209,0.128,5
0.042,0.214,0.085,5
0.021,0.214,0.068,5
-0.05,0.21,0.108,5
-0.066,0.154,0.05,5
-0.012,0.126,0.023,5
0.036,0.105,0.051,5
0.097,0.047,0.089,5
0.13,0.038,0.102,5
0.169,0.021,0.074,5
0.229,-0.006,0.08,5
0.301,-0.018,0.067,5
0.344,-0.038,0.065,4
0.349,-0.047,0.08,5
0.357,-0.085,0.111,5
0.373,-0.068,0.125,5
0.379,-0.079,0.16,5
0.319,-0.092,0.192,5
0.244,-0.053,0.185,5
0.159,-0.078,0.175,5
0.04,-0.074,0.089,5
-0.006,-0.062,0.02,5
-0.053,-0.069,-0.046,5
-0.121,-0.097,-0.141,5
-0.182,-0.07,-0.144,5
-0.19,-0.045,-0.125,5
-0.231,-0.054,-0.143,5
-0.247,-0.027,-0.133,5
-0.291,0.014,-0.098,5
-0.279,0.03,-0.084,5
-0.29,0.07,-0.058,5
-0.287,0.101,-0.022,4
-0.258,0.16,0.018,5
-0.215,0.192,0.025,5
-0.189,0.224,-0.003,5
-0.179,0.21,-0.015,5
-0.131,0.219,0.016,5
-0.092,0.228,0.048,5
-0.035,0.157,0.013,5
0.024,0.142,0.042,5
0.094,0.11,0.081,5
0.145,0.077,0.06,5
0.208,0.022,0.054,5
0.265,0.02,0.044,5
0.316,-0.028,0.066,5
0.34,-0.069,0.05,5
0.298,-0.101,0.11,5
0.307,-0.099,0.069,5
0.302,-0.102,0.075,5
0.315,-0.109,0.149,4
0.227,-0.089,0.203,5
0.217,-0.076,0.153,5
0.165,-0.094,0.142,5
0.093,-0.076,0.157,5
0.053,-0.034,0.18,5
-0.042,-0.056,0.162,5
-0.098,-0.025,0.137,5
-0.114,-0.018,0.145,5
-0.15,-0.038,0.148,5
-0.161,-0.038,0.189,5
-0.17,-0.047,0.222,5
-0.201,-0.047,0.238,5
-0.168,-0.059,0.193,5
-0.129,-0.053,0.182,5
-0.134,-0.048,0.181,5
-0.124,-0.03,0.129,5
-0.077,-0.036,0.141,5
-0.091,-0.028,0.067,5
-0.091,-0.025,0.069,5
-0.06,-0.035,0.058,4
-0.067,-0.015,0.052,5
-0.069,-0.039,0.051,5
-0.066,-0.031,0.016,5
-0.094,-0.049,-0.015,5
-0.119,-0.031,0.016,5
-0.094,-0.015,-0.02,5
-0.106,-0.031,-0.078,5
-0.087,-0.023,-0.074,5
-0.1,0.013,-0.084,5
-0.081,0.046,-0.106,5
-0.047,0.076,-0.138,5
-0.029,0.089,-0.146,5
-0.005,0.124,-0.153,5
0.025,0.137,-0.069,5
0.044,0.171,-0.057,5
0.031,0.184,0.003,5
0.062,0.174,-0.022,5
0.086,0.135,-0.007,4
0.056,0.113,0.019,5
0.111,0.054,0.017,5
0.13,0.044,0.067,5
0.121,0.001,0.065,5
0.092,-0.041,0.075,5
0.125,-0.097,0.094,5
0.143,-0.148,0.037,5
0.15,-0.15,-0.026,5
0.144,-0.157,-0.019,5
0.112,-0.176,-0.039,5
0.109,-0.179,-0.074,5
0.064,-0.14,-0.053,5
0.07,-0.126,-0.057,5
0.059,-0.122,-0.051,5
0.001,-0.067,-0.024,5
0.001,-0.03,-0.009,5
-0.037,-0.027,0.017,5
-0.033,0.001,-0.04,4
-0.077,0.009,-0.036,5
-0.164,0.026,-0.015,5
-0.161,0.027,-0.018,5
-0.192,0.085,0.009,5
-0.203,0.094,0.034,5
-0.213,0.071,0.065,5
-0.222,0.068,0.007,5
-0.204,0.07,0.023,5
-0.192,0.067,0.012,5
-0.233,0.061,-0.001,5
-0.248,0.085,0.015,5
-0.18,0.08,0.053,5
-0.188,0.098,0.026,5
-0.148,0.071,-0.015,5
-0.073,0.021,-0.026,5
-0.091,0.049,-0.036,5
-0.047,0.04,-0.11,5
0.073,-0.002,-0.103,5
0.074,-0.015,-0.067,4
0.131,-0.022,-0.095,5
0.187,-0.063,-0.051,5
0.164,-0.065,-0.033,5
0.173,-0.046,-0.051,5
0.173,-0.063,-0.067,5
0.143,-0.091,-0.087,5
0.107,-0.082,-0.043,5
0.083,-0.095,-0.065,5
0.04,-0.077,-0.084,5
-0.01,-0.082,-0.033,5
-0.052,-0.091,0.03,5
-0.077,-0.09,0.057,5
-0.078,-0.064,0.077,5
-0.074,-0.088,0.095,5
-0.063,-0.036,0.099,5
-0.078,-0.045,0.041,5
-0.053,-0.041,-0.031,5
-0.047,-0.032,-0.019,5
-0.051,-0.025,0.016,5
-0.063,0.011,0.053,4
-0.061,0.04,0.139,5
-0.072,0.023,0.189,5
-0.056,0.025,0.239,5
-0.094,0.053,0.211,5
-0.08,0.06,0.173,5
-0.038,0.059,0.108,5
-0.068,0.066,0.015,5
-0.035,0.05,-0.089,5
-0.036,0.037,-0.123,5
-0.015,0.059,-0.171,5
-0.048,0.049,-0.141,5
-0.039,0.07,-0.105,5
-0.057,0.041,-0.108,5
-0.06,0.076,-0.071,5
-0.084,0.081,0.009,5
-0.067,0.107,0.072,5
-0.086,0.144,0.043,5
-0.09,0.147,0.043,4
-0.025,0.141,0.039,5
0.007,0.127,0.026,5
0.006,0.105,0.024,5
0.066,0.064,0.03,5
0.089,0.084,0.014,5
0.149,0.05,0.021,5
0.117,0.014,0.023,5
0.118,-0.008,-0.008,5
0.106,-0.063,-0.007,5
0.117,-0.087,-0.007,5
0.123,-0.078,0.041,5
0.136,-0.135,0.019,5
0.123,-0.108,0.022,5
0.089,-0.097,0.015,5
0.08,-0.118,0.065,5
0.059,-0.119,0.063,5
0.018,-0.094,0.087,5
-0.008,-0.05,0.078,5
-0.012,-0.036,0.096,4
-0.049,-0.003,0.091,5
-0.062,0.036,0.06,5
-0.047,0.066,0.011,5
0.013,0.038,-0.011,5
0.029,0.004,-0.061,5
0.095,-0.082,-0.133,5
0.146,-0.147,-0.081,5
0.092,-0.076,0.077,5
0.066,-0.051,0.057,5
0.094,0.001,0.12,5
0.032,0.061,0.112,5
0.0,0.072,0.019,5
-0.026,0.069,-0.029,5
-0.006,0.04,-0.16,5
0.101,0.028,-0.122,5
0.035,0.059,-0.071,5
0.014,0.036,-0.004,5
-0.046,0.033,0.09,4
-0.012,-0.017,0.133,5
-0.032,-0.02,0.094,5
-0.042,0.003,0.106,5
-0.016,-0.035,0.087,5
-0.04,-0.01,0.022,5
-0.066,0.046,-0.018,5
-0.064,0.037,-0.021,5
-0.044,0.029,-0.027,5
0.032,0.048,-0.033,5
-0.013,0.069,-0.004,5
-0.042,0.066,0.039,5
-0.029,0.064,0.052,5
-0.03,0.031,0.086,5
0.006,-0.005,0.051,5
0.096,0.003,-0.009,5
0.099,0.011,0.077,5
0.038,-0.011,0.056,5
0.021,-0.061,0.016,5
0.036,-0.046,-0.015,4
-0.01,-0.05,-0.022,5
-0.022,-0.071,-0.028,5
-0.015,-0.06,0.0,5
-0.065,-0.075,0.0,5
-0.08,-0.102,0.017,5
-0.085,-0.083,0.011,5
-0.102,-0.079,0.018,5
-0.079,-0.05,0.064,5
-0.063,-0.032,0.04,5
-0.056,0.001,-0.002,5
-0.012,0.014,-0.019,5
-0.024,0.051,-0.025,5
-0.025,0.024,0.028,5
-0.006,0.022,0.06,5
0.016,0.002,0.006,5
0.018,0.024,0.049,5
0.025,-0.004,0.078,5
0.022,0.0,0.113,5
0.02,-0.042,0.141,4
0.022,-0.064,0.144,5
0.016,-0.079,0.155,5
0.01,-0.097,0.127,5
-0.007,-0.083,0.127,5
-0.028,-0.092,0.149,5
-0.051,-0.082,0.125,5
-0.016,-0.087,0.095,5
-0.044,-0.04,0.069,5
-0.044,-0.036,0.019,5
-0.027,-0.015,0.0,5
-0.024,-0.013,0.025,5
-0.022,-0.025,0.061,5
-0.075,-0.014,-0.017,5
-0.055,-0.012,0.001,5
-0.062,-0.011,0.031,5
-0.073,0.011,-0.006,5
-0.092,0.023,-0.027,5
-0.048,0.05,0.035,5
-0.043,0.024,0.01,4
-0.039,0.021,-0.059,5
-0.035,0.006,-0.092,5
-0.044,-0.019,-0.1,5
-0.023,-0.017,-0.18,5
0.0,-0.05,-0.192,5
0.017,-0.006,-0.151,5
0.054,-0.049,-0.153,5
0.075,-0.035,-0.078,5
0.067,-0.036,-0.014,5
0.095,-0.058,-0.077,5
0.107,-0.065,-0.065,5
0.088,-0.059,-0.093,5
0.126,-0.074,-0.135,5
0.139,-0.075,-0.173,5
0.181,-0.098,-0.432,5
0.146,-0.006,-0.604,5
-0.018,0.067,-0.014,5
-0.012,0.064,0.379,4
0.01,0.066,0.453,5
-0.025,0.094,0.507,5
-0.048,0.111,0.542,5
-0.061,0.173,0.298,5
-0.016,0.22,0.122,5
0.041,0.215,-0.023,5
0.089,0.258,-0.098,5
0.14,0.306,-0.149,5
0.117,0.344,-0.254,5
0.123,0.374,-0.281,5
0.132,0.307,-0.158,5
0.063,0.267,-0.107,5
-0.05,0.189,-0.049,5
-0.127,0.196,0.024,5
-0.179,0.146,0.138,5
-0.247,0.058,0.288,5
-0.244,0.013,0.285,5
-0.211,-0.078,0.291,5
-0.207,-0.087,0.236,5
-0.126,-0.065,0.022,4
-0.105,-0.046,-0.018,5
0.017,-0.093,-0.076,5
0.188,-0.247,-0.478,5
0.199,-0.335,-0.383,5
0.149,-0.344,-0.116,5
0.121,-0.34,0.02,5
0.109,-0.332,0.1,5
0.085,-0.316,0.081,5
0.085,-0.271,0.081,5
0.055,-0.179,0.095,5
0.062,-0.114,0.051,5
0.043,-0.051,0.041,5
0.034,0.009,-0.009,5
0.035,0.064,-0.004,5
-0.015,0.135,0.013,5
-0.056,0.182,0.024,5
0.013,0.203,0.022,5
0.025,0.204,0.024,5
-0.016,0.214,0.013,4
-0.027,0.158,-0.039,5
-0.033,0.107,-0.005,5
-0.017,0.054,0.016,5
0.053,0.009,0.019,5
0.022,-0.051,-0.004,5
0.024,-0.076,0.0,5
0.056,-0.107,0.017,5
0.115,-0.105,0.02,5
0.09,-0.129,-0.003,5
0.086,-0.081,0.009,5
0.051,-0.082,-0.008,5
0.046,-0.095,0.014,5
0.05,-0.086,0.016,5
0.036,-0.068,0.01,5
0.024,-0.053,0.005,5
0.0,-0.013,0.0,5
-0.068,0.009,0.022,5
-0.07,0.021,0.024,4
-0.08,0.032,0.013,5
-0.119,0.041,-0.022,5
-0.09,0.037,-0.02,5
-0.146,0.025,-0.031,5
-0.148,0.018,-0.002,5
-0.146,0.042,0.015,5
-0.11,0.012,0.018,5
-0.116,-0.019,0.037,5
-0.139,0.017,0.046,5
-0.095,0.05,0.072,5
-0.077,0.036,0.034,5
-0.069,0.028,0.065,5
-0.002,0.004,0.024,5
0.023,0.025,0.035,5
0.047,-0.02,0.001,5
0.038,-0.035,-0.011,5
0.055,-0.04,-0.044,5
0.071,-0.079,0.037,5
0.077,-0.08,0.072,4
0.052,-0.05,0.069,5
0.03,-0.049,0.088,5
0.057,-0.053,0.118,5
-0.008,-0.031,0.08,5
-0.042,-0.006,0.063,5
-0.059,0.015,0.096,5
-0.105,0.04,0.065,5
-0.12,0.07,0.08,5
-0.069,0.05,0.067,5
-0.071,0.036,0.056,5
-0.072,0.05,0.016,5
-0.005,0.019,0.027,5
0.038,0.013,0.012,5
0.064,-0.026,0.019,5
0.105,-0.028,0.013,5
0.116,-0.051,-0.018,5
0.1,-0.05,-0.007,5
0.12,-0.024,-0.054,5
0.112,-0.025,-0.01,4
0.088,-0.01,-0.017,5
0.075,0.007,-0.02,5
0.059,0.028,-0.074,5
0.109,0.043,-0.062,5
0.064,0.055,-0.073,5
-0.002,0.093,-0.066,5
0.019,0.075,-0.029,5
0.06,0.076,-0.026,5
0.041,0.051,-0.066,5
0.024,0.037,-0.055,5
0.039,0.008,0.001,5
0.043,-0.005,-0.003,5
0.073,-0.013,0.005,5
0.053,0.022,-0.011,5
-0.007,-0.005,0.015,5
-0.067,0.003,0.017,5
-0.069,0.041,0.003,5
-0.105,0.059,-0.048,5
-0.107,0.074,-0.074,4
-0.097,0.093,-0.118,5
-0.134,0.092,-0.085,5
-0.16,0.057,0.001,5
-0.148,0.004,0.061,5
-0.129,-0.009,0.098,5
-0.103,-0.042,0.114,5
-0.075,-0.094,0.219,5
-0.072,-0.102,0.266,5
-0.056,-0.079,0.196,5
-0.072,-0.066,0.142,5
-0.056,-0.055,0.123,5
-0.02,-0.045,0.145,5
-0.01,-0.019,0.221,5
-0.043,-0.026,0.216,5
-0.06,-0.023,0.208,5
-0.067,-0.008,0.204,5
-0.017,0.0,0.175,5
0.009,0.026,0.088,4
0.043,0.032,-0.019,5
0.086,0.003,-0.099,5
0.12,-0.022,-0.188,5
0.138,0.005,-0.294,5
0.155,0.039,-0.377,5
0.122,0.056,-0.339,5
0.114,0.046,-0.318,5
0.103,0.025,-0.239,5
0.075,0.005,-0.172,5
0.059,0.039,-0.103,5
-0.006,0.056,-0.066,5
-0.027,0.029,-0.055,5
-0.063,0.022,0.027,5
-0.087,0.007,0.041,5
-0.061,0.019,0.037,5
-0.051,-0.008,0.102,5
-0.05,-0.046,0.079,5
-0.036,-0.058,0.041,5
-0.02,-0.078,-0.018,4
-0.009,-0.066,-0.072,5
0.0,-0.051,-0.009,5
-0.051,-0.037,0.0,5
-0.016,-0.016,0.034,5
-0.027,0.01,0.018,5
0.013,0.048,-0.039,5
0.021,0.052,-0.031,5
0.001,0.042,-0.006,5
0.07,0.047,0.015,5
0.067,0.046,-0.016,5
0.048,0.054,-0.023,5
0.069,0.053,-0.025,5
0.096,0.069,0.011,5
0.061,0.041,0.062,5
0.059,0.054,0.0,5
0.053,0.049,0.038,5
0.026,0.018,0.069,5
0.049,0.02,0.019,5
0.04,0.023,0.069,4
0.01,-0.013,0.135,5
0.0,-0.003,0.078,5
0.013,0.005,0.066,5
-0.03,0.004,0.038,5
-0.019,0.008,0.082,5
-0.064,-0.013,0.121,5
-0.045,-0.025,0.109,5
-0.057,-0.022,0.093,5
-0.082,-0.037,0.062,5
-0.052,-0.042,0.095,5
-0.098,-0.038,0.128,5
-0.041,-0.021,0.111,5
-0.063,-0.04,0.057,5
-0.082,-0.067,0.06,5
-0.044,-0.077,-0.006,5
-0.001,-0.043,-0.078,5
0.003,-0.056,-0.118,5
0.058,-0.064,-0.11,5
0.096,-0.031,-0.116,4
0.073,-0.063,-0.156,5
0.096,-0.048,-0.149,5
0.078,-0.06,-0.065,5
0.078,-0.037,-0.102,5
0.01,-0.012,-0.087,5
-0.003,0.01,-0.035,5
-0.024,0.009,-0.088,5
-0.056,0.025,-0.105,5
-0.05,0.031,-0.086,5
-0.058,0.045,-0.094,5
-0.031,0.05,-0.085,5
-0.041,-0.011,-0.055,5
-0.028,-0.027,-0.058,5
0.013,-0.015,-0.009,5
0.05,-0.044,0.013,5
0.037,-0.048,0.011,5
0.05,-0.078,0.066,5
0.067,-0.087,0.047,5
0.047,-0.1,0.042,4
0.051,-0.081,0.063,5
0.02,-0.077,0.083,5
-0.033,-0.074,0.07,5
-0.06,-0.079,0.05,5
-0.062,-0.076,-0.001,5
-0.06,-0.047,-0.018,5
-0.08,-0.012,-0.012,5
-0.094,-0.028,-0.024,5
-0.114,0.0,-0.047,5
-0.043,0.039,-0.06,5
-0.017,0.061,-0.023,5
-0.011,0.059,0.004,5
0.007,0.096,0.046,5
0.01,0.104,0.063,5
-0.007,0.102,0.048,5
-0.002,0.087,0.082,5
0.006,0.1,0.121,5
-0.011,0.086,0.144,4
-0.001,0.077,0.146,5
-0.005,0.074,0.132,5
0.024,0.053,0.088,5
0.043,0.022,0.114,5
0.03,0.015,0.141,5
0.019,0.001,0.118,5
0.043,0.001,0.055,5
0.0,0.001,0.011,5
-0.025,0.018,0.005,5
-0.027,0.012,-0.059,5
-0.042,0.01,-0.027,5
-0.089,0.027,-0.007,5
-0.076,0.037,0.005,5
-0.042,0.059,0.044,5
-0.042,0.075,-0.059,5
-0.068,0.041,-0.074,5
-0.07,0.071,-0.071,5
-0.072,0.069,-0.112,5
-0.038,0.066,-0.07,4
-0.035,0.046,-0.016,5
0.02,-0.005,0.045,5
0.087,-0.064,0.11,5
0.13,-0.105,0.099,5
0.155,-0.121,0.046,5
0.183,-0.143,-0.027,5
0.182,-0.193,-0.067,5
0.176,-0.174,-0.125,5
0.189,-0.139,-0.121,5
0.192,-0.112,-0.049,5
0.168,-0.097,0.02,5
0.134,-0.087,0.052,5
0.069,-0.052,0.025,5
0.066,-0.03,0.057,5
0.064,0.002,0.056,5
0.057,0.041,-0.005,5
0.052,0.045,-0.082,5
0.077,0.058,-0.216,5
0.082,0.095,-0.242,4
0.043,0.129,-0.295,5
0.009,0.094,-0.248,5
-0.013,0.089,-0.189,5
-0.093,0.11,-0.239,5
-0.148,0.095,-0.189,5
-0.19,0.064,0.019,5
-0.179,0.062,0.086,5
-0.127,0.021,0.081,5
-0.144,-0.015,0.008,5
-0.143,-0.069,-0.099,5
-0.18,-0.062,-0.063,5
-0.166,-0.047,0.076,5
-0.098,-0.034,0.193,5
-0.088,-0.039,0.273,5
-0.019,-0.065,0.189,5
-0.008,-0.072,0.14,5
-0.042,-0.069,0.07,5
0.0,-0.045,0.059,5
0.035,-0.044,0.092,4
0.014,-0.001,0.091,5
0.055,0.11,0.047,5
0.071,0.164,0.017,5
0.043,0.199,-0.122,5
0.086,0.265,-0.174,5
0.09,0.325,-0.118,5
0.09,0.331,-0.037,5
0.089,0.281,-0.021,5
0.106,0.205,0.093,5
0.083,0.137,0.165,5
0.044,0.037,0.162,5
-0.015,-0.056,0.201,5
-0.152,-0.089,0.242,5
-0.3,-0.132,0.196,5
-0.287,-0.136,0.142,5
-0.241,-0.148,0.153,5
-0.196,-0.15,0.181,5
-0.198,-0.183,0.098,5
-0.251,-0.212,-0.074,4
-0.187,-0.216,-0.498,5
-0.022,-0.117,-0.694,5
0.01,0.031,-0.426,5
0.043,0.127,-0.129,5
0.095,0.14,-0.047,5
0.094,0.165,-0.034,5
0.093,0.14,-0.039,5
0.101,0.109,-0.018,5
0.095,0.05,-0.02,5
0.133,0.032,0.054,5
0.098,-0.022,0.01,5
0.067,-0.024,0.052,5
0.017,-0.047,0.06,5
0.002,-0.077,0.071,5
-0.01,-0.078,0.059,5
-0.026,-0.074,0.088,5
-0.032,-0.093,0.131,5
-0.038,-0.096,0.122,5
-0.034,-0.082,0.131,4
-0.004,-0.091,0.096,5
0.008,-0.073,0.035,5
0.02,-0.07,-0.028,5
0.035,-0.063,-0.016,5
0.006,-0.061,-0.075,5
0.014,-0.046,-0.072,5
0.09,-0.007,-0.073,5
0.085,-0.037,-0.105,5
0.051,-0.003,-0.129,5
0.102,0.014,-0.12,5
0.109,0.043,-0.069,5
0.085,0.017,-0.071,5
0.098,-0.01,-0.102,5
0.075,0.025,-0.066,5
0.076,-0.016,-0.047,5
0.099,-0.023,-0.081,5
0.072,-0.051,-0.094,5
0.021,-0.067,-0.098,5
0.028,-0.082,-0.066,4
0.0,-0.074,-0.029,5
0.012,-0.049,-0.013,5
0.006,-0.07,0.034,5
-0.045,-0.041,0.07,5
-0.01,-0.05,0.045,5
0.003,-0.028,0.075,5
0.028,0.022,0.111,5
0.025,0.011,0.082,5
0.014,0.023,0.1,5
0.03,0.025,0.129,5
0.014,0.056,0.12,5
0.013,0.059,0.099,5
-0.001,0.071,0.033,5
-0.014,0.076,0.026,5
-0.051,0.082,0.045,5
-0.024,0.078,0.001,5
-0.039,0.053,0.001,5
-0.001,0.056,-0.02,5

# Completed @Tue May 05 21:17:32 GMT+08:00 2020
