# Accelerometer Data File
# Started @Tue May 05 21:19:49 GMT+08:00 2020
#
#
# sensor Vendor: BOSCH
# sensor Name: BMI160 Accelerometer
# sensor Resolution: 0.0023956299m/sec^2; Max Range: 156.9064; Min Delay: 5000 microseconds
# The sensor's attributes are the result hardware and the Android capabilities.
# It means that the Android may not utilize all features provided by the hardware.
#
# Some devices and Android versions save battery too much so the device may go to sleep.
# It just happens after couple of minutes from turning off the scree and it is easy to find it out.
#
# The following file provides the data from accelerometer in the m/s^2 format.
# The diff value is just a time delta between the samples
#
#
# data format:
# so we have 4 columns with values separated by the ","
# X,Y,Z,time_from_previous_sample(ms)

# sensor speed set to:FASTEST
# units set to: m/sec^2
# gravity  filtered out
# Accuracy: HIGH
-0.222,8.577,-0.162,0
-0.2,7.693,-0.129,4
-0.158,6.958,-0.124,5
-0.194,6.254,-0.129,5
-0.162,5.663,-0.095,5
-0.184,5.127,-0.111,5
-0.183,4.631,-0.091,5
-0.19,4.202,-0.065,5
-0.24,3.791,-0.037,5
-0.229,3.386,-0.007,5
-0.215,3.043,0.006,5
-0.198,2.743,0.044,5
-0.161,2.46,0.074,5
-0.123,2.201,0.109,5
-0.024,1.951,0.086,5
-0.005,1.695,-0.004,5
-0.021,1.547,0.004,5
0.014,1.349,-0.038,5
0.086,1.227,-0.069,4
0.082,1.074,-0.105,5
0.078,0.932,-0.12,5
0.061,0.83,-0.035,5
0.055,0.73,-0.001,5
0.024,0.661,0.045,5
0.021,0.539,0.084,5
0.002,0.481,0.101,5
-0.036,0.441,0.1,5
-0.084,0.401,0.051,5
-0.136,0.37,-0.009,5
-0.153,0.329,-0.073,5
-0.137,0.3,-0.122,5
-0.128,0.309,-0.14,5
-0.093,0.342,-0.151,5
-0.106,0.321,-0.123,5
-0.104,0.336,-0.089,5
-0.054,0.346,0.022,4
-0.001,0.35,-0.001,5
0.049,0.336,-0.048,5
0.019,0.359,-0.043,5
0.047,0.375,-0.004,5
0.064,0.346,-0.034,5
0.057,0.358,-0.048,5
0.047,0.34,-0.004,5
0.038,0.276,0.004,5
0.043,0.287,0.016,5
0.039,0.241,-0.019,5
0.022,0.204,-0.034,5
0.032,0.201,-0.044,5
-0.004,0.129,-0.026,5
0.008,0.103,-0.002,5
-0.039,0.067,-0.032,5
-0.057,0.056,-0.02,5
-0.051,0.02,0.007,4
-0.067,0.018,0.049,5
-0.056,0.063,-0.019,5
-0.033,0.023,0.016,5
-0.03,0.033,-0.015,5
-0.036,0.043,0.007,5
0.006,0.03,0.019,5
0.014,0.031,-0.02,5
0.068,0.024,0.007,5
0.057,-0.004,0.015,5
0.064,-0.029,-0.076,5
0.11,-0.082,-0.095,5
0.12,-0.065,-0.133,5
0.078,-0.072,-0.124,5
0.074,-0.09,-0.111,5
0.067,-0.086,-0.087,5
0.056,-0.098,-0.04,5
0.029,-0.084,-0.031,4
0.0,-0.08,0.001,5
-0.038,-0.085,0.014,5
-0.099,-0.051,0.094,5
-0.132,-0.05,0.059,5
-0.149,-0.058,0.088,5
-0.134,-0.039,0.1,5
-0.095,-0.057,0.047,5
-0.111,-0.055,0.016,5
-0.091,-0.032,0.028,5
-0.065,-0.025,-0.022,5
-0.032,-0.035,0.044,5
0.0,-0.044,-0.011,5
0.065,-0.062,-0.04,5
0.071,-0.038,-0.023,5
0.073,-0.021,0.017,5
0.078,-0.036,-0.031,5
0.113,-0.028,-0.054,4
0.076,-0.021,-0.018,5
0.112,-0.019,-0.021,5
0.105,0.016,-0.087,5
0.09,0.032,-0.061,5
0.012,0.042,-0.042,5
-0.006,0.003,0.004,5
-0.027,0.033,0.004,5
-0.024,0.034,-0.03,5
-0.065,0.03,0.006,5
-0.14,0.032,-0.032,5
-0.16,0.046,0.035,5
-0.118,0.037,0.014,5
-0.163,0.072,-0.004,5
-0.138,0.056,0.013,5
-0.098,0.076,0.007,5
-0.079,0.086,0.032,5
-0.093,0.051,0.008,5
-0.058,0.063,-0.022,4
0.025,0.083,-0.033,5
0.035,0.074,-0.077,5
0.057,0.093,-0.078,5
0.069,0.015,-0.027,5
0.083,0.056,-0.067,5
0.105,0.059,-0.086,5
0.103,0.044,-0.073,5
0.067,0.036,-0.096,5
0.017,0.045,-0.143,5
0.037,0.036,-0.137,5
0.033,-0.001,-0.084,5
0.03,-0.001,-0.054,5
-0.007,0.02,-0.079,5
-0.053,0.009,-0.054,5
-0.005,0.013,0.015,5
0.012,-0.005,0.018,4
0.015,0.003,-0.026,5
0.026,-0.031,0.036,5
0.028,-0.032,0.071,5
0.034,-0.042,0.055,5
0.052,-0.072,0.041,5
0.077,-0.03,0.089,5
0.082,-0.031,0.071,5
0.078,-0.032,0.068,5
0.07,-0.038,0.083,5
0.042,-0.034,0.023,5
0.068,-0.022,0.021,5
0.018,-0.011,-0.019,5
-0.022,-0.014,-0.022,5
-0.011,-0.021,-0.024,5
-0.019,-0.019,-0.064,5
-0.086,-0.026,-0.071,5
-0.064,-0.036,-0.038,4
-0.049,-0.05,-0.043,5
-0.096,-0.066,-0.004,5
-0.086,-0.042,-0.012,5
-0.103,-0.064,-0.002,5
-0.08,-0.032,-0.023,5
-0.094,-0.02,-0.056,5
-0.054,-0.022,-0.076,5
-0.01,0.018,-0.068,5
-0.056,0.016,-0.096,5
-0.029,0.036,-0.078,5
0.008,-0.001,-0.027,5
-0.014,0.007,-0.024,5
-0.008,-0.002,-0.013,5
-0.033,-0.057,0.013,5
-0.03,-0.073,0.072,5
-0.044,-0.113,0.091,5
-0.048,-0.102,0.082,4
-0.039,-0.074,0.108,5
-0.069,-0.084,0.093,5
-0.093,-0.084,0.083,5
-0.066,-0.05,0.023,5
0.0,-0.032,0.008,5
0.026,-0.003,0.0,5
0.053,0.048,0.02,5
0.087,0.069,0.053,5
0.108,0.079,0.065,5
0.084,0.067,0.118,5
0.136,0.121,0.124,5
0.114,0.139,0.124,5
0.107,0.129,0.077,5
0.109,0.095,0.031,5
0.068,0.064,0.002,5
0.057,0.083,-0.071,5
0.029,0.066,-0.189,4
0.061,0.042,-0.2,5
0.055,0.038,-0.201,5
0.032,0.034,-0.16,5
0.029,0.0,-0.131,5
0.022,-0.033,-0.066,5
0.019,-0.013,0.004,5
0.035,-0.028,0.043,5
-0.007,-0.013,0.047,5
0.002,-0.024,0.029,5
0.001,-0.056,0.061,5
0.001,-0.042,0.072,5
-0.05,-0.02,0.086,5
-0.027,-0.018,0.082,5
-0.007,-0.025,0.087,5
0.01,-0.005,0.074,5
-0.008,0.007,0.066,5
-0.011,0.024,0.077,4
-0.044,0.026,0.039,5
-0.027,0.036,0.031,5
-0.007,0.028,0.006,5
-0.006,0.034,-0.076,5
-0.044,0.039,-0.09,5
-0.053,0.044,-0.046,5
-0.017,0.048,-0.085,5
-0.028,0.03,-0.102,5
-0.09,0.061,-0.092,5
-0.077,0.034,-0.095,5
-0.099,0.0,-0.077,5
-0.089,-0.012,-0.013,5
-0.046,-0.045,-0.034,5
-0.02,-0.032,-0.03,5
-0.043,-0.033,-0.018,5
-0.018,-0.06,-0.038,5
0.039,-0.084,-0.051,4
0.061,-0.067,-0.033,5
0.029,-0.047,-0.069,5
0.087,-0.064,-0.096,5
0.073,-0.049,-0.082,5
0.066,-0.044,-0.052,5
0.107,-0.065,-0.069,5
0.087,-0.063,-0.083,5
0.066,-0.087,-0.028,5
0.042,-0.126,0.022,5
0.051,-0.143,-0.023,5
0.045,-0.163,0.017,5
0.032,-0.143,-0.018,5
0.012,-0.102,-0.063,5
-0.036,-0.096,-0.031,5
-0.084,-0.057,0.014,5
-0.123,-0.008,-0.012,5
-0.132,0.044,0.005,4
-0.192,0.091,0.026,5
-0.22,0.121,0.032,5
-0.224,0.143,0.033,5
-0.18,0.142,0.056,5
-0.188,0.106,0.037,5
-0.122,0.1,0.025,5
-0.075,0.09,0.009,5
-0.08,0.072,0.034,5
-0.008,-0.016,0.048,5
0.035,-0.023,0.091,5
0.062,-0.029,0.034,5
0.056,-0.095,0.056,5
0.089,-0.081,0.008,5
0.058,-0.056,-0.001,5
0.083,-0.063,-0.014,5
0.066,-0.048,0.0,5
0.076,-0.031,-0.004,4
0.043,0.002,-0.007,5
0.034,0.01,0.01,5
-0.007,0.009,0.009,5
-0.028,0.06,0.051,5
-0.064,0.05,0.028,5
-0.07,0.04,-0.034,5
-0.072,0.036,-0.026,5
-0.108,0.054,0.01,5
-0.058,0.049,0.061,5
-0.074,0.018,0.024,5
-0.045,0.029,0.026,5
-0.019,0.039,0.045,5
-0.021,0.009,0.088,5
-0.023,0.021,0.079,5
0.026,0.019,0.075,5
0.057,0.0,0.094,5
0.077,0.038,0.046,5
0.108,0.017,0.08,4
0.059,0.024,0.089,5
0.122,0.03,0.054,5
0.079,0.023,0.079,5
0.11,0.029,0.032,5
0.125,0.022,0.007,5
0.065,0.033,0.028,5
0.071,0.021,-0.021,5
0.017,0.027,-0.049,5
-0.01,0.024,-0.023,5
0.0,0.022,-0.046,5
-0.013,0.02,-0.08,5
-0.012,-0.011,-0.077,5
-0.028,0.015,-0.082,5
-0.016,0.013,-0.074,5
-0.027,0.003,-0.036,5
-0.029,-0.052,-0.041,5
-0.013,-0.047,-0.024,4
-0.033,-0.012,-0.034,5
-0.004,-0.05,0.007,5
-0.012,-0.083,-0.023,5
-0.028,-0.049,-0.034,5
-0.047,-0.074,-0.013,5
-0.029,-0.032,-0.042,5
-0.048,-0.029,-0.059,5
-0.043,-0.009,-0.027,5
-0.039,-0.038,0.005,5
-0.061,-0.026,0.047,5
-0.059,0.015,0.086,5
-0.031,0.005,0.111,5
-0.028,0.034,0.096,5
0.0,0.039,0.065,5
0.047,0.001,0.119,5
0.077,0.005,0.076,5
0.099,-0.016,0.034,4
0.132,-0.023,0.018,5
0.106,0.009,-0.035,5
0.1,0.016,-0.083,5
0.081,0.01,-0.109,5
0.125,0.035,-0.145,5
0.125,0.044,-0.079,5
0.082,0.049,-0.054,5
0.009,0.031,-0.07,5
-0.008,0.041,-0.033,5
-0.037,0.041,0.043,5
-0.076,0.041,0.051,5
-0.086,0.041,0.072,5
-0.108,0.02,0.056,5
-0.097,0.026,0.012,5
-0.083,0.024,0.002,5
-0.066,-0.025,-0.096,5
-0.055,0.007,-0.1,4
0.01,0.006,-0.146,5
0.043,-0.011,-0.191,5
0.065,-0.01,-0.181,5
0.063,-0.026,-0.085,5
0.082,-0.036,-0.081,5
0.044,-0.071,-0.056,5
0.082,-0.112,-0.015,5
0.057,-0.105,0.024,5
0.03,-0.111,-0.003,5
0.001,-0.096,0.031,5
-0.02,-0.091,0.045,5
-0.026,-0.086,0.044,5
-0.015,-0.064,0.07,5
-0.035,-0.041,0.029,5
-0.019,0.01,0.099,5
-0.034,0.035,0.089,5
-0.035,0.105,0.033,4
-0.018,0.146,-0.017,5
-0.008,0.179,0.005,5
0.048,0.191,0.039,5
0.056,0.228,0.009,5
0.055,0.226,0.013,5
0.049,0.204,-0.009,5
0.027,0.209,0.038,5
0.033,0.175,0.052,5
0.004,0.128,0.055,5
0.038,0.063,-0.001,5
0.038,0.031,0.067,5
0.026,-0.036,0.069,5
0.049,-0.084,0.114,5
0.078,-0.136,0.106,5
0.066,-0.122,0.057,5
0.085,-0.11,0.004,5
0.111,-0.108,-0.004,4
0.087,-0.067,-0.012,5
0.122,-0.047,-0.059,5
0.101,-0.034,-0.044,5
0.095,-0.056,-0.031,5
0.06,-0.033,-0.006,5
0.054,-0.043,-0.023,5
0.014,-0.051,-0.033,5
-0.073,-0.059,-0.008,5
-0.13,-0.032,0.056,5
-0.109,-0.08,-0.013,5
-0.111,-0.111,0.022,5
-0.125,-0.117,-0.001,5
-0.104,-0.114,-0.005,5
-0.111,-0.102,0.02,5
-0.039,-0.105,-0.054,5
-0.005,-0.107,-0.027,5
-0.043,-0.084,0.022,4
-0.043,-0.084,0.015,5
0.012,-0.063,0.035,5
-0.01,-0.052,0.058,5
0.02,-0.073,0.091,5
0.031,-0.031,0.073,5
0.015,-0.032,0.018,5
-0.003,-0.024,0.042,5
0.053,0.02,-0.013,5
0.034,0.01,-0.02,5
0.022,0.0,0.02,5
0.05,0.017,-0.063,5
0.054,0.007,-0.044,5
0.035,0.023,-0.065,5
0.032,0.034,-0.063,5
0.007,0.022,-0.061,5
-0.001,0.02,-0.085,5
-0.044,0.005,-0.068,4
-0.018,0.008,-0.07,5
-0.021,-0.026,-0.045,5
-0.053,0.002,-0.084,5
-0.022,-0.002,-0.084,5
-0.02,0.019,-0.071,5
-0.022,0.043,-0.043,5
-0.046,0.038,-0.068,5
-0.041,0.052,-0.079,5
-0.088,0.081,-0.049,5
-0.08,0.125,-0.018,5
-0.093,0.142,-0.077,5
-0.075,0.145,-0.069,5
-0.081,0.126,-0.071,5
-0.107,0.109,-0.068,5
-0.066,0.064,-0.087,5
-0.025,0.075,-0.074,4
0.015,0.063,-0.032,5
0.048,0.044,-0.033,5
0.099,0.013,-0.012,5
0.133,-0.017,0.009,5
0.162,-0.02,-0.004,5
0.193,-0.013,-0.007,5
0.221,-0.008,0.023,5
0.169,-0.003,-0.005,5
0.178,-0.015,-0.03,5
0.177,-0.022,-0.018,5
0.112,-0.024,0.017,5
0.041,0.016,0.045,5
0.041,-0.002,0.054,5
-0.005,-0.015,0.04,5
-0.065,0.0,0.018,5
-0.093,-0.026,-0.017,5
-0.122,-0.045,0.01,5
-0.093,-0.062,0.0,4
-0.109,-0.103,-0.038,5
-0.155,-0.088,0.021,5
-0.165,-0.075,0.036,5
-0.127,-0.124,0.054,5
-0.071,-0.146,0.04,5
-0.085,-0.122,0.045,5
-0.021,-0.097,0.066,5
0.036,-0.083,0.025,5
0.033,-0.083,0.031,5
0.055,-0.058,0.015,5
0.071,0.0,0.022,5
0.12,0.012,-0.005,5
0.138,0.032,-0.039,5
0.09,0.05,-0.091,5
0.115,0.097,-0.06,5
0.078,0.1,-0.054,5
0.04,0.09,-0.036,4
0.032,0.081,-0.062,5
0.076,0.086,-0.009,5
0.051,0.069,0.06,5
0.007,0.031,0.084,5
0.015,0.028,0.106,5
0.039,0.004,0.052,5
0.044,0.021,0.038,5
0.044,0.014,-0.016,5
0.026,0.013,-0.023,5
-0.001,0.059,-0.025,5
0.02,0.074,0.015,5
0.005,0.05,-0.037,5
-0.004,0.079,0.0,5
-0.02,0.097,0.035,5
-0.031,0.105,0.104,5
-0.019,0.116,0.18,5
-0.039,0.095,0.184,4
-0.052,0.09,0.161,5
-0.06,0.081,0.153,5
-0.088,0.047,0.052,5
-0.079,0.029,0.008,5
-0.063,0.022,-0.057,5
-0.061,0.003,-0.077,5
-0.02,-0.001,-0.142,5
-0.04,-0.014,-0.098,5
-0.062,-0.008,-0.084,5
-0.051,-0.037,-0.041,5
-0.033,-0.034,0.031,5
-0.03,-0.022,0.08,5
0.007,0.001,0.072,5
-0.04,-0.02,0.108,5
-0.04,-0.018,0.101,5
-0.023,0.005,0.091,5
-0.043,-0.025,0.073,4
-0.017,-0.014,0.066,5
0.01,-0.042,0.072,5
0.013,-0.034,0.026,5
-0.004,-0.035,-0.01,5
0.021,-0.066,0.0,5
0.001,-0.059,-0.052,5
0.023,-0.044,-0.06,5
0.038,-0.062,-0.049,5
0.038,-0.038,-0.075,5
0.043,-0.051,-0.05,5
0.026,-0.038,-0.045,5
0.079,-0.073,-0.049,5
0.11,-0.035,-0.044,5
0.077,-0.045,0.007,5
0.074,-0.053,0.028,5
0.084,-0.013,0.055,4
0.045,0.0,0.019,5
0.071,-0.016,0.026,5
0.059,-0.006,0.066,5
0.049,-0.014,0.017,5
0.031,0.0,-0.031,5
-0.023,0.012,-0.041,5
-0.033,-0.001,-0.089,5
-0.034,0.003,-0.153,5
-0.027,-0.018,-0.099,5
-0.067,-0.059,-0.136,5
-0.077,-0.032,-0.118,5
-0.1,-0.072,-0.029,5
-0.077,-0.09,0.003,5
-0.03,-0.12,0.02,5
-0.109,-0.151,0.078,5
-0.133,-0.127,0.096,5
-0.098,-0.132,0.112,5
-0.071,-0.11,0.105,4
-0.094,-0.069,0.086,5
-0.093,-0.032,0.108,5
-0.066,0.018,0.084,5
-0.034,0.033,0.037,5
-0.039,0.077,0.063,5
-0.005,0.087,0.057,5
0.008,0.095,0.021,5
-0.031,0.09,0.023,5
-0.049,0.038,0.021,5
-0.036,0.025,-0.019,5
-0.075,-0.024,0.003,5
-0.081,-0.043,0.029,5
-0.098,-0.047,0.056,5
-0.11,-0.055,0.072,5
-0.159,-0.127,0.095,5
-0.156,-0.119,0.055,5
-0.119,-0.115,0.063,4
-0.107,-0.125,0.091,5
-0.109,-0.113,0.125,5
-0.055,-0.093,0.151,5
-0.028,-0.083,0.175,5
-0.004,-0.066,0.14,5
0.0,-0.047,0.104,5
0.039,0.009,0.107,5
0.039,0.038,0.118,5
0.022,0.064,0.093,5
0.033,0.079,0.053,5
0.047,0.071,0.044,5
0.033,0.081,0.0,5
0.013,0.103,0.005,5
-0.005,0.08,-0.025,5
0.0,0.063,-0.031,5
-0.004,0.014,-0.006,5
0.008,0.008,0.006,4
-0.048,-0.035,0.01,5
-0.051,-0.04,0.013,5
-0.094,-0.036,-0.009,5
-0.114,-0.032,0.013,5
-0.137,-0.029,0.011,5
-0.154,-0.026,-0.019,5
-0.181,-0.015,-0.004,5
-0.181,-0.022,-0.008,5
-0.201,-0.033,0.026,5
-0.155,-0.016,0.045,5
-0.122,-0.01,0.023,5
-0.11,-0.026,0.021,5
-0.052,-0.019,0.006,5
-0.016,-0.03,0.031,5
0.071,-0.045,0.028,5
0.089,-0.07,-0.038,5
0.072,-0.076,-0.048,4
0.077,-0.09,-0.06,5
0.074,-0.111,-0.054,5
0.054,-0.156,-0.07,5
-0.003,-0.179,-0.097,5
-0.084,-0.183,-0.131,5
-0.097,-0.207,-0.113,5
-0.165,-0.213,-0.136,5
-0.196,-0.196,-0.123,5
-0.232,-0.193,-0.132,5
-0.256,-0.144,-0.076,5
-0.213,-0.129,-0.064,5
-0.192,-0.146,-0.049,5
-0.186,-0.097,0.059,5
-0.18,-0.044,0.092,5
-0.188,-0.057,0.151,5
-0.165,-0.038,0.188,5
-0.152,-0.013,0.16,4
-0.154,0.018,0.153,5
-0.191,0.016,0.094,5
-0.197,0.031,0.089,5
-0.16,0.054,0.072,5
-0.14,0.074,0.017,5
-0.113,0.08,0.002,5
-0.076,0.08,0.045,5
-0.034,0.085,0.079,5
0.025,0.081,0.115,5
0.07,0.09,0.172,5
0.213,0.077,0.202,5
0.339,0.091,0.221,5
0.43,0.137,0.302,5
0.568,0.175,0.354,5
0.731,0.171,0.43,5
0.791,0.205,0.456,4
0.846,0.305,0.479,5
0.826,0.408,0.487,5
0.743,0.501,0.516,5
0.638,0.585,0.542,5
0.544,0.664,0.488,5
0.404,0.731,0.452,5
0.169,0.748,0.523,5
0.027,0.721,0.6,5
-0.125,0.653,0.643,5
-0.22,0.54,0.695,5
-0.388,0.361,0.815,5
-0.586,0.209,0.898,5
-0.687,0.071,1.04,5
-0.756,-0.098,1.156,5
-0.861,-0.201,1.144,5
-0.892,-0.262,1.077,5
-0.945,-0.279,1.017,4
-1.022,-0.169,0.971,5
-1.037,-0.092,0.844,5
-1.049,0.063,0.742,5
-1.104,0.311,0.586,5
-1.153,0.538,0.381,5
-1.218,0.807,0.205,5
-1.29,1.041,-0.043,5
-1.351,1.278,-0.246,5
-1.38,1.49,-0.471,5
-1.431,1.613,-0.648,5
-1.422,1.701,-0.786,5
-1.383,1.764,-0.918,5
-1.352,1.751,-1.038,5
-1.148,1.641,-1.115,5
-0.908,1.433,-1.197,5
-0.714,1.087,-1.177,5
-0.509,0.737,-1.102,4
-0.316,0.388,-0.992,5
-0.15,0.069,-0.927,5
-0.062,-0.191,-0.856,5
0.025,-0.414,-0.723,5
0.143,-0.601,-0.633,5
0.284,-0.756,-0.561,5
0.363,-0.818,-0.617,5
0.521,-0.848,-0.728,5
0.667,-0.923,-0.832,5
0.872,-0.968,-1.016,5
1.065,-0.988,-1.194,5
1.324,-1.027,-1.355,5
1.588,-1.092,-1.473,5
1.813,-1.16,-1.611,5
1.938,-1.203,-1.613,5
2.002,-1.268,-1.646,5
2.164,-1.374,-1.731,4
2.245,-1.478,-1.864,5
2.15,-1.498,-1.772,5
1.874,-1.503,-1.569,5
1.506,-1.5,-1.326,5
1.17,-1.47,-1.012,5
0.812,-1.431,-0.769,5
0.528,-1.339,-0.614,5
0.281,-1.184,-0.415,5
0.085,-1.005,-0.279,5
-0.086,-0.797,-0.182,5
-0.242,-0.562,-0.064,5
-0.424,-0.295,0.023,5
-0.576,-0.088,0.154,5
-0.673,0.135,0.208,5
-0.735,0.307,0.243,5
-0.674,0.392,0.292,4
-0.616,0.444,0.323,5
-0.515,0.494,0.39,5
-0.438,0.509,0.368,5
-0.316,0.54,0.4,5
-0.237,0.559,0.472,5
-0.136,0.628,0.545,5
-0.071,0.686,0.59,5
-0.025,0.721,0.617,5
0.033,0.761,0.642,5
0.086,0.771,0.612,5
0.098,0.745,0.654,5
0.145,0.684,0.601,5
0.216,0.633,0.52,5
0.251,0.479,0.476,5
0.29,0.358,0.472,5
0.347,0.244,0.39,5
0.459,0.086,0.321,5
0.499,-0.085,0.323,4
0.527,-0.223,0.338,5
0.431,-0.304,0.386,5
0.384,-0.364,0.399,5
0.345,-0.405,0.394,5
0.289,-0.425,0.393,5
0.217,-0.426,0.388,5
0.131,-0.435,0.401,5
0.023,-0.37,0.339,5
-0.056,-0.337,0.292,5
-0.119,-0.308,0.207,5
-0.232,-0.316,0.139,5
-0.326,-0.327,0.108,5
-0.332,-0.277,0.084,5
-0.35,-0.262,0.157,5
-0.393,-0.253,0.142,5
-0.409,-0.262,0.119,4
-0.399,-0.27,0.163,5
-0.393,-0.235,0.22,5
-0.345,-0.224,0.211,5
-0.315,-0.197,0.19,5
-0.27,-0.203,0.162,5
-0.209,-0.205,0.137,5
-0.158,-0.197,0.123,5
-0.064,-0.216,0.081,5
0.006,-0.212,0.163,5
0.096,-0.234,0.289,5
0.129,-0.158,0.355,5
0.138,-0.134,0.453,5
0.219,-0.181,0.438,5
0.296,-0.21,0.39,5
0.34,-0.223,0.402,5
0.31,-0.257,0.409,5
0.313,-0.27,0.39,5
0.334,-0.334,0.407,4
0.313,-0.326,0.409,5
0.303,-0.358,0.437,5
0.277,-0.434,0.48,5
0.254,-0.434,0.608,5
0.181,-0.451,0.724,5
0.18,-0.444,0.794,5
0.192,-0.421,0.762,5
0.177,-0.418,0.707,5
0.203,-0.424,0.684,5
0.191,-0.364,0.633,5
0.18,-0.319,0.582,5
0.21,-0.3,0.563,5
0.262,-0.222,0.532,5
0.326,-0.187,0.518,5
0.397,-0.147,0.41,5
0.409,-0.115,0.343,4
0.428,-0.108,0.291,5
0.476,-0.084,0.172,5
0.523,-0.088,0.146,5
0.544,-0.101,0.149,5
0.571,-0.108,0.103,5
0.57,-0.089,-0.001,5
0.561,-0.084,-0.143,5
0.599,-0.127,-0.219,5
0.604,-0.136,-0.158,5
0.621,-0.127,-0.117,5
0.658,-0.101,-0.014,5
0.674,-0.117,0.12,5
0.62,-0.084,0.345,5
0.57,-0.11,0.513,5
0.436,-0.193,0.638,5
0.319,-0.247,0.729,5
0.106,-0.322,0.846,4
-0.119,-0.41,1.063,5
-0.361,-0.554,1.099,5
-0.571,-0.68,1.101,5
-0.742,-0.819,1.008,5
-0.845,-0.982,0.821,5
-0.963,-1.069,0.592,5
-1.138,-1.135,0.318,5
-1.339,-1.138,0.032,5
-1.412,-1.067,-0.333,5
-1.46,-0.999,-0.584,5
-1.443,-0.839,-0.741,5
-1.312,-0.664,-0.779,5
-1.142,-0.503,-0.61,5
-1.002,-0.267,-0.351,5
-0.88,-0.047,-0.057,5
-0.788,0.086,0.245,5
-0.756,0.177,0.427,4
-0.646,0.181,0.557,5
-0.534,0.111,0.531,5
-0.519,0.07,0.413,5
-0.519,-0.113,0.359,5
-0.627,-0.373,0.431,5
-0.801,-0.676,0.504,5
-1.022,-1.074,0.156,5
-1.39,-1.346,-1.026,5
-1.867,-1.302,-3.091,5
-2.206,-0.848,-5.329,5
-2.029,0.037,-6.429,5
-0.671,0.732,-6.575,5
1.559,1.059,-6.844,5
3.92,1.686,-6.841,5
5.54,2.353,-6.105,5
6.439,3.195,-5.029,5
6.346,4.237,-3.845,4
5.556,5.818,-2.025,5
5.557,7.61,-0.681,5
5.867,8.069,-1.082,5
5.552,8.18,-2.12,5
3.98,8.349,-2.335,5
1.16,8.177,-2.295,5
-1.782,7.394,-2.617,5
-4.392,6.301,-3.2,5
-6.022,4.779,-3.238,5
-6.665,2.982,-2.345,5
-6.645,1.469,-0.947,5
-6.131,0.068,0.819,5
-5.91,-1.093,2.211,5
-5.716,-1.837,3.162,5
-5.428,-2.481,3.505,5
-5.174,-2.909,3.499,5
-4.769,-3.234,3.36,4
-4.413,-3.411,2.701,5
-3.739,-3.333,1.677,5
-2.507,-3.172,0.626,5
-0.972,-2.984,-0.126,5
0.473,-2.642,-0.479,5
1.576,-2.227,-0.638,5
2.143,-1.759,-0.626,5
2.497,-1.311,-0.658,5
2.76,-0.947,-0.76,5
2.721,-0.607,-0.861,5
2.453,-0.309,-0.904,5
2.087,-0.063,-0.887,5
1.642,0.145,-0.734,5
1.128,0.221,-0.578,5
0.666,0.199,-0.326,5
0.388,0.123,-0.031,5
0.238,-0.151,0.213,4
0.214,-0.451,0.54,5
0.179,-0.712,0.861,5
0.2,-0.882,1.103,5
0.159,-1.022,1.294,5
0.177,-1.114,1.402,5
0.246,-1.183,1.296,5
0.346,-1.237,1.209,5
0.479,-1.195,1.097,5
0.668,-1.166,0.944,5
0.77,-1.127,0.867,5
0.818,-1.045,0.806,5
0.848,-0.953,0.708,5
0.72,-0.896,0.538,5
0.613,-0.858,0.441,5
0.466,-0.811,0.397,5
0.333,-0.734,0.383,4
0.213,-0.769,0.362,5
0.149,-0.83,0.395,5
0.031,-0.82,0.381,5
0.023,-0.854,0.403,5
-0.043,-0.876,0.397,5
-0.151,-0.905,0.461,5
-0.239,-0.922,0.514,5
-0.344,-0.968,0.536,5
-0.405,-1.0,0.551,5
-0.467,-0.974,0.586,5
-0.468,-0.967,0.579,5
-0.464,-0.935,0.504,5
-0.396,-0.884,0.437,5
-0.348,-0.8,0.376,5
-0.339,-0.75,0.243,5
-0.275,-0.623,0.137,5
-0.239,-0.466,0.002,5
-0.116,-0.342,-0.087,4
0.046,-0.191,-0.083,5
0.183,-0.043,-0.105,5
0.372,0.111,-0.103,5
0.52,0.182,-0.105,5
0.705,0.289,-0.082,5
0.772,0.329,-0.043,5
0.867,0.33,0.025,5
0.94,0.267,0.095,5
0.971,0.253,0.198,5
1.003,0.163,0.277,5
0.972,0.095,0.288,5
0.965,0.051,0.324,5
0.903,0.029,0.339,5
0.864,0.004,0.326,5
0.752,-0.025,0.354,5
0.612,-0.044,0.349,4
0.495,-0.014,0.297,5
0.338,0.034,0.228,5
0.161,0.052,0.261,5
0.072,0.129,0.201,5
-0.007,0.15,0.181,5
-0.067,0.23,0.167,5
-0.09,0.263,0.193,5
-0.103,0.301,0.122,5
0.018,0.349,0.08,5
0.0,0.426,0.085,5
0.004,0.448,0.059,5
0.021,0.498,0.014,5
0.04,0.508,0.013,5
0.019,0.578,-0.044,5
0.0,0.572,-0.065,5
-0.064,0.601,-0.028,5
-0.127,0.597,-0.026,4
-0.187,0.58,-0.096,5
-0.298,0.6,-0.095,5
-0.44,0.604,0.008,5
-0.599,0.6,-0.005,5
-0.715,0.6,0.008,5
-0.816,0.626,0.011,5
-0.795,0.615,0.079,5
-0.784,0.58,0.131,5
-0.783,0.578,0.105,5
-0.692,0.49,0.134,5
-0.606,0.419,0.155,5
-0.455,0.33,0.105,5
-0.319,0.232,0.077,5
-0.2,0.097,0.056,5
-0.129,0.005,0.016,5
-0.077,-0.102,-0.006,5
0.016,-0.131,-0.001,4
0.083,-0.187,0.089,5
0.109,-0.198,0.14,5
0.12,-0.208,0.117,5
0.229,-0.17,0.174,5
0.288,-0.088,0.273,5
0.272,-0.084,0.173,5
0.348,-0.067,0.233,5
0.373,0.0,0.235,5
0.289,-0.026,0.229,5
0.273,-0.053,0.176,5
0.349,-0.048,0.201,5
0.314,-0.073,0.233,5
0.325,-0.105,0.291,5
0.366,-0.193,0.318,5
0.407,-0.264,0.286,5
0.366,-0.315,0.232,5
0.399,-0.344,0.148,4
0.363,-0.357,0.142,5
0.309,-0.373,0.141,5
0.334,-0.37,0.096,5
0.322,-0.355,0.104,5
0.269,-0.332,0.0,5
0.224,-0.286,-0.017,5
0.168,-0.24,-0.098,5
0.077,-0.203,-0.096,5
0.014,-0.135,-0.16,5
-0.069,-0.13,-0.234,5
-0.096,-0.117,-0.267,5
-0.151,-0.123,-0.309,5
-0.166,-0.123,-0.3,5
-0.188,-0.072,-0.321,5
-0.281,-0.061,-0.289,5
-0.266,-0.029,-0.221,5
-0.278,0.016,-0.173,4
-0.35,0.058,-0.117,5
-0.371,0.086,-0.062,5
-0.346,0.142,-0.06,5
-0.376,0.158,-0.093,5
-0.377,0.134,-0.11,5
-0.305,0.185,-0.124,5
-0.227,0.218,-0.138,5
-0.17,0.235,-0.206,5
-0.049,0.212,-0.207,5
0.062,0.212,-0.212,5
0.121,0.212,-0.169,5
0.182,0.156,-0.144,5
0.232,0.124,-0.142,5
0.265,0.072,-0.085,5
0.286,0.009,-0.024,5
0.296,-0.06,0.059,5
0.305,-0.08,0.131,4
0.352,-0.141,0.109,5
0.339,-0.2,0.137,5
0.3,-0.171,0.123,5
0.313,-0.171,0.132,5
0.295,-0.137,0.184,5
0.287,-0.093,0.191,5
0.314,-0.062,0.202,5
0.313,-0.026,0.216,5
0.277,-0.019,0.233,5
0.267,-0.004,0.21,5
0.274,-0.003,0.176,5
0.195,0.009,0.158,5
0.111,0.0,0.138,5
0.104,-0.008,0.107,5
0.038,-0.016,0.092,5
-0.051,0.006,0.1,5
-0.111,-0.024,0.12,4
-0.169,-0.043,0.065,5
-0.234,-0.06,0.033,5
-0.266,-0.05,0.003,5
-0.235,-0.049,0.016,5
-0.246,-0.027,-0.019,5
-0.23,-0.024,-0.03,5
-0.22,-0.017,-0.036,5
-0.198,-0.011,-0.084,5
-0.191,0.041,-0.093,5
-0.124,0.028,-0.126,5
-0.108,0.021,-0.075,5
-0.101,0.027,-0.136,5
-0.069,0.055,-0.136,5
-0.028,0.084,-0.092,5
0.056,0.084,-0.07,5
0.076,0.114,-0.045,5
0.099,0.12,-0.036,4
0.132,0.142,-0.007,5
0.101,0.137,-0.011,5
0.108,0.136,-0.022,5
0.153,0.088,-0.059,5
0.181,0.045,-0.023,5
0.236,0.044,-0.046,5
0.2,-0.002,-0.042,5
0.227,-0.045,-0.003,5
0.282,-0.049,0.04,5
0.284,-0.07,0.044,5
0.251,-0.076,0.061,5
0.239,-0.025,0.107,5
0.236,-0.027,0.1,5
0.196,0.005,0.112,5
0.167,0.022,0.079,5
0.155,0.058,0.058,5
0.101,0.078,0.031,4
0.103,0.088,0.032,5
0.071,0.079,-0.031,5
0.073,0.045,-0.015,5
0.018,0.045,-0.009,5
0.055,0.049,-0.016,5
-0.006,0.014,-0.002,5
-0.014,0.004,0.023,5
-0.025,0.008,0.025,5
-0.07,0.024,0.061,5
-0.089,0.022,0.051,5
-0.123,0.015,0.041,5
-0.184,0.065,0.054,5
-0.247,0.072,0.015,5
-0.24,0.051,0.022,5
-0.224,0.107,0.054,5
-0.271,0.117,-0.007,5
-0.274,0.157,-0.049,4
-0.281,0.163,-0.066,5
-0.24,0.155,-0.072,5
-0.242,0.17,-0.125,5
-0.239,0.136,-0.134,5
-0.142,0.079,-0.095,5
-0.145,0.045,-0.046,5
-0.122,-0.019,0.005,5
-0.084,-0.06,0.06,5
-0.084,-0.093,0.153,5
-0.101,-0.161,0.147,5
-0.151,-0.149,0.192,5
-0.184,-0.147,0.25,5
-0.165,-0.193,0.299,5
-0.243,-0.238,0.23,5
-0.206,-0.214,0.194,5
-0.173,-0.188,0.149,5
-0.078,-0.144,0.142,4
0.02,-0.112,0.094,5
0.108,-0.071,0.024,5
0.188,-0.02,-0.021,5
0.281,0.007,-0.031,5
0.391,0.04,-0.058,5
0.485,0.032,-0.078,5
0.536,0.016,-0.105,5
0.568,-0.006,-0.047,5
0.58,-0.006,-0.047,5
0.583,-0.065,-0.085,5
0.537,-0.098,-0.051,5
0.445,-0.122,-0.033,5
0.34,-0.153,-0.059,5
0.151,-0.129,-0.028,5
-0.006,-0.108,-0.059,5
-0.16,-0.092,-0.053,4
-0.317,-0.018,-0.069,5
-0.479,0.034,-0.067,5
-0.59,0.121,-0.069,5
-0.665,0.182,-0.036,5
-0.732,0.186,-0.045,5
-0.719,0.244,-0.01,5
-0.634,0.242,-0.005,5
-0.596,0.226,0.0,5
-0.494,0.216,0.025,5
-0.393,0.16,0.014,5
-0.345,0.11,-0.047,5
-0.28,0.055,-0.042,5
-0.2,-0.001,-0.004,5
-0.107,-0.057,0.013,5
-0.062,-0.142,-0.009,5
0.038,-0.162,0.013,5
0.112,-0.189,0.033,5
0.114,-0.213,0.047,4
0.167,-0.192,0.064,5
0.236,-0.172,0.061,5
0.264,-0.142,0.068,5
0.259,-0.128,0.057,5
0.281,-0.081,0.081,5
0.3,-0.038,0.065,5
0.317,-0.038,0.062,5
0.346,-0.013,0.078,5
0.346,-0.003,0.07,5
0.324,0.009,0.05,5
0.274,0.021,0.01,5
0.264,-0.001,-0.024,5
0.208,0.015,-0.039,5
0.139,0.035,-0.044,5
0.117,0.027,-0.052,5
0.092,0.042,-0.086,4
-0.007,0.033,-0.068,5
-0.066,0.017,-0.07,5
-0.124,0.05,-0.089,5
-0.185,0.049,-0.041,5
-0.266,0.035,-0.033,5
-0.312,0.019,-0.06,5
-0.376,0.03,-0.002,5
-0.39,0.027,-0.023,5
-0.441,0.015,-0.004,5
-0.436,0.031,0.0,5
-0.358,0.037,0.035,5
-0.352,0.033,0.022,5
-0.326,0.051,0.029,5
-0.28,0.055,0.017,5
-0.222,0.062,0.015,5
-0.144,0.051,0.01,5
-0.064,0.072,0.004,5
0.027,0.048,0.004,4
0.115,0.013,-0.004,5
0.207,-0.009,-0.004,5
0.246,-0.026,-0.021,5
0.291,-0.027,-0.027,5
0.369,-0.037,-0.037,5
0.423,-0.042,0.0,5
0.398,-0.047,-0.038,5
0.384,-0.055,-0.038,5
0.367,-0.058,-0.026,5
0.317,-0.031,-0.006,5
0.26,-0.014,-0.018,5
0.208,0.008,0.026,5
0.165,0.024,0.066,5
0.144,0.039,0.047,5
0.078,0.005,0.098,5
0.049,0.034,0.049,4
0.027,0.07,0.006,5
0.02,0.063,0.005,5
-0.024,0.078,-0.059,5
-0.022,0.122,-0.04,5
-0.059,0.131,-0.079,5
-0.018,0.118,-0.102,5
-0.072,0.123,-0.143,5
-0.087,0.107,-0.086,5
-0.074,0.105,-0.094,5
-0.023,0.103,-0.124,5
-0.029,0.075,-0.107,5
-0.039,0.059,-0.113,5
0.015,0.057,-0.093,5
0.074,0.004,-0.049,5
0.054,-0.034,-0.044,5
0.083,-0.078,-0.04,5
-0.597,0.153,-0.243,4
-1.567,0.293,-0.96,5
-0.604,-0.192,-0.316,5
0.265,-0.272,0.124,5
0.532,-0.055,0.318,5
0.526,0.173,0.433,5
0.564,0.173,0.493,5
0.667,0.07,0.383,5
0.63,-0.001,0.246,5
0.378,-0.109,0.148,5
0.09,-0.132,0.094,5
-0.056,-0.171,0.042,5
-0.171,-0.184,0.012,5
-0.171,-0.2,0.002,5
-0.163,-0.227,-0.01,5
-0.211,-0.196,-0.031,5
-0.233,-0.155,-0.079,5
-0.257,-0.074,-0.02,4
-0.33,-0.011,-0.026,5
-0.336,0.058,-0.054,5
-0.298,0.082,-0.014,5
-0.225,0.113,0.0,5
-0.224,0.123,0.017,5
-0.189,0.106,0.002,5
-0.14,0.109,0.032,5
-0.104,0.063,0.024,5
-0.085,0.018,0.065,5
-0.02,-0.03,0.084,5
0.007,-0.087,0.08,5
0.01,-0.126,0.107,5
0.108,-0.187,0.083,5
0.119,-0.198,0.053,5
0.141,-0.139,0.009,5
0.106,-0.1,-0.026,5
0.095,-0.094,-0.006,4
0.133,-0.054,-0.061,5
0.154,-0.04,-0.098,5
0.208,-0.019,-0.08,5
0.23,-0.004,-0.072,5
0.241,0.043,-0.034,5
0.213,0.039,-0.031,5
0.222,0.048,-0.015,5
0.208,0.06,-0.022,5
0.179,0.054,-0.032,5
0.105,0.01,-0.033,5
0.116,-0.008,-0.026,5
0.1,-0.037,-0.049,5
0.077,-0.05,-0.014,5
0.073,-0.063,-0.068,5
0.07,-0.069,-0.07,5
0.059,-0.058,-0.029,5
0.023,-0.005,-0.026,4
0.025,0.008,-0.032,5
0.035,0.029,0.009,5
0.001,0.026,0.056,5
-0.024,0.023,0.05,5
-0.008,0.034,0.08,5
-0.033,0.047,0.089,5
-0.026,0.073,0.067,5
-0.053,0.048,0.021,5
-0.104,0.078,0.041,5
-0.106,0.092,0.058,5
-0.109,0.074,0.057,5
-0.115,0.071,0.081,5
-0.146,0.063,0.025,5
-0.153,0.044,0.019,5
-0.177,0.04,0.03,5
-0.159,0.027,-0.752,5
-0.397,0.136,-2.97,4
-0.551,0.381,-0.755,5
-0.281,0.218,0.668,5
-0.011,0.032,0.67,5
0.01,-0.047,1.146,5
-0.016,-0.03,1.286,5
-0.031,-0.027,1.075,5
-0.106,-0.063,0.856,5
-0.168,-0.048,0.576,5
-0.022,-0.086,0.316,5
0.134,-0.164,0.099,5
0.086,-0.173,-0.022,5
-0.059,-0.108,-0.119,5
-0.161,-0.003,-0.141,5
-0.201,0.074,-0.192,5
-0.082,0.097,-0.203,5
-0.03,0.135,-0.17,5
-0.006,0.113,-0.088,4
0.041,0.049,-0.126,5
0.179,-0.101,-0.2,5
0.183,-0.216,-0.27,5
0.134,-0.16,-0.373,5
0.074,-0.101,-0.228,5
0.135,-0.043,-0.054,5
0.199,-0.013,0.024,5
0.218,-0.02,0.021,5
0.131,-0.027,0.006,5
0.11,-0.002,-0.019,5
0.068,0.01,-0.082,5
0.087,0.009,-0.082,5
0.1,-0.03,-0.052,5
0.112,-0.014,-0.056,5
0.092,-0.013,-0.063,5
0.113,-0.024,-0.022,5
0.192,-0.043,-0.003,4
0.207,-0.039,0.001,5
0.182,-0.065,-0.007,5
0.185,-0.071,0.023,5
0.197,-0.086,0.055,5
0.16,-0.064,0.041,5
0.157,-0.053,0.045,5
0.111,-0.044,0.071,5
0.083,-0.048,0.072,5
0.079,-0.043,0.069,5
-0.045,-0.043,0.037,5
-0.079,-0.021,0.042,5
-0.101,-0.011,0.011,5
-0.138,0.007,0.023,5
-0.159,0.023,0.029,5
-0.173,0.047,0.001,5
-0.186,0.068,0.026,4
-0.172,0.061,0.037,5
-0.167,0.094,-0.005,5
-0.164,0.063,0.033,5
-0.117,0.104,0.004,5
-0.144,0.111,-0.021,5
-0.151,0.108,-0.015,5
-0.14,0.11,-0.039,5
-0.126,0.099,-0.052,5
-0.131,0.093,-0.06,5
-0.109,0.101,-0.088,5
-0.085,0.087,-0.071,5
-0.089,0.026,-0.055,5
-0.05,0.032,-0.015,5
-0.041,0.025,-0.005,5
-0.024,0.005,0.033,5
0.003,-0.003,0.039,5
-0.043,-0.011,0.043,5
0.012,-0.006,0.013,4
-0.001,-0.023,0.02,5
-0.001,-0.02,0.023,5
-0.048,0.02,0.042,5
-0.005,0.035,0.02,5
-0.013,0.005,0.01,5
0.0,0.009,-0.038,5
-0.012,0.017,-0.021,5
-0.006,-0.01,-0.015,5
-0.018,0.0,-0.03,5
0.051,0.0,-0.04,5
0.089,-0.009,-0.002,5
0.119,-0.038,0.002,5
0.159,-0.043,-0.01,5
0.147,-0.077,0.029,5
0.171,-0.078,0.026,5
0.202,-0.074,0.032,4
0.22,-0.071,0.046,5
0.211,-0.064,0.084,5
0.177,-0.101,0.028,5
0.151,-0.108,0.017,5
0.131,-0.088,-0.018,5
0.144,-0.092,0.013,5
0.125,-0.053,0.024,5
0.113,-0.043,-0.003,5
0.084,-0.039,-0.02,5
0.08,-0.001,-0.009,5
0.059,0.037,-0.008,5
0.023,0.064,-0.033,5
0.003,0.079,-0.056,5
0.003,0.101,-0.05,5
0.011,0.134,-0.062,5
0.006,0.125,-0.108,5
0.018,0.134,-0.106,5
-0.082,0.125,-0.129,4
-0.044,0.125,-0.142,5
-0.056,0.113,-0.115,5
-0.081,0.058,-0.091,5
-0.124,0.057,-0.103,5
-0.112,-0.013,-0.088,5
-0.14,0.001,-0.049,5
-0.078,0.005,-0.014,5
-0.092,0.009,0.0,5
-0.057,0.012,0.021,5
-0.06,-0.006,0.057,5
-0.054,-0.014,0.052,5
-0.04,-0.047,0.085,5
-0.027,-0.02,0.137,5
-0.016,-0.005,0.184,5
-0.001,-0.031,0.208,5
0.024,-0.058,0.261,4
0.039,-0.086,0.278,5
0.039,-0.065,0.233,5
0.018,-0.071,0.175,5
-0.017,-0.042,0.17,5
-0.003,-0.042,0.02,5
0.01,-0.034,-0.038,5
0.034,-0.017,-0.094,5
0.005,0.001,-0.102,5
-0.007,-0.003,-0.113,5
0.031,-0.003,-0.102,5
0.041,-0.011,-0.109,5
0.032,-0.044,-0.111,5
0.029,-0.061,-0.117,5
0.048,-0.059,-0.075,5
0.047,-0.062,-0.102,5
0.038,-0.107,-0.066,5
0.056,-0.097,-0.016,4
0.037,-0.096,-0.002,5
-0.004,-0.138,-0.006,5
-0.008,-0.094,0.037,5
0.018,-0.093,0.033,5
0.024,-0.109,0.03,5
0.065,-0.077,0.005,5
0.054,-0.039,0.039,5
0.066,-0.026,0.027,5
0.077,-0.032,0.011,5
0.086,-0.038,-0.015,5
0.125,-0.025,-0.013,5
0.117,-0.014,-0.038,5
0.17,-0.021,-0.047,5
0.174,-0.019,-0.016,5
0.161,-0.021,-0.015,5
0.162,0.001,-0.013,5
0.167,0.001,-0.033,4
0.129,-0.007,-0.034,5
0.09,-0.019,0.007,5
0.06,0.004,0.019,5
-0.062,0.046,-0.025,5
-0.383,0.119,-0.139,5
-0.47,0.038,-0.146,5
-0.207,-0.038,0.04,5
-0.036,-0.064,0.187,5
-0.019,0.015,0.245,5
-0.099,0.108,0.273,5
-0.175,0.14,0.185,5
-0.252,0.143,0.089,5
-0.322,0.15,0.024,5
-0.281,0.174,0.021,5
-0.244,0.183,-0.001,5
-0.22,0.186,-0.01,5
-0.12,0.223,-0.069,4
-0.035,0.214,-0.097,5
0.058,0.184,-0.083,5
0.065,0.157,-0.083,5
0.11,0.098,-0.049,5
0.198,0.066,-0.035,5
0.196,0.047,-0.006,5
0.167,-0.004,-0.022,5
0.146,-0.012,-0.011,5
0.123,-0.011,-0.053,5
0.128,-0.01,-0.074,5
0.089,-0.013,-0.023,5
0.029,-0.016,-0.025,5
0.026,0.01,-0.027,5
-0.028,-0.003,0.027,5
-0.042,0.01,0.08,5
-0.064,0.043,0.102,5
-0.1,0.065,0.062,4
-0.008,0.002,-0.646,5
-0.025,-0.058,-0.875,5
-0.061,-0.095,0.095,5
0.061,-0.098,0.538,5
0.188,-0.084,0.467,5
0.083,0.014,0.442,5
-0.041,0.185,0.268,5
-0.106,0.317,0.164,5
-0.06,0.341,0.186,5
0.022,0.251,0.198,5
0.011,0.088,0.148,5
-0.023,-0.053,0.163,5
-0.017,-0.147,0.276,5
0.118,-0.197,0.404,5
0.265,-0.341,0.635,5
0.243,-0.466,0.761,5
0.188,-0.51,0.719,4
0.101,-0.601,0.277,5
0.056,-0.623,0.007,5
0.012,-0.561,-0.074,5
0.006,-0.44,-0.179,5
-0.028,-0.318,-0.325,5
-0.012,-0.127,-0.589,5
0.096,0.087,-0.849,5
0.099,0.277,-0.868,5
0.012,0.404,-0.647,5
-0.105,0.493,-0.479,5
-0.146,0.457,-0.332,5
-0.14,0.333,-0.307,5
-0.036,0.227,-0.165,5
0.032,0.182,-0.002,5
0.089,0.156,0.054,5
-0.031,0.084,0.13,5
-0.282,0.037,0.057,4
-0.357,-0.013,-0.099,5
-0.231,-0.094,-0.244,5
-0.126,-0.149,-0.267,5
0.011,-0.138,-0.141,5
0.078,-0.125,-0.032,5
0.114,-0.138,-0.02,5
0.15,-0.141,-0.01,5
0.165,-0.097,-0.004,5
0.153,-0.104,-0.051,5
0.129,-0.077,-0.076,5
0.129,-0.035,-0.064,5
0.09,-0.009,-0.079,5
0.111,0.038,-0.033,5
0.156,0.047,-0.025,5
0.132,0.038,-0.001,5
0.088,0.073,-0.009,5
0.066,0.048,-0.008,4
0.021,0.048,-0.02,5
-0.019,0.021,-0.018,5
-0.017,0.006,0.008,5
-0.071,-0.002,-0.043,5
-0.116,0.002,-0.052,5
-0.147,0.031,0.009,5
-0.158,0.02,0.042,5
-0.216,0.052,0.059,5
-0.186,0.103,0.053,5
-0.201,0.084,0.052,5
-0.151,0.106,0.056,5
-0.153,0.095,0.046,5
-0.202,0.073,0.002,5
-0.135,0.057,0.002,5
-0.117,0.072,-0.019,5
-0.045,0.074,0.004,5
-0.049,0.045,0.0,4
-0.018,0.014,0.046,5
0.017,-0.008,0.076,5
0.059,-0.067,0.038,5
0.07,-0.095,0.047,5
0.067,-0.068,0.056,5
0.069,-0.066,0.033,5
0.062,-0.059,0.034,5
0.047,-0.057,0.009,5
0.068,-0.047,0.055,5
0.031,0.0,0.007,5
0.028,0.004,0.045,5

# Completed @Tue May 05 21:19:56 GMT+08:00 2020
