# Accelerometer Data File
# Started @Tue May 05 21:20:25 GMT+08:00 2020
#
#
# sensor Vendor: BOSCH
# sensor Name: BMI160 Accelerometer
# sensor Resolution: 0.0023956299m/sec^2; Max Range: 156.9064; Min Delay: 5000 microseconds
# The sensor's attributes are the result hardware and the Android capabilities.
# It means that the Android may not utilize all features provided by the hardware.
#
# Some devices and Android versions save battery too much so the device may go to sleep.
# It just happens after couple of minutes from turning off the scree and it is easy to find it out.
#
# The following file provides the data from accelerometer in the m/s^2 format.
# The diff value is just a time delta between the samples
#
#
# data format:
# so we have 4 columns with values separated by the ","
# X,Y,Z,time_from_previous_sample(ms)

# sensor speed set to:FASTEST
# units set to: m/sec^2
# gravity  filtered out
# Accuracy: HIGH
-1.054,8.62,-0.205,0
-0.94,7.762,-0.176,4
-0.876,7.012,-0.137,5
-0.784,6.311,-0.145,5
-0.74,5.654,-0.113,5
-0.674,5.088,-0.106,5
-0.598,4.588,-0.091,5
-0.521,4.125,-0.103,5
-0.482,3.721,-0.076,5
-0.395,3.344,-0.111,5
-0.334,3.019,-0.122,5
-0.27,2.712,-0.127,5
-0.239,2.428,-0.058,5
-0.163,2.181,-0.035,5
-0.173,1.937,-0.018,5
-0.151,1.76,-0.025,5
-0.119,1.584,0.024,5
-0.128,1.46,0.026,5
-0.09,1.301,-0.019,4
-0.119,1.188,0.029,5
-0.116,1.057,0.013,5
-0.135,0.908,0.016,5
-0.125,0.804,0.054,5
-0.13,0.741,0.035,5
-0.134,0.658,-0.006,5
-0.125,0.584,-0.049,5
-0.035,0.568,-0.091,5
-0.005,0.473,-0.013,5
0.016,0.417,-0.029,5
-0.002,0.375,0.012,5
0.01,0.35,0.041,5
-0.033,0.302,0.037,5
-0.086,0.255,0.085,5
-0.12,0.277,0.111,5
-0.138,0.266,0.104,5
-0.146,0.235,0.063,5
-0.114,0.233,-0.003,4
-0.137,0.214,0.001,5
-0.115,0.249,-0.037,5
-0.047,0.207,-0.016,5
-0.038,0.164,0.011,5
-0.052,0.139,-0.024,5
-0.029,0.095,0.016,5
-0.005,0.038,0.01,5
0.055,0.008,0.026,5
0.041,-0.004,0.024,5
0.067,0.008,0.017,5
0.03,0.011,0.007,5
0.031,0.002,-0.01,5
0.067,0.019,-0.001,5
0.03,0.012,-0.009,5
0.07,0.024,-0.008,5
0.033,0.035,-0.029,4
0.038,0.022,-0.039,5
0.026,0.024,-0.056,5
0.014,0.022,-0.042,5
0.004,-0.009,-0.025,5
0.008,-0.026,-0.022,5
0.037,-0.049,-0.029,5
0.042,-0.066,-0.026,5
0.021,-0.059,-0.01,5
0.006,-0.066,-0.052,5
0.022,-0.064,-0.051,5
0.016,-0.057,-0.055,5
0.031,-0.021,-0.015,5
0.007,-0.032,0.0,5
-0.006,0.005,-0.005,5
-0.027,0.047,0.034,5
-0.054,0.06,0.043,5
-0.049,0.075,0.035,4
-0.091,0.085,0.022,5
-0.117,0.098,0.029,5
-0.088,0.144,0.078,5
-0.083,0.117,0.048,5
-0.109,0.122,0.022,5
-0.081,0.11,0.024,5
-0.025,0.086,0.03,5
-0.032,0.073,0.031,5
0.001,0.027,0.045,5
0.022,-0.001,-0.07,5
0.024,0.011,-0.05,5
0.039,-0.019,-0.049,5
0.052,-0.03,-0.062,5
0.064,-0.057,-0.051,5
0.023,-0.043,-0.003,5
0.038,-0.017,-0.024,5
0.026,-0.041,-0.048,4
-0.015,-0.015,-0.064,5
0.007,-0.014,-0.084,5
-0.018,-0.008,-0.092,5
-0.012,-0.003,-0.075,5
-0.019,0.027,-0.054,5
-0.039,0.028,-0.036,5
-0.039,0.03,-0.023,5
-0.005,0.022,-0.012,5
-0.052,0.029,0.018,5
-0.051,-0.008,-0.004,5
-0.033,0.001,-0.017,5
-0.008,0.009,0.014,5
-0.024,0.021,0.013,5
0.003,-0.01,0.007,5
-0.009,0.02,-0.019,5
-0.004,-0.02,-0.047,5
0.026,-0.009,-0.042,5
0.044,-0.004,-0.038,4
0.018,-0.003,0.017,5
0.038,-0.033,0.075,5
0.043,-0.051,0.012,5
0.013,-0.042,0.023,5
0.029,-0.055,-0.017,5
0.073,-0.054,0.01,5
0.036,-0.083,0.009,5
0.049,-0.074,0.016,5
0.04,-0.045,0.036,5
-0.006,-0.015,0.024,5
0.015,0.02,-0.033,5
0.009,0.053,-0.077,5
0.034,0.073,-0.078,5
0.043,0.087,-0.079,5
0.018,0.104,-0.058,5
0.0,0.111,0.007,5
-0.005,0.078,0.062,4
-0.069,0.032,0.078,5
-0.079,0.024,0.096,5
-0.063,-0.012,0.121,5
-0.039,-0.041,0.061,5
-0.087,-0.062,0.007,5
-0.056,-0.06,-0.031,5
-0.003,-0.059,-0.075,5
0.035,-0.048,-0.132,5
0.053,-0.018,-0.171,5
0.078,-0.012,-0.154,5
0.087,0.01,-0.125,5
0.078,0.005,-0.07,5
0.058,0.026,0.001,5
0.082,0.028,0.001,5
0.065,0.025,0.039,5
-0.001,0.014,0.048,5
-0.044,0.021,0.061,4
-0.039,0.032,0.029,5
-0.031,0.041,0.069,5
-0.062,-0.001,0.066,5
-0.06,-0.001,0.017,5
-0.046,0.0,0.028,5
-0.037,0.0,0.003,5
-0.024,-0.009,-0.043,5
0.02,-0.038,-0.005,5
0.027,-0.004,-0.051,5
0.002,-0.021,-0.076,5
0.015,-0.014,-0.03,5
0.044,0.003,-0.04,5
0.031,-0.013,-0.014,5
0.066,-0.008,-0.013,5
0.042,-0.015,-0.007,5
0.021,0.002,-0.002,5
0.062,0.006,0.019,4
0.03,-0.006,0.038,5
0.018,-0.001,0.034,5
0.003,0.028,0.065,5
-0.009,0.008,0.011,5
0.017,0.0,0.028,5
-0.001,0.016,0.003,5
0.015,0.023,-0.065,5
0.014,0.029,-0.076,5
0.012,0.026,-0.094,5
0.045,0.041,-0.067,5
0.028,-0.001,-0.082,5
0.068,0.002,0.003,5
0.04,0.015,0.076,5
0.027,-0.003,0.034,5
0.011,-0.02,0.009,5
0.019,-0.061,0.0,5
0.047,-0.068,-0.03,4
-0.021,-0.009,-0.027,5
-0.023,0.0,-0.029,5
0.008,-0.008,-0.039,5
0.0,0.013,-0.065,5
-0.026,0.003,-0.041,5
0.001,0.033,-0.054,5
-0.006,0.03,-0.01,5
0.041,-0.011,0.003,5
0.062,-0.01,0.033,5
0.043,-0.005,0.038,5
0.056,-0.026,0.013,5
0.111,-0.027,0.011,5
0.078,-0.02,0.019,5
0.049,-0.001,0.008,5
0.052,0.02,-0.026,5
0.073,-0.007,-0.028,5
-0.007,0.031,0.004,4
-0.015,0.05,-0.017,5
-0.039,0.053,-0.054,5
-0.061,0.048,-0.053,5
-0.076,0.095,-0.086,5
-0.099,0.042,-0.073,5
-0.089,0.059,0.002,5
-0.08,0.058,0.002,5
-0.033,-0.003,-0.01,5
-0.038,0.018,0.007,5
-0.043,0.0,0.002,5
-0.047,-0.017,0.023,5
0.012,-0.041,0.073,5
0.028,-0.063,0.048,5
0.0,-0.052,0.0,5
0.069,-0.047,0.047,5
0.014,-0.038,0.064,5
-0.008,-0.043,0.019,5
-0.028,-0.013,0.004,4
0.008,-0.016,0.055,5
-0.052,0.015,-0.04,5
-0.051,0.044,-0.027,5
-0.055,0.048,0.035,5
-0.066,0.043,-0.019,5
0.017,0.043,0.025,5
-0.036,0.047,0.014,5
-0.015,0.047,-0.013,5
-0.009,0.025,0.031,5
-0.03,0.027,-0.01,5
0.007,0.045,0.0,5
0.028,0.032,0.012,5
0.025,0.016,-0.002,5
-0.011,0.014,0.019,5
-0.023,0.03,0.022,5
0.0,0.027,0.045,4
0.017,0.024,-0.001,5
-0.005,0.0,0.015,5
0.0,0.013,0.052,5
-0.026,0.025,0.034,5
-0.041,0.005,0.009,5
-0.032,-0.038,0.008,5
0.0,-0.034,0.02,5
0.013,-0.039,-0.037,5
0.025,-0.07,-0.038,5
0.048,-0.058,-0.012,5
-0.012,-0.027,0.048,5
-0.028,-0.058,-0.007,5
0.039,-0.057,0.006,5
-0.007,-0.038,-0.016,5
-0.041,0.004,-0.027,5
-0.015,0.0,-0.063,5
-0.027,0.029,-0.026,5
0.001,0.056,-0.024,4
0.014,0.046,-0.008,5
-0.013,0.042,-0.003,5
-0.02,0.016,0.035,5
-0.014,0.006,0.087,5
0.017,-0.024,0.092,5
-0.01,-0.065,0.104,5
0.008,-0.076,0.098,5
0.02,-0.085,0.075,5
0.018,-0.072,0.016,5
0.025,-0.065,-0.002,5
0.005,-0.046,-0.062,5
-0.051,-0.024,-0.103,5
-0.011,-0.013,-0.106,5
-0.006,0.031,-0.143,5
0.028,0.054,-0.146,5
-0.021,0.027,-0.079,5
-0.032,0.02,-0.089,4
-0.028,0.022,-0.028,5
-0.043,-0.005,-0.055,5
-0.051,-0.069,-0.041,5
-0.042,-0.071,-0.102,5
-0.012,-0.072,-0.121,5
0.023,-0.1,-0.161,5
0.025,-0.081,-0.205,5
0.078,-0.073,-0.249,5
0.04,-0.061,-0.181,5
0.062,-0.042,-0.124,5
0.06,-0.038,-0.069,5
0.002,-0.043,0.023,5
0.011,-0.012,0.034,5
0.04,-0.024,0.043,5
-0.032,0.003,0.147,5
0.0,0.007,0.205,5
-0.003,0.015,0.155,4
0.009,0.026,0.191,5
0.008,0.05,0.219,5
-0.026,0.049,0.223,5
-0.049,0.083,0.196,5
-0.044,0.083,0.215,5
-0.057,0.083,0.164,5
-0.064,0.092,0.117,5
-0.071,0.079,0.135,5
-0.059,0.097,0.07,5
-0.062,0.108,0.054,5
-0.043,0.067,0.053,5
-0.064,0.039,0.065,5
-0.045,0.005,0.033,5
-0.023,-0.012,0.0,5
0.004,-0.019,-0.026,5
0.029,-0.009,-0.04,5
0.044,-0.038,-0.066,4
0.117,-0.077,-0.081,5
0.101,-0.104,-0.039,5
0.104,-0.072,-0.086,5
0.11,-0.06,-0.06,5
0.082,-0.033,-0.132,5
0.018,-0.012,-0.132,5
0.042,0.005,-0.105,5
0.007,0.009,-0.164,5
-0.027,0.03,-0.143,5
-0.037,0.074,-0.077,5
-0.063,0.067,-0.056,5
-0.117,0.043,-0.068,5
-0.106,0.004,-0.044,5
-0.121,-0.004,-0.001,5
-0.117,-0.021,0.011,5
-0.058,-0.027,0.019,5
-0.065,-0.055,0.017,4
-0.024,-0.049,0.002,5
-0.026,-0.031,-0.014,5
-0.002,0.001,-0.043,5
-0.002,0.001,-0.052,5
-0.01,0.027,-0.029,5
-0.005,0.045,0.046,5
-0.047,0.062,0.085,5
-0.073,0.073,0.08,5
-0.035,0.079,0.107,5
-0.079,0.14,0.122,5
-0.045,0.134,0.114,5
-0.032,0.108,0.137,5
-0.02,0.123,0.205,5
0.002,0.128,0.154,5
0.007,0.085,0.173,5
0.019,0.072,0.117,5
0.025,0.039,0.161,4
0.044,0.001,0.154,5
0.074,-0.046,0.126,5
0.088,-0.08,0.113,5
0.144,-0.119,0.132,5
0.147,-0.142,0.127,5
0.132,-0.184,0.106,5
0.162,-0.17,0.095,5
0.133,-0.144,0.073,5
0.167,-0.168,0.065,5
0.111,-0.156,0.059,5
0.109,-0.106,0.027,5
0.085,-0.091,-0.014,5
0.055,-0.047,-0.016,5
0.054,-0.021,-0.045,5
0.1,0.01,-0.071,5
0.038,0.005,-0.076,5
0.026,0.009,-0.09,5
-0.01,0.021,-0.116,4
-0.014,-0.002,-0.07,5
-0.034,0.01,-0.041,5
-0.013,-0.02,-0.097,5
0.0,-0.031,-0.092,5
-0.038,-0.019,-0.087,5
-0.064,-0.056,-0.044,5
-0.01,-0.076,-0.044,5
-0.065,-0.047,-0.061,5
-0.128,-0.016,-0.093,5
-0.007,-0.088,-0.032,5
-0.118,-0.066,-0.003,5
-0.171,-0.055,-0.072,5
-0.128,-0.05,-0.017,5
-0.119,-0.07,-0.033,5
-0.107,-0.055,-0.012,5
-0.114,-0.066,0.027,4
-0.12,-0.038,0.003,5
-0.108,-0.03,-0.04,5
-0.093,-0.018,-0.049,5
-0.07,0.026,-0.001,5
-0.029,0.049,0.011,5
-0.022,0.031,0.002,5
-0.045,0.062,0.049,5
-0.049,0.086,0.022,5
-0.044,0.069,0.007,5
-0.023,0.075,-0.006,5
-0.029,0.098,0.011,5
-0.039,0.092,0.023,5
-0.048,0.096,0.0,5
-0.03,0.082,-0.021,5
-0.066,0.099,-0.006,5
-0.059,0.098,0.088,5
-0.014,0.067,0.071,5
0.008,0.034,0.059,4
0.02,0.0,0.105,5
0.018,-0.003,0.116,5
0.046,-0.033,0.117,5
0.097,-0.047,0.067,5
0.144,-0.051,0.09,5
0.125,-0.05,0.094,5
0.13,-0.023,0.05,5
0.104,-0.012,-0.001,5
0.106,0.027,-0.044,5
0.061,0.067,-0.113,5
0.029,0.091,-0.166,5
0.035,0.142,-0.171,5
-0.028,0.128,-0.154,5
-0.038,0.158,-0.13,5
-0.069,0.146,-0.039,5
-0.066,0.149,0.002,5
-0.081,0.134,0.097,4
-0.064,0.09,0.109,5
-0.071,0.021,0.063,5
-0.064,-0.036,0.048,5
-0.07,-0.037,0.018,5
-0.08,-0.055,-0.048,5
-0.055,-0.032,-0.164,5
-0.037,-0.016,-0.19,5
-0.003,-0.001,-0.145,5
0.018,-0.005,-0.127,5
-0.009,0.037,-0.058,5
-0.033,0.055,-0.009,5
-0.03,0.045,-0.012,5
-0.066,0.028,0.027,5
-0.068,-0.004,-0.014,5
-0.061,-0.004,0.021,5
-0.107,-0.042,0.041,5
-0.096,-0.055,0.088,4
-0.095,-0.062,0.075,5
-0.124,-0.108,0.05,5
-0.142,-0.101,0.11,5
-0.149,-0.095,0.086,5
-0.182,-0.069,0.073,5
-0.133,-0.088,0.04,5
-0.094,-0.027,0.053,5
-0.076,-0.007,0.03,5
0.004,0.001,0.006,5
0.047,0.005,-0.003,5
0.081,0.018,0.01,5
0.146,0.012,0.026,5
0.213,0.019,0.032,5
0.265,0.013,0.011,5
0.303,-0.013,0.002,5
0.329,-0.012,0.001,5
0.339,-0.058,0.027,4
0.283,-0.113,0.046,5
0.255,-0.084,-0.005,5
0.229,-0.076,-0.069,5
0.172,-0.055,-0.08,5
0.15,-0.045,-0.102,5
0.118,-0.036,-0.13,5
0.093,-0.002,-0.109,5
0.054,0.036,-0.132,5
-0.024,0.066,-0.067,5
-0.034,0.077,-0.073,5
-0.078,0.074,-0.014,5
-0.066,0.062,0.016,5
-0.141,0.051,0.01,5
-0.162,0.025,0.031,5
-0.18,0.022,-0.01,5
-0.192,-0.005,-0.009,5
-0.194,-0.039,-0.034,5
-0.145,-0.057,-0.056,4
-0.134,-0.064,-0.02,5
-0.147,-0.032,-0.018,5
-0.132,-0.063,-0.008,5
-0.14,-0.069,0.026,5
-0.161,-0.045,0.05,5
-0.11,-0.036,0.092,5
-0.155,-0.037,0.1,5
-0.148,-0.007,0.142,5
-0.155,-0.045,0.149,5
-0.161,-0.028,0.1,5
-0.127,-0.042,0.09,5
-0.141,-0.051,0.029,5
-0.118,-0.041,0.026,5
-0.149,-0.05,-0.019,5
-0.087,-0.036,0.012,5
-0.048,-0.046,-0.053,5
-0.077,-0.011,-0.034,4
-0.044,-0.031,-0.121,5
-0.044,-0.011,-0.092,5
-0.035,0.015,-0.078,5
-0.027,0.048,-0.088,5
0.0,0.052,-0.131,5
-0.024,0.051,-0.07,5
-0.013,0.063,-0.102,5
0.009,0.113,-0.066,5
0.068,0.114,-0.051,5
0.078,0.103,-0.084,5
0.114,0.075,-0.14,5
0.115,0.102,-0.066,5
0.138,0.066,-0.059,5
0.185,0.038,-0.053,5
0.222,0.021,-0.022,5
0.221,-0.002,-0.007,5
0.242,-0.001,-0.036,4
0.235,0.002,-0.024,5
0.207,0.015,0.003,5
0.182,0.009,-0.026,5
0.134,0.012,-0.032,5
0.09,0.024,-0.025,5
0.081,0.03,-0.022,5
0.021,0.062,0.014,5
0.002,0.047,0.0,5
-0.006,0.038,0.051,5
-0.1,0.021,0.102,5
-0.103,-0.023,0.199,5
-0.144,-0.047,0.158,5
-0.16,-0.055,0.043,5
-0.213,-0.08,0.142,5
-0.187,-0.097,0.167,5
-0.151,-0.118,0.184,5
-0.158,-0.132,0.17,4
-0.176,-0.132,0.162,5
-0.185,-0.114,0.171,5
-0.183,-0.111,0.163,5
-0.139,-0.126,0.168,5
-0.129,-0.1,0.151,5
-0.116,-0.069,0.114,5
-0.031,-0.096,0.116,5
-0.045,-0.087,0.087,5
-0.045,-0.052,0.052,5
-0.036,-0.038,0.051,5
-0.024,-0.03,0.033,5
-0.06,-0.01,-0.012,5
-0.054,0.021,0.014,5
-0.096,0.031,-0.064,5
-0.056,0.045,-0.036,5
-0.012,0.067,-0.037,5
0.04,0.056,-0.046,4
0.045,0.037,-0.059,5
0.057,0.055,-0.113,5
0.03,0.036,-0.059,5
0.005,0.05,-0.018,5
0.048,0.075,0.009,5
0.06,0.016,-0.026,5
-0.035,0.036,-0.002,5
-0.014,-0.006,0.058,5
-0.004,-0.022,0.026,5
0.012,-0.055,0.032,5
0.007,-0.083,-0.022,5
0.023,-0.066,-0.05,5
0.038,-0.038,-0.036,5
0.017,-0.039,-0.032,5
-0.001,-0.022,-0.038,5
0.033,0.014,0.004,5
0.072,0.017,0.021,5
0.031,0.041,0.053,4
-0.04,0.058,0.069,5
-0.075,0.061,0.123,5
-0.085,0.064,0.153,5
-0.132,0.023,0.147,5
-0.153,-0.017,0.153,5
-0.164,-0.029,0.155,5
-0.169,-0.082,0.084,5
-0.191,-0.095,0.093,5
-0.18,-0.107,0.053,5
-0.167,-0.126,0.009,5
-0.154,-0.127,0.042,5
-0.177,-0.114,0.098,5
-0.142,-0.072,0.084,5
-0.163,-0.039,0.08,5
-0.185,-0.022,0.128,5
-0.167,0.022,0.158,5
-0.128,0.059,0.186,4
-0.098,0.087,0.206,5
-0.062,0.109,0.211,5
-0.009,0.145,0.198,5
0.034,0.139,0.269,5
0.044,0.164,0.281,5
0.13,0.156,0.244,5
0.173,0.128,0.241,5
0.263,0.11,0.269,5
0.314,0.061,0.203,5
0.296,0.042,0.174,5
0.275,-0.026,0.139,5
0.312,-0.071,0.173,5
0.315,-0.129,0.13,5
0.266,-0.163,0.168,5
0.158,-0.181,0.173,5
0.129,-0.223,0.19,4
0.056,-0.261,0.193,5
0.029,-0.257,0.13,5
-0.003,-0.244,0.061,5
-0.007,-0.237,0.128,5
-0.02,-0.217,0.111,5
-0.013,-0.157,0.117,5
-0.046,-0.063,0.148,5
-0.059,-0.005,0.138,5
-0.04,0.072,0.102,5
-0.062,0.142,0.131,5
-0.116,0.184,0.092,5
-0.178,0.239,0.048,5
-0.233,0.262,-0.007,5
-0.322,0.309,-0.007,5
-0.324,0.274,-0.075,5
-0.335,0.264,0.009,5
-0.349,0.28,0.013,5
-0.361,0.235,0.041,4
-0.368,0.233,0.046,5
-0.335,0.149,0.089,5
-0.31,0.113,0.166,5
-0.266,0.08,0.188,5
-0.244,0.089,0.268,5
-0.224,0.05,0.401,5
-0.128,0.019,0.434,5
-0.085,0.052,0.516,5
-0.033,0.025,0.606,5
0.042,0.07,0.627,5
0.133,0.071,0.608,5
0.184,0.163,0.659,5
0.222,0.229,0.709,5
0.255,0.314,0.63,5
0.29,0.403,0.575,5
0.287,0.513,0.565,5
0.254,0.63,0.487,4
0.263,0.714,0.456,5
0.206,0.81,0.44,5
0.177,0.837,0.413,5
0.142,0.857,0.342,5
0.059,0.814,0.26,5
0.014,0.763,0.096,5
0.013,0.686,-0.059,5
-0.009,0.544,-0.187,5
-0.004,0.481,-0.315,5
0.004,0.429,-0.386,5
-0.013,0.39,-0.443,5
0.009,0.386,-0.51,5
-0.034,0.442,-0.597,5
-0.177,0.505,-0.71,5
-0.254,0.588,-0.88,5
-0.328,0.667,-0.964,5
-0.334,0.661,-1.109,4
-0.348,0.668,-1.3,5
-0.347,0.649,-1.48,5
-0.321,0.601,-1.604,5
-0.302,0.506,-1.728,5
-0.289,0.4,-1.701,5
-0.251,0.23,-1.548,5
-0.261,0.039,-1.256,5
-0.204,-0.231,-0.958,5
0.013,-0.613,-0.737,5
0.391,-1.034,-0.443,5
0.714,-1.495,-0.278,5
1.039,-1.923,-0.242,5
1.306,-2.257,-0.278,5
1.455,-2.466,-0.332,5
1.542,-2.689,-0.432,5
1.548,-2.843,-0.566,5
1.406,-2.894,-0.608,5
1.226,-2.851,-0.655,4
1.022,-2.678,-0.671,5
0.816,-2.466,-0.621,5
0.605,-2.236,-0.551,5
0.372,-1.879,-0.448,5
0.115,-1.437,-0.339,5
-0.245,-0.957,-0.21,5
-0.565,-0.482,-0.12,5
-0.758,-0.016,-0.073,5
-0.928,0.455,-0.088,5
-0.986,0.879,-0.087,5
-0.956,1.235,-0.07,5
-0.942,1.495,-0.089,5
-0.883,1.75,-0.058,5
-0.794,1.911,-0.027,5
-0.702,1.966,0.044,5
-0.571,1.907,0.061,4
-0.462,1.785,0.102,5
-0.364,1.671,0.148,5
-0.289,1.513,0.176,5
-0.2,1.318,0.322,5
-0.145,1.096,0.458,5
-0.062,0.913,0.43,5
0.034,0.68,0.443,5
0.117,0.435,0.398,5
0.243,0.206,0.384,5
0.434,0.013,0.376,5
0.537,-0.134,0.377,5
0.656,-0.263,0.456,5
0.728,-0.34,0.466,5
0.789,-0.461,0.506,5
0.83,-0.497,0.537,5
0.859,-0.468,0.561,5
0.86,-0.473,0.565,4
0.847,-0.43,0.53,5
0.784,-0.374,0.451,5
0.718,-0.302,0.384,5
0.616,-0.233,0.273,5
0.498,-0.162,0.146,5
0.384,-0.138,0.054,5
0.32,-0.046,-0.045,5
0.249,-0.041,-0.114,5
0.168,-0.072,-0.197,5
0.099,-0.073,-0.242,5
-0.013,-0.053,-0.175,5
-0.081,-0.112,-0.127,5
-0.176,-0.183,-0.106,5
-0.197,-0.229,-0.082,5
-0.225,-0.318,-0.001,5
-0.28,-0.316,0.072,5
-0.312,-0.384,0.039,5
-0.311,-0.376,0.078,4
-0.336,-0.364,0.074,5
-0.242,-0.34,0.075,5
-0.244,-0.28,-0.035,5
-0.133,-0.248,0.033,5
0.017,-0.21,0.159,5
-0.04,-0.125,0.112,5
0.024,-0.065,0.213,5
0.086,-0.11,0.265,5
0.207,-0.103,0.329,5
0.19,-0.127,0.417,5
0.201,-0.162,0.539,5
0.185,-0.232,0.61,5
0.18,-0.278,0.721,5
0.196,-0.332,0.765,5
0.228,-0.354,0.818,5
0.24,-0.435,0.87,5
0.224,-0.482,0.895,4
0.224,-0.524,0.896,5
0.223,-0.554,0.888,5
0.218,-0.533,0.765,5
0.14,-0.488,0.611,5
0.074,-0.422,0.593,5
0.071,-0.345,0.495,5
0.098,-0.272,0.385,5
0.153,-0.171,0.32,5
0.202,-0.111,0.284,5
0.195,-0.061,0.23,5
0.171,0.013,0.207,5
0.219,0.003,0.173,5
0.231,0.016,0.147,5
0.26,0.01,0.115,5
0.221,-0.033,0.065,5
0.233,-0.086,0.028,5
0.236,-0.077,0.154,4
0.251,-0.134,0.225,5
0.312,-0.211,0.272,5
0.354,-0.186,0.236,5
0.383,-0.193,0.109,5
0.396,-0.144,0.08,5
0.439,-0.103,0.107,5
0.541,-0.058,-0.054,5
0.616,-0.009,-0.139,5
0.68,0.116,-0.164,5
0.711,0.169,-0.186,5
0.713,0.182,-0.172,5
0.736,0.202,-0.038,5
0.719,0.148,0.15,5
0.569,0.111,0.32,5
0.426,0.048,0.491,5
0.302,-0.085,0.627,5
0.12,-0.236,0.737,5
-0.149,-0.372,0.775,4
-0.354,-0.494,0.762,5
-0.431,-0.643,0.712,5
-0.581,-0.716,0.662,5
-0.635,-0.804,0.622,5
-0.636,-0.935,0.602,5
-0.65,-1.039,0.559,5
-0.637,-1.091,0.447,5
-0.608,-1.137,0.416,5
-0.555,-1.148,0.357,5
-0.517,-1.132,0.312,5
-0.521,-1.187,0.264,5
-0.512,-1.18,0.212,5
-0.564,-1.252,0.203,5
-0.685,-1.377,0.256,5
-0.957,-1.549,0.243,5
-1.494,-1.687,-0.151,5
-2.138,-1.544,-1.191,4
-2.657,-0.959,-3.149,5
-2.74,-0.048,-4.713,5
-1.966,0.697,-5.431,5
-0.455,0.873,-6.0,5
1.456,0.945,-6.74,5
3.025,1.255,-7.088,5
3.796,2.0,-6.611,5
4.028,3.304,-5.33,5
3.957,4.874,-3.517,5
3.341,6.378,-1.911,5
1.865,7.757,-1.543,5
0.132,8.899,-1.79,5
-1.324,9.56,-1.86,5
-2.73,9.453,-1.795,5
-4.082,8.616,-1.62,5
-5.385,7.164,-1.415,5
-5.859,5.266,-1.144,4
-5.394,3.171,-1.004,5
-4.432,1.208,-0.416,5
-3.144,-0.442,0.702,5
-1.955,-1.729,1.937,5
-0.949,-2.599,2.623,5
-0.121,-3.081,3.166,5
0.36,-3.337,3.479,5
0.651,-3.391,3.066,5
0.857,-3.298,2.346,5
1.004,-3.188,1.404,5
1.05,-2.925,0.398,5
0.988,-2.624,-0.348,5
0.868,-2.241,-0.947,5
0.772,-1.913,-1.287,5
0.768,-1.704,-1.434,5
0.756,-1.487,-1.502,5
0.603,-1.303,-1.412,4
0.465,-1.134,-1.159,5
0.164,-0.93,-0.952,5
-0.144,-0.686,-0.728,5
-0.406,-0.458,-0.59,5
-0.667,-0.24,-0.501,5
-0.794,-0.018,-0.382,5
-0.766,0.104,-0.266,5
-0.621,0.158,-0.114,5
-0.334,0.142,0.107,5
-0.008,0.081,0.234,5
0.281,-0.052,0.284,5
0.537,-0.258,0.282,5
0.755,-0.473,0.215,5
0.912,-0.62,0.15,5
1.101,-0.747,0.105,5
1.055,-0.858,0.068,5
1.122,-0.953,0.148,4
1.131,-0.901,0.383,5
1.013,-0.888,0.116,5
0.886,-0.825,0.122,5
0.668,-0.794,0.213,5
0.545,-0.719,0.273,5
0.31,-0.669,0.311,5
0.093,-0.593,0.31,5
0.006,-0.508,0.382,5
-0.067,-0.453,0.4,5
-0.133,-0.39,0.373,5
-0.124,-0.317,0.366,5
-0.107,-0.315,0.372,5
-0.071,-0.275,0.456,5
-0.115,-0.269,0.522,5
-0.082,-0.225,0.483,5
-0.018,-0.288,0.533,5
-0.007,-0.307,0.519,4
0.031,-0.302,0.454,5
0.05,-0.302,0.447,5
0.075,-0.319,0.502,5
0.097,-0.33,0.486,5
0.161,-0.31,0.455,5
0.227,-0.326,0.452,5
0.286,-0.345,0.506,5
0.296,-0.337,0.498,5
0.301,-0.307,0.505,5
0.245,-0.324,0.532,5
0.19,-0.287,0.509,5
0.119,-0.293,0.552,5
0.073,-0.264,0.501,5
-0.05,-0.181,0.456,5
-0.148,-0.172,0.414,5
-0.207,-0.154,0.399,5
-0.238,-0.117,0.402,4
-0.248,-0.084,0.362,5
-0.167,-0.071,0.304,5
-0.181,-0.047,0.304,5
-0.141,-0.038,0.252,5
-0.092,-0.004,0.265,5
-0.053,0.034,0.234,5
0.025,0.022,0.207,5
0.13,0.046,0.203,5
0.255,0.076,0.118,5
0.406,0.077,0.141,5
0.503,0.086,0.131,5
0.599,0.125,0.1,5
0.647,0.125,0.151,5
0.638,0.182,0.183,5
0.652,0.159,0.225,5
0.613,0.16,0.246,5
0.577,0.166,0.247,4
0.524,0.158,0.231,5
0.476,0.159,0.19,5
0.363,0.139,0.214,5
0.271,0.147,0.232,5
0.14,0.145,0.2,5
0.01,0.135,0.24,5
-0.085,0.151,0.199,5
-0.176,0.14,0.166,5
-0.3,0.144,0.154,5
-0.33,0.142,0.164,5
-0.375,0.167,0.126,5
-0.428,0.215,0.092,5
-0.428,0.232,0.04,5
-0.415,0.217,0.027,5
-0.344,0.221,0.011,5
-0.236,0.234,-0.006,5
-0.204,0.227,0.006,5
-0.088,0.243,0.023,4
-0.002,0.262,0.051,5
0.014,0.262,0.063,5
0.022,0.235,0.061,5
0.045,0.225,0.098,5
0.067,0.232,0.14,5
0.025,0.265,0.173,5
0.027,0.221,0.195,5
0.007,0.186,0.218,5
-0.001,0.168,0.201,5
-0.01,0.086,0.189,5
-0.035,0.043,0.2,5
-0.078,0.026,0.197,5
-0.075,0.002,0.216,5
-0.106,-0.036,0.203,5
-0.074,-0.024,0.2,5
-0.071,-0.06,0.172,4
-0.046,-0.054,0.21,5
-0.016,-0.088,0.237,5
0.015,-0.079,0.217,5
0.022,-0.092,0.221,5
0.011,-0.04,0.229,5
0.001,-0.049,0.237,5
0.018,-0.022,0.2,5
0.073,0.013,0.193,5
0.078,0.029,0.191,5
0.066,0.031,0.141,5
0.098,0.014,0.11,5
0.136,0.009,0.073,5
0.139,-0.034,0.027,5
0.143,-0.052,0.033,5
0.094,-0.051,0.025,5
0.115,-0.059,0.053,5
0.125,-0.105,0.043,5
0.112,-0.116,0.039,4
0.032,-0.13,0.039,5
0.029,-0.164,0.005,5
-0.042,-0.191,0.009,5
-0.107,-0.185,-0.008,5
-0.139,-0.184,-0.033,5
-0.173,-0.195,-0.004,5
-0.207,-0.219,0.021,5
-0.191,-0.205,-0.014,5
-0.09,-0.206,0.008,5
-0.068,-0.151,0.033,5
-0.001,-0.097,0.029,5
0.098,-0.1,0.074,5
0.131,-0.047,0.04,5
0.204,-0.012,0.084,5
0.205,0.035,0.08,5
0.223,0.075,0.102,5
0.214,0.063,0.105,4
0.184,0.087,0.111,5
0.152,0.087,0.126,5
0.137,0.078,0.075,5
0.141,0.118,0.041,5
0.127,0.058,-0.018,5
0.11,0.035,-0.021,5
0.142,0.058,-0.083,5
0.114,0.065,-0.101,5
0.086,0.054,-0.108,5
0.051,0.053,-0.084,5
-0.013,0.065,-0.127,5
-0.051,0.075,-0.102,5
-0.127,0.081,-0.083,5
-0.209,0.094,-0.096,5
-0.296,0.089,-0.112,5
-0.361,0.084,-0.101,5
-0.364,0.106,-0.082,5
-0.323,0.095,-0.147,4
-0.355,0.077,-0.141,5
-0.359,0.095,-0.097,5
-0.357,0.073,-0.1,5
-0.33,0.074,-0.06,5
-0.263,0.058,-0.045,5
-0.249,0.056,-0.04,5
-0.138,0.033,0.01,5
-0.064,0.009,0.078,5
0.045,0.046,0.109,5
0.105,0.0,0.158,5
0.159,-0.035,0.211,5
0.242,-0.048,0.199,5
0.278,-0.061,0.231,5
0.281,-0.055,0.225,5
0.253,-0.079,0.206,5
0.253,-0.076,0.173,5
0.176,-0.09,0.164,4
0.115,-0.115,0.135,5
0.052,-0.091,0.078,5
0.038,-0.107,0.027,5
0.0,-0.109,-0.022,5
-0.047,-0.129,-0.059,5
-0.081,-0.103,-0.061,5
-0.064,-0.08,-0.021,5
-0.053,-0.08,-0.001,5
-0.022,-0.063,-0.1,5
-0.002,-0.057,-0.107,5
0.018,0.008,-0.135,5
0.06,0.029,-0.105,5
0.114,0.047,-0.077,5
0.124,0.025,-0.056,5
0.129,0.014,-0.042,5
0.146,0.03,-0.038,5
0.179,0.048,0.008,4
0.174,-0.016,0.029,5
0.161,-0.001,0.03,5
0.149,-0.005,0.062,5
0.125,-0.013,0.073,5
0.13,0.021,0.083,5
0.1,-0.023,0.057,5
0.064,-0.055,0.038,5
0.01,-0.024,0.065,5
-0.059,-0.013,0.058,5
-0.066,-0.02,0.001,5
-0.077,-0.001,0.009,5
-0.159,-0.022,-0.004,5
-0.139,0.014,-0.077,5
-0.121,-0.008,-0.06,5
-0.13,-0.012,-0.063,5
-0.173,0.006,-0.078,5
-0.147,0.027,-0.109,4
-0.102,0.037,-0.064,5
-0.075,0.046,-0.049,5
-0.08,0.046,-0.009,5
-0.055,0.063,0.034,5
0.01,0.048,0.013,5
-0.016,0.043,0.02,5
-0.01,0.043,0.083,5
-0.018,0.017,0.105,5
-0.063,0.028,0.107,5
-0.022,0.017,0.105,5
-0.037,-0.01,0.116,5
-0.042,0.0,0.104,5
-0.064,-0.004,0.077,5
-0.122,0.021,0.056,5
-0.062,0.023,0.025,5
-0.065,0.034,0.044,5
-0.049,0.022,0.013,4
0.006,0.015,0.008,5
0.023,0.031,-0.005,5
0.012,0.049,0.059,5
0.062,0.014,0.032,5
0.035,0.043,-0.022,5
-0.011,0.026,-0.024,5
-0.023,-0.011,0.029,5
-0.025,0.011,-0.008,5
-0.044,0.04,-0.041,5
-0.026,0.027,0.005,5
-0.05,0.02,0.0,5
-0.045,0.057,-0.046,5
-0.01,0.034,-0.08,5
0.007,0.018,-0.094,5
0.045,0.033,-0.128,5
0.14,0.047,0.104,5
0.182,0.055,-0.052,4
0.228,0.05,-0.081,5
0.223,0.049,-0.026,5
0.248,0.065,0.032,5
0.24,0.05,-0.026,5
0.186,0.019,0.031,5
0.189,0.022,0.123,5
0.161,-0.005,0.068,5
0.124,-0.039,0.069,5
0.103,-0.083,0.101,5
0.079,-0.096,0.087,5
0.041,-0.108,0.117,5
0.037,-0.097,0.135,5
0.033,-0.087,0.148,5
-0.025,-0.104,0.146,5
-0.023,-0.115,0.118,5
0.056,-0.095,0.046,5
0.003,-0.116,0.05,4
0.05,-0.091,-0.002,5
0.127,-0.086,-0.049,5
0.166,-0.078,-0.13,5
0.184,-0.091,-0.164,5
0.217,-0.061,-0.174,5
0.238,-0.05,-0.152,5
0.223,-0.011,-0.115,5
0.261,-0.005,-0.005,5
0.226,0.0,0.0,5
0.204,-0.009,0.029,5
0.196,-0.025,0.035,5
0.155,-0.031,-0.002,5
0.131,-0.028,-0.045,5
0.07,-0.004,-0.109,5
0.016,0.017,-0.21,5
0.01,0.02,-0.284,5
-0.012,0.026,-0.281,4
-0.054,0.041,-0.301,5
-0.061,0.067,-0.266,5
-0.068,0.06,-0.196,5
-0.134,0.05,-0.181,5
-0.129,0.015,-0.202,5
-0.203,-0.003,-0.143,5
-0.23,0.044,-0.141,5
-0.276,0.035,-0.093,5
-0.326,0.031,-0.057,5
-0.345,0.054,0.0,5
-0.396,0.053,0.046,5
-0.426,0.065,0.05,5
-0.418,0.101,0.028,5
-0.44,0.13,0.06,5
-0.396,0.138,0.071,5
-0.365,0.172,0.146,5
-0.316,0.224,0.105,5
-0.215,0.223,0.103,4
-0.163,0.205,0.089,5
-0.057,0.197,0.062,5
0.043,0.182,0.073,5
0.103,0.172,0.066,5
0.153,0.125,0.025,5
0.207,0.16,0.018,5
0.173,0.122,0.02,5
0.195,0.088,-0.019,5
0.162,0.058,0.025,5
0.18,0.086,0.005,5
0.158,0.061,-0.051,5
0.142,0.016,0.005,5
0.128,0.048,-0.033,5
0.149,0.022,-0.038,5
0.195,-0.001,0.025,5
0.205,-0.018,-0.007,5
0.245,-0.038,0.023,4
0.294,-0.047,0.09,5
0.286,-0.02,0.055,5
0.262,-0.036,0.032,5
0.244,-0.092,0.02,5
0.358,-0.027,0.234,5
0.395,0.014,0.163,5
0.399,-0.008,0.09,5
0.367,-0.046,0.137,5
0.313,-0.067,0.162,5
0.299,-0.104,0.142,5
0.252,-0.158,0.089,5
0.166,-0.185,0.149,5
0.132,-0.205,0.117,5
0.011,-0.25,0.049,5
-0.028,-0.259,0.113,5
-0.003,-0.186,0.179,5
0.018,-0.145,0.002,4
-0.065,-0.083,-0.062,5
-0.089,-0.006,0.042,5
-0.157,-0.027,0.021,5
-0.18,-0.054,0.001,5
-0.184,-0.027,0.04,5
-0.183,-0.02,0.053,5
-0.22,-0.027,0.069,5
-0.276,0.009,0.084,5
-0.326,0.008,0.063,5
-0.341,-0.017,0.078,5
-0.298,0.048,0.074,5
-0.341,0.052,0.028,5
-0.38,0.042,0.004,5
-0.334,0.047,0.003,5
-0.313,0.025,-0.013,5
-0.321,-0.003,-0.029,5
-0.332,-0.119,-0.199,4
-0.195,-0.072,0.079,5
-0.128,-0.082,0.166,5
-0.025,-0.052,0.015,5
0.033,0.008,-0.067,5
0.034,0.016,-0.073,5
-0.007,0.027,-0.049,5
-0.05,0.033,-0.095,5
0.019,0.0,-0.043,5
0.0,0.008,-0.12,5
0.043,-0.005,-0.108,5
0.051,-0.043,-0.067,5
0.046,-0.069,-0.121,5
0.197,-0.101,0.05,5
0.268,-0.06,0.084,5
0.366,-0.016,0.075,5
0.398,-0.005,-0.018,5
0.38,0.007,-0.02,5
0.342,0.011,-0.014,4
0.307,-0.02,-0.051,5
0.247,-0.052,-0.08,5
0.217,-0.038,-0.133,5
0.131,-0.039,-0.145,5
0.04,-0.061,-0.165,5
0.006,-0.072,-0.166,5
-0.007,-0.082,-0.145,5
-0.075,-0.061,-0.143,5
-0.072,-0.046,-0.159,5
-0.082,-0.033,-0.065,5
-0.039,0.013,-0.072,5
-0.035,0.033,-0.099,5
-0.053,0.017,-0.037,5
-0.254,0.114,0.043,5
-0.401,0.124,-0.077,5
-0.18,0.017,-0.112,5
0.009,0.02,-0.036,4
0.008,0.022,0.057,5
-0.056,0.015,0.103,5
-0.085,0.018,0.118,5
-0.154,0.055,0.063,5
-0.177,0.002,0.053,5
-0.22,0.049,-0.021,5
-0.254,0.083,-0.122,5
-0.237,0.1,-0.006,5
-0.2,0.099,0.153,5
-0.124,0.076,0.275,5
-0.034,0.025,0.356,5
0.093,-0.041,0.488,5
0.187,-0.084,0.456,5
0.16,-0.11,0.376,5
0.152,-0.099,0.347,5
0.081,-0.063,0.17,5
0.082,-0.057,0.093,4
0.056,-0.03,-0.015,5
0.025,0.011,-0.125,5
0.026,0.083,-0.104,5
0.127,0.157,-0.094,5
0.097,0.137,-0.071,5
0.096,0.101,0.025,5
0.117,0.083,0.118,5
0.088,0.07,0.046,5
0.036,0.067,-0.049,5
-0.001,0.022,-0.082,5
-0.074,-0.014,-0.117,5
-0.097,-0.017,-0.14,5
-0.096,-0.032,-0.208,5
-0.086,-0.051,-0.14,5
0.003,-0.123,-0.052,5
0.115,-0.141,0.047,5
0.224,-0.187,0.158,5
0.253,-0.211,0.224,4
0.172,-0.182,0.228,5
0.129,-0.138,0.227,5
0.03,-0.094,0.204,5
-0.059,-0.063,0.106,5
-0.152,-0.03,0.108,5
-0.218,0.015,0.041,5
-0.24,0.043,-0.022,5
-0.19,0.026,-0.08,5
-0.153,0.028,-0.085,5
-0.099,0.064,-0.012,5
-0.119,0.126,-0.028,5
-0.082,0.114,-0.146,5
-0.052,0.119,-0.11,5
-0.098,0.146,-0.06,5
-0.058,0.14,-0.765,5
-0.121,0.208,-1.391,5
-0.264,0.334,-0.023,4
-0.109,0.296,0.646,5
0.143,0.223,0.4,5
0.262,0.123,0.149,5
0.292,0.055,0.113,5
0.306,0.071,0.067,5
0.357,0.046,0.086,5
0.463,0.072,0.107,5
0.538,0.078,0.015,5
0.523,0.087,-0.085,5
0.569,0.044,0.117,5
0.59,-0.016,0.191,5
0.522,-0.066,0.155,5
0.405,-0.094,0.131,5
0.386,-0.123,0.221,5
0.266,-0.197,0.263,5
0.045,-0.263,0.181,5
-0.062,-0.358,0.258,5
-0.219,-0.503,0.193,4
-0.335,-0.569,0.027,5
-0.353,-0.52,-0.143,5
-0.322,-0.391,-0.456,5
-0.342,-0.128,-0.656,5
-0.415,0.13,-0.396,5
-0.473,0.324,-0.176,5
-0.447,0.425,-0.205,5
-0.428,0.486,-0.275,5
-0.476,0.489,-0.269,5
-0.454,0.423,-0.247,5
-0.365,0.35,-0.2,5
-0.23,0.233,-0.081,5
-0.082,0.128,0.008,5
-0.009,0.042,0.11,5
0.138,-0.099,0.224,5
0.18,-0.184,0.249,5
0.287,-0.239,0.259,4
0.275,-0.245,0.263,5
0.256,-0.233,0.219,5
0.265,-0.21,0.111,5
0.264,-0.137,0.061,5
0.221,-0.059,0.012,5
0.211,-0.027,-0.062,5
0.177,0.031,-0.146,5
0.116,0.148,-0.204,5
0.036,0.164,-0.188,5
0.002,0.199,-0.256,5
-0.023,0.196,-0.243,5
-0.012,0.168,-0.193,5
-0.084,0.129,-0.156,5
-0.136,0.069,-0.046,5
-0.29,0.01,0.01,5
-0.257,-0.007,0.017,5
-0.132,-0.036,0.041,4
-0.071,-0.002,0.033,5
-0.073,0.049,0.09,5
0.015,0.061,0.055,5
0.065,0.076,0.028,5
0.102,0.099,0.047,5
0.066,0.085,0.085,5
0.085,0.05,0.02,5
0.098,0.075,0.04,5
0.067,0.106,0.032,5
0.077,0.04,0.02,5
0.108,-0.019,0.147,5
0.093,-0.056,0.098,5
0.105,-0.128,0.127,5
0.086,-0.137,0.136,5
0.047,-0.157,0.139,5
0.042,-0.198,0.125,5
-0.017,-0.135,0.082,4
-0.015,-0.126,0.109,5
0.016,-0.13,0.059,5
-0.007,-0.083,0.079,5
-0.066,-0.053,0.062,5
-0.055,-0.06,0.034,5
-0.05,-0.011,-0.015,5
-0.045,-0.001,-0.078,5
-0.096,-0.018,-0.131,5
0.063,-0.025,-0.01,5
0.126,0.015,0.016,5
0.083,0.005,-0.093,5
0.148,0.013,-0.131,5
0.172,0.042,-0.079,5
0.163,-0.017,-0.084,5
0.091,0.014,-0.062,5
0.03,-0.004,-0.056,5
-0.002,-0.038,-0.05,4
-0.036,-0.064,-0.045,5
-0.067,-0.114,-0.024,5
-0.091,-0.102,-0.025,5
-0.069,-0.071,-0.087,5
-0.066,-0.081,-0.061,5
-0.133,-0.055,-0.098,5
-0.098,-0.05,-0.114,5
-0.053,-0.062,-0.12,5
-0.057,-0.034,-0.155,5
-0.051,-0.018,-0.161,5
-0.059,0.005,-0.085,5
-0.126,-0.012,-0.046,5
-0.144,-0.024,-0.076,5
-0.099,-0.017,-0.025,5
-0.059,-0.037,0.007,5
0.015,-0.033,0.066,5
0.048,0.025,0.042,4
0.078,0.027,0.012,5
0.1,0.059,0.045,5
0.047,0.096,0.011,5
0.042,0.121,-0.02,5
0.094,0.1,-0.018,5
0.05,0.111,0.005,5
0.019,0.139,0.052,5
-0.034,0.155,0.072,5
-0.035,0.122,0.078,5
-0.091,0.153,0.143,5
-0.086,0.134,0.142,5
-0.095,0.099,0.141,5
-0.085,0.037,0.101,5
-0.051,0.012,0.03,5
-0.02,-0.032,0.027,5
0.037,-0.097,-0.005,5
0.128,-0.131,-0.017,5
0.227,-0.152,-0.046,4
0.243,-0.137,-0.024,5
0.24,-0.132,-0.043,5
0.221,-0.11,-0.064,5
0.143,-0.069,-0.101,5
0.064,-0.044,-0.061,5
0.044,0.002,-0.05,5
0.014,0.075,-0.037,5
-0.047,0.08,-0.029,5
-0.072,0.133,-0.026,5
-0.078,0.167,-0.027,5
-0.061,0.197,-0.037,5
-0.034,0.156,-0.025,5
0.016,0.132,-0.018,5
0.006,0.17,-0.016,5
-0.011,0.106,-0.015,5
0.006,0.052,0.033,5
0.027,0.004,0.043,4
0.012,-0.06,0.004,5
0.015,-0.093,0.004,5
-0.038,-0.101,0.025,5
-0.038,-0.095,0.014,5
-0.077,-0.086,0.042,5
-0.117,-0.098,0.09,5
-0.191,-0.058,0.072,5
-0.215,-0.027,0.009,5
-0.181,-0.007,0.0,5
-0.167,0.028,-0.017,5
-0.167,0.063,-0.05,5
-0.103,0.061,-0.036,5
-0.076,0.021,0.018,5
-0.055,0.006,0.034,5
-0.024,-0.02,0.009,5
0.021,-0.065,0.042,5
0.057,-0.046,0.077,4
0.039,-0.076,0.078,5
0.087,-0.094,0.061,5
0.052,-0.067,0.051,5
0.034,-0.069,0.08,5
0.013,-0.036,0.059,5
0.012,-0.08,-0.028,5
0.006,-0.072,-0.021,5
0.031,-0.078,-0.018,5
0.011,-0.1,-0.017,5
0.01,-0.129,0.027,5
-0.038,-0.12,0.042,5
-0.094,-0.151,0.003,5
-0.08,-0.101,-0.022,5
-0.038,-0.065,-0.054,5
0.047,-0.05,-0.036,5
0.09,0.023,-0.028,5
0.124,0.068,-0.029,4
0.146,0.156,-0.035,5
0.127,0.123,-0.053,5
0.166,0.132,-0.022,5
0.179,0.115,-0.007,5
0.123,0.09,0.006,5
0.136,0.008,0.018,5
0.092,-0.031,0.068,5
0.01,-0.045,0.044,5
-0.051,-0.04,0.009,5
-0.08,-0.049,-0.016,5
-0.055,-0.031,-0.062,5
-0.079,-0.037,-0.034,5
-0.076,-0.024,-0.065,5
-0.064,0.024,-0.098,5
-0.04,0.022,-0.079,5
0.019,0.046,-0.114,5
0.064,0.019,-0.055,5
0.136,0.043,0.001,4
0.079,0.073,-0.02,5
0.019,0.079,-0.052,5
0.09,0.028,-0.874,5
-0.081,0.137,-0.714,5
-0.366,0.231,0.257,5
-0.312,0.135,0.49,5
-0.173,0.044,0.368,5
-0.1,-0.042,0.297,5
-0.077,-0.046,0.241,5
-0.026,-0.02,0.225,5
0.088,-0.009,0.168,5
0.204,-0.004,0.07,5
0.218,0.013,0.067,5
0.196,0.011,0.181,5
0.142,-0.019,0.236,5
0.029,-0.03,0.286,5
-0.029,-0.066,0.309,4
-0.121,-0.085,0.355,5
-0.221,-0.094,0.255,5
-0.298,-0.132,0.079,5
-0.238,-0.187,-0.122,5
-0.154,-0.156,-0.48,5
-0.104,-0.045,-0.544,5
-0.063,0.057,-0.391,5
0.058,0.121,-0.278,5
0.156,0.113,-0.207,5
0.222,0.101,-0.113,5
0.213,0.07,0.031,5
0.157,-0.031,0.122,5
0.029,-0.162,0.076,5
-0.098,-0.236,0.146,5
-0.153,-0.333,0.243,5
-0.185,-0.368,0.145,5
-0.153,-0.245,-0.019,4
-0.026,-0.074,-0.228,5
0.075,0.053,-0.343,5
0.145,0.164,-0.296,5
0.152,0.229,-0.301,5
0.167,0.206,-0.232,5
0.15,0.155,-0.174,5
0.122,0.092,-0.139,5
0.071,0.023,-0.095,5
0.068,-0.052,-0.09,5
0.079,-0.081,-0.081,5
0.049,-0.12,-0.025,5
0.027,-0.134,-0.01,5
0.02,-0.121,0.029,5
-0.033,-0.07,0.082,5
-0.034,-0.037,0.087,5
-0.069,0.022,0.13,5
-0.058,0.024,0.151,5
-0.069,0.043,0.093,4
-0.131,0.078,0.079,5
-0.092,0.1,0.037,5
-0.079,0.137,0.0,5
-0.092,0.154,0.012,5
-0.079,0.19,-0.002,5
-0.054,0.18,0.049,5
-0.057,0.2,0.006,5
-0.025,0.176,0.005,5
-0.04,0.154,-0.046,5
0.015,0.147,-0.05,5
0.005,0.128,-0.093,5
0.039,0.072,-0.062,5
0.018,0.048,-0.043,5
0.02,0.047,0.004,5
0.005,0.025,0.09,5
0.0,0.018,0.124,5
-0.016,0.003,0.15,4
-0.053,-0.026,0.135,5
-0.087,-0.032,0.096,5
-0.091,-0.033,0.026,5
-0.125,-0.021,-0.028,5
-0.108,-0.015,-0.077,5
-0.101,0.033,-0.129,5
-0.027,0.069,-0.108,5
-0.015,0.049,-0.092,5
0.015,0.053,-0.092,5

# Completed @Tue May 05 21:20:32 GMT+08:00 2020
