# Accelerometer Data File
# Started @Sat May 02 15:25:18 GMT+08:00 2020
#
#
# sensor Vendor: BOSCH
# sensor Name: BMI160 Accelerometer
# sensor Resolution: 0.0023956299m/sec^2; Max Range: 156.9064; Min Delay: 5000 microseconds
# The sensor's attributes are the result hardware and the Android capabilities.
# It means that the Android may not utilize all features provided by the hardware.
#
# Some devices and Android versions save battery too much so the device may go to sleep.
# It just happens after couple of minutes from turning off the scree and it is easy to find it out.
#
# The following file provides the data from accelerometer in the m/s^2 format.
# The diff value is just a time delta between the samples
#
#
# data format:
# so we have 4 columns with values separated by the ","
# X,Y,Z,time_from_previous_sample(ms)

# sensor speed set to:FASTEST
# units set to: m/sec^2
# gravity  filtered out
# Accuracy: HIGH
1.122,0.225,8.628,0
1.061,0.22,7.761,4
0.946,0.232,7.071,5
0.869,0.226,6.394,5
0.804,0.203,5.738,5
0.758,0.196,5.147,5
0.703,0.163,4.58,5
0.685,0.108,4.122,5
0.586,0.11,3.718,5
0.514,0.078,3.334,5
0.467,0.091,2.948,5
0.386,0.035,2.692,5
0.334,-0.019,2.449,5
0.284,-0.035,2.238,5
0.186,-0.014,2.101,5
0.163,-0.034,1.968,5
0.164,-0.022,1.784,5
0.105,-0.063,1.606,5
0.15,-0.121,1.454,5
0.182,-0.135,1.343,5
0.164,-0.121,1.196,4
0.156,-0.165,1.033,5
0.188,-0.131,0.964,5
0.191,-0.088,0.889,5
0.206,-0.04,0.77,5
0.185,-0.002,0.697,5
0.145,0.053,0.64,5
0.182,0.087,0.494,5
0.173,0.091,0.406,5
0.142,0.095,0.262,5
0.137,0.077,0.253,5
0.149,0.099,0.198,5
0.138,0.093,0.135,5
0.094,0.11,0.16,5
0.068,0.082,0.157,5
0.039,0.056,0.111,5
0.052,0.025,0.147,5
0.056,-0.024,0.137,5
0.08,-0.082,0.127,5
0.085,-0.095,0.192,5
0.051,-0.086,0.203,4
0.067,-0.081,0.17,5
0.052,-0.073,0.131,5
0.064,-0.057,0.079,5
0.04,-0.047,0.011,5
0.066,-0.038,-0.006,5
0.06,0.008,-0.01,5
0.032,-0.005,-0.039,5
0.007,0.051,-0.074,5
-0.049,0.08,-0.092,5
-0.074,0.072,-0.109,5
-0.066,0.103,-0.055,5
-0.081,0.097,-0.062,5
-0.077,0.101,-0.043,5
-0.065,0.103,-0.082,5
-0.054,0.093,-0.018,5
-0.062,0.114,0.031,5
-0.03,0.089,0.002,5
0.007,0.08,-0.002,5
-0.019,0.115,0.01,5
0.0,0.087,0.035,5
0.0,0.112,0.023,4
0.012,0.118,-0.009,5
-0.001,0.15,-0.077,5
-0.022,0.152,-0.047,5
-0.042,0.141,-0.056,5
-0.046,0.161,-0.054,5
-0.097,0.192,-0.01,5
-0.135,0.173,0.042,5
-0.165,0.182,-0.022,5
-0.165,0.172,-0.157,5
-0.153,0.103,0.142,5
-0.228,0.084,0.3,5
-0.188,0.05,0.205,5
-0.212,0.04,0.12,5
-0.26,0.015,0.048,5
-0.264,0.018,0.008,5
-0.298,-0.013,0.094,5
-0.298,-0.077,0.127,5
-0.273,-0.112,0.153,5
-0.254,-0.144,0.129,5
-0.276,-0.16,0.095,4
-0.248,-0.113,0.15,5
-0.211,-0.089,0.156,5
-0.159,-0.084,0.149,5
-0.109,-0.072,0.212,5
-0.076,-0.013,0.238,5
-0.026,0.026,0.214,5
0.002,0.062,0.154,5
0.036,0.099,0.095,5
0.089,0.102,0.034,5
0.105,0.088,0.013,5
0.16,0.113,-0.021,5
0.174,0.085,-0.062,5
0.165,0.076,-0.091,5
0.148,0.077,-0.064,5
0.168,0.052,-0.01,5
0.199,0.008,-0.026,5
0.161,-0.039,-0.045,5
0.206,-0.1,-0.049,5
0.232,-0.103,-0.07,5
0.179,-0.118,-0.046,4
0.195,-0.184,-0.046,5
0.21,-0.196,-0.075,5
0.219,-0.198,-0.098,5
0.232,-0.212,-0.101,5
0.196,-0.178,-0.138,5
0.146,-0.117,-0.176,5
0.174,-0.058,-0.206,5
0.105,-0.031,-0.259,5
0.03,0.032,-0.254,5
0.001,0.054,-0.306,5
-0.028,0.071,-0.431,5
0.064,0.068,-0.297,5
0.032,0.126,-0.039,5
0.05,0.113,-0.022,5
0.011,0.097,-0.093,5
0.044,0.156,-0.157,5
0.031,0.188,-0.215,5
0.011,0.161,-0.154,5
0.014,0.132,-0.13,5
-0.017,0.149,-0.087,4
-0.054,0.091,-0.026,5
-0.061,0.043,-0.05,5
-0.047,0.0,-0.088,5
-0.068,0.004,-0.04,5
-0.108,-0.026,0.066,5
-0.158,-0.019,0.189,5
-0.151,-0.017,0.205,5
-0.123,-0.058,0.175,5
-0.054,-0.087,0.197,5
-0.01,-0.16,0.246,5
0.05,-0.209,0.316,5
0.119,-0.239,0.315,5
0.193,-0.233,0.279,5
0.217,-0.227,0.255,5
0.238,-0.212,0.23,5
0.231,-0.191,0.107,5
0.238,-0.172,0.079,5
0.253,-0.163,0.058,5
0.219,-0.125,0.009,5
0.18,-0.07,0.034,4
0.149,-0.054,0.009,5
0.082,-0.036,0.073,5
0.074,-0.011,0.053,5
0.101,-0.035,0.095,5
0.026,-0.07,0.154,5
0.032,-0.119,0.182,5
0.02,-0.129,0.181,5
-0.019,-0.116,0.128,5
-0.017,-0.087,0.124,5
0.018,-0.096,0.237,5
-0.099,-0.073,0.239,5
-0.064,-0.066,0.172,5
-0.049,-0.085,0.124,5
-0.022,-0.042,0.008,5
0.014,-0.051,-0.056,5
-0.034,0.005,-0.038,5
-0.031,0.078,-0.008,5
-0.01,0.105,0.018,5
0.003,0.116,-0.035,5
0.015,0.113,-0.092,5
0.057,0.119,-0.143,4
0.025,0.068,-0.107,5
0.018,0.091,-0.057,5
0.012,0.082,-0.077,5
-0.036,0.16,-0.027,5
-0.058,0.183,0.027,5
-0.117,0.182,0.024,5
-0.148,0.219,0.061,5
-0.155,0.219,0.033,5
-0.118,0.188,0.008,5
-0.101,0.17,0.08,5
-0.078,0.118,0.072,5
-0.04,0.08,0.069,5
-0.006,0.068,0.028,5
-0.057,0.1,-0.039,5
-0.047,0.077,-0.035,5
-0.042,0.108,-0.001,5
-0.116,0.097,-0.035,5
-0.074,0.105,-0.053,5
-0.071,0.077,-0.069,4
-0.081,0.095,-0.058,5
-0.017,0.085,-0.018,5
-0.041,0.116,0.16,5
-0.045,0.13,0.161,5
-0.015,0.117,0.072,5
0.037,0.161,-0.029,5
0.025,0.158,-0.104,5
0.04,0.129,-0.068,5
0.062,0.151,-0.009,5
0.042,0.136,-0.06,5
-0.008,0.174,-0.14,5
-0.029,0.195,-0.195,5
0.007,0.27,-0.171,5
-0.023,0.213,-0.154,5
-0.025,0.2,-0.095,5
0.033,0.206,-0.107,5
0.034,0.164,-0.135,5
0.043,0.13,-0.113,5
0.013,0.13,-0.093,5
0.016,0.117,-0.049,5
0.014,0.084,0.019,4
-0.003,0.067,0.013,5
-0.046,0.069,0.0,5
-0.024,0.057,-0.061,5
-0.035,0.043,-0.041,5
-0.053,0.034,-0.024,5
-0.065,-0.003,-0.035,5
-0.071,-0.028,-0.005,5
-0.141,-0.008,0.016,5
-0.123,-0.003,0.036,5
-0.128,0.035,0.084,5
-0.111,0.049,0.075,5
-0.104,0.009,0.076,5
-0.085,-0.016,0.09,5
-0.076,-0.028,0.085,5
-0.004,-0.003,0.098,5
0.021,-0.012,0.045,5
0.023,-0.019,0.024,5
0.025,-0.017,0.047,5
0.075,-0.05,0.064,5
0.093,-0.032,0.04,4
0.105,-0.05,0.032,5
0.172,-0.088,-0.044,5
0.198,-0.101,-0.057,5
0.187,-0.108,-0.047,5
0.159,-0.093,-0.05,5
0.182,-0.109,-0.054,5
0.155,-0.072,-0.027,5
0.14,-0.087,0.001,5
0.139,-0.065,0.018,5
0.103,-0.067,0.05,5
0.145,-0.095,0.002,5
0.07,-0.107,-0.014,5
-0.001,-0.105,-0.004,5
-0.057,-0.038,0.025,5
-0.103,0.016,0.036,5
-0.114,0.01,0.084,5
-0.124,0.001,0.093,5
-0.146,-0.007,0.131,5
-0.157,-0.041,0.083,5
-0.124,-0.088,0.07,4
-0.069,-0.071,0.033,5
-0.049,-0.085,0.038,5
-0.065,-0.12,0.0,5
-0.05,-0.086,-0.046,5
-0.054,-0.09,-0.046,5
-0.07,-0.09,-0.059,5
-0.028,-0.038,-0.126,5
-0.026,-0.012,-0.126,5
-0.023,-0.015,-0.144,5
-0.008,0.033,-0.224,5
0.061,0.034,-0.193,5
0.038,0.039,-0.191,5
0.068,0.074,-0.15,5
0.07,0.109,-0.187,5
0.076,0.111,-0.198,5
0.098,0.139,-0.148,5
0.071,0.172,-0.116,5
0.056,0.185,-0.104,5
0.024,0.175,-0.124,5
0.022,0.153,-0.146,4
-0.027,0.168,-0.166,5
-0.02,0.16,-0.167,5
-0.044,0.122,-0.176,5
-0.039,0.157,-0.214,5
-0.044,0.137,-0.214,5
-0.096,0.119,-0.141,5
-0.129,0.15,-0.14,5
-0.155,0.153,-0.117,5
-0.118,0.142,-0.071,5
-0.127,0.114,-0.107,5
-0.141,0.107,-0.118,5
-0.088,0.109,-0.02,5
-0.092,0.107,-0.035,5
-0.083,0.079,-0.053,5
-0.044,0.058,-0.009,5
0.037,0.022,-0.038,5
-0.005,0.054,-0.051,5
0.038,0.07,-0.042,5
0.056,0.098,-0.059,5
0.037,0.101,-0.062,5
0.008,0.078,-0.038,4
-0.001,0.109,-0.009,5
-0.014,0.081,0.017,5
-0.008,0.055,0.015,5
-0.016,0.045,0.07,5
-0.083,0.045,0.08,5
-0.062,0.028,0.111,5
-0.081,0.012,0.151,5
-0.151,0.011,0.209,5
-0.157,-0.02,0.249,5
-0.154,-0.061,0.245,5
-0.173,-0.089,0.234,5
-0.126,-0.076,0.258,5
-0.117,-0.098,0.249,5
-0.101,-0.132,0.224,5
-0.061,-0.127,0.202,5
-0.085,-0.11,0.203,5
-0.076,-0.108,0.213,5
-0.095,-0.032,0.235,5
-0.051,-0.016,0.237,5
-0.041,0.015,0.235,4
-0.037,0.026,0.228,5
-0.007,0.054,0.197,5
0.005,0.018,0.156,5
0.005,0.016,0.071,5
0.013,0.041,0.012,5
0.003,0.028,-0.014,5
0.05,0.021,-0.043,5
0.058,0.023,-0.056,5
0.009,0.029,-0.05,5
0.017,0.065,-0.032,5
0.023,0.084,-0.063,5
0.0,0.102,-0.022,5
-0.025,0.091,-0.055,5
-0.006,0.091,-0.04,5
0.011,0.09,-0.002,5
0.019,0.038,-0.006,5
0.004,0.043,-0.04,5
0.021,0.056,-0.01,5
0.053,0.046,-0.073,5
0.078,0.037,-0.122,4
0.048,0.025,-0.101,5
0.074,0.039,-0.108,5
0.092,0.044,-0.158,5
0.083,0.027,-0.125,5
0.049,0.032,-0.073,5
0.052,0.085,-0.057,5
0.047,0.072,-0.047,5
0.077,0.052,-0.034,5
0.056,0.06,-0.061,5
0.081,0.067,-0.033,5
0.008,0.051,0.008,5
0.033,0.068,0.0,5
0.09,0.044,0.0,5
0.085,-0.003,0.007,5
0.051,0.009,0.015,5
0.046,-0.021,0.022,5
0.041,-0.014,-0.031,5
0.076,0.016,-0.028,5
0.059,0.002,-0.003,5
0.006,0.019,0.018,5
0.031,0.056,0.003,5
0.019,0.046,0.024,4
0.03,0.028,0.013,5
0.066,0.021,0.029,5
0.111,0.019,0.035,5
0.074,0.017,0.001,5
0.024,-0.005,-0.011,5
0.051,0.029,-0.044,5
0.016,0.034,-0.01,5
0.023,0.039,-0.022,5
0.046,-0.002,-0.063,5
0.059,-0.036,-0.142,5
0.079,-0.007,-0.154,5
0.097,0.014,-0.108,5
0.104,0.009,-0.093,5
0.072,0.021,-0.131,5
0.048,0.062,-0.114,5
0.047,0.034,-0.089,5
0.017,0.061,-0.119,5
-0.001,0.08,-0.107,5
0.002,0.141,-0.096,4
-0.075,0.11,-0.078,5
-0.063,0.09,-0.083,5
-0.065,0.098,-0.062,5
-0.089,0.058,-0.06,5
-0.08,0.035,-0.058,5
-0.098,-0.002,-0.061,5
-0.118,0.023,-0.042,5
-0.085,-0.013,0.009,5
-0.076,-0.076,-0.06,5
-0.112,-0.055,-0.05,5
-0.036,-0.106,-0.079,5
0.001,-0.078,-0.076,5
0.027,-0.105,-0.051,5
0.02,-0.085,-0.063,5
0.027,-0.068,-0.026,5
0.028,-0.001,-0.002,5
0.017,-0.014,-0.006,5
0.024,0.03,-0.083,5
0.034,0.027,-0.079,5
0.048,0.063,-0.071,4
0.039,0.078,-0.085,5
0.022,0.066,-0.06,5
0.05,0.094,-0.079,5
-0.019,0.11,-0.132,5
-0.082,0.155,-0.157,5
-0.06,0.187,-0.06,5
-0.123,0.207,-0.127,5
-0.18,0.186,0.005,5
-0.136,0.176,0.022,5
-0.157,0.163,-0.044,5
-0.163,0.138,-0.061,5
-0.159,0.098,-0.072,5
-0.199,0.075,-0.065,5
-0.197,0.059,-0.028,5
-0.203,0.006,0.06,5
-0.195,0.018,0.114,5
-0.167,0.012,0.086,5
-0.168,-0.018,0.103,5
-0.121,-0.051,0.136,5
-0.074,-0.042,0.165,5
0.006,-0.093,0.127,4
0.005,-0.08,0.084,5
0.039,-0.072,0.028,5
0.082,-0.06,0.051,5
0.113,-0.063,0.0,5
0.179,-0.078,-0.074,5
0.273,-0.113,-0.114,5
0.379,-0.171,-0.193,5
0.475,-0.201,-0.126,5
0.428,-0.181,-0.113,5
0.398,-0.189,-0.111,5
0.435,-0.14,-0.091,5
0.439,-0.078,-0.056,5
0.408,-0.027,-0.016,5
0.376,-0.024,0.032,5
0.347,-0.026,0.132,5
0.364,-0.024,0.192,5
0.302,-0.047,0.186,5
0.28,0.013,0.254,5
0.196,0.0,0.297,4
0.159,-0.018,0.336,5
0.16,-0.033,0.307,5
0.166,-0.086,0.233,5
0.106,-0.099,0.188,5
0.095,-0.162,0.156,5
0.017,-0.185,0.141,5
-0.049,-0.179,0.165,5
-0.057,-0.17,0.213,5
-0.098,-0.161,0.201,5
-0.084,-0.158,0.155,5
-0.054,-0.168,0.131,5
-0.074,-0.19,0.169,5
-0.097,-0.205,0.169,5
-0.049,-0.159,0.17,5
-0.048,-0.16,0.161,5
-0.03,-0.123,0.132,5
-0.096,-0.067,0.128,5
-0.147,-0.022,0.136,5
-0.171,0.001,0.067,5
-0.167,-0.002,0.03,5
-0.189,-0.019,-0.037,5
-0.174,0.003,-0.063,4
-0.239,0.02,-0.079,5
-0.275,0.04,-0.075,5
-0.256,0.027,-0.063,5
-0.265,0.029,-0.005,5
-0.23,-0.004,0.016,5
-0.168,-0.029,0.04,5
-0.065,-0.056,0.019,5
-0.002,-0.051,0.03,5
0.023,-0.089,0.048,5
0.171,-0.205,-0.055,5
0.163,-0.046,-0.084,5
0.009,0.117,0.023,5
-0.065,0.213,0.098,5
-0.058,0.248,0.028,5
-0.048,0.244,-0.194,5
-0.026,0.134,-0.355,5
0.01,0.094,-0.315,5
0.061,0.119,-0.254,5
0.02,0.107,-0.241,5
-0.024,0.105,-0.234,4
-0.09,0.095,-0.206,5
-0.111,0.115,-0.13,5
-0.139,0.104,0.012,5
-0.19,0.132,0.088,5
-0.166,0.106,0.165,5
-0.128,0.052,0.209,5
-0.115,0.073,0.231,5
-0.112,0.074,0.255,5
-0.101,0.071,0.226,5
-0.069,0.124,0.237,5
-0.093,0.09,0.127,5
-0.075,0.012,0.011,5
-0.058,-0.018,-0.105,5
-0.053,-0.021,-0.142,5
-0.043,-0.01,-0.068,5
-0.03,-0.031,-0.056,5
-0.053,-0.014,-0.059,5
-0.022,0.0,-0.01,5
-0.058,0.003,0.05,5
-0.005,-0.022,0.131,4
0.033,0.001,0.17,5
0.017,-0.007,0.235,5
0.015,0.023,0.263,5
0.07,0.0,0.297,5
0.076,0.055,0.297,5
0.085,0.028,0.19,5
0.111,0.034,0.093,5
0.109,0.039,0.058,5
0.098,0.082,0.018,5
0.049,0.078,-0.039,5
0.083,0.036,-0.177,5
0.066,0.02,-0.22,5
0.059,0.043,-0.206,5
-0.015,0.022,-0.233,5
-0.013,-0.023,-0.206,5
-0.051,-0.038,-0.211,5
-0.114,-0.021,-0.164,5
-0.159,0.015,-0.07,5
-0.173,0.005,-0.02,5
-0.203,0.008,-0.013,4
-0.191,0.02,-0.055,5
-0.181,0.061,-0.024,5
-0.206,0.06,0.0,5
-0.22,0.084,-0.077,5
-0.189,0.114,-0.095,5
-0.213,0.111,-0.064,5
-0.192,0.1,-0.049,5
-0.125,0.112,-0.135,5
-0.134,0.087,-0.173,5
-0.069,0.07,-0.212,5
-0.002,0.041,-0.208,5
0.045,-0.022,-0.2,5
0.036,-0.037,-0.171,5
0.071,-0.029,-0.141,5
0.081,0.0,-0.092,5
0.082,-0.026,-0.07,5
0.108,0.002,-0.076,5
0.11,-0.024,-0.051,5
0.09,-0.013,-0.042,5
0.073,-0.003,-0.024,5
0.061,-0.011,-0.056,4
0.098,-0.036,-0.064,5
0.105,-0.028,-0.066,5
0.065,-0.038,-0.089,5
-0.001,-0.004,-0.046,5
-0.005,0.013,0.001,5
-0.052,-0.013,0.074,5
-0.103,0.009,0.101,5
-0.067,-0.017,0.078,5
-0.034,-0.037,0.057,5
-0.009,-0.059,0.064,5
-0.073,-0.083,0.079,5
-0.048,-0.084,0.084,5
-0.043,-0.105,0.097,5
-0.091,-0.069,0.118,5
-0.056,-0.109,0.05,5
0.001,-0.107,0.01,5
-0.029,-0.101,0.009,5
0.003,-0.112,0.047,5
0.046,-0.144,-0.008,5
0.085,-0.104,-0.02,4
0.111,-0.093,-0.07,5
0.091,-0.097,-0.089,5
0.069,-0.048,-0.084,5
0.058,-0.013,-0.041,5
0.069,0.0,-0.102,5
0.092,0.03,-0.061,5
0.092,0.023,-0.072,5
0.087,0.029,-0.138,5
0.121,0.009,-0.15,5
0.066,0.034,-0.14,5
0.072,0.048,-0.078,5
0.125,0.039,-0.053,5
0.138,0.039,-0.043,5
0.146,0.018,-0.043,5
0.136,0.025,-0.026,5
0.122,-0.037,0.002,5
0.157,-0.016,0.031,5
0.167,-0.019,0.028,5
0.151,-0.013,0.051,5
0.123,-0.05,0.132,4
0.127,-0.045,0.119,5
0.145,-0.006,0.098,5
0.165,-0.001,0.127,5
0.187,-0.048,0.071,5
0.151,-0.095,-0.008,5
0.166,-0.068,0.005,5
0.184,-0.074,0.06,5
0.157,-0.067,0.02,5
0.141,-0.017,0.044,5
0.088,0.01,0.009,5
0.04,0.047,0.077,5
0.062,0.038,0.074,5
0.034,0.034,0.053,5
0.044,0.039,0.022,5
0.031,0.092,0.028,5
-0.014,0.082,0.004,5
0.025,0.117,-0.043,5
-0.007,0.127,-0.108,5
-0.084,0.123,-0.157,5
-0.127,0.188,-0.167,5
-0.175,0.208,-0.172,4
-0.213,0.196,-0.172,5
-0.226,0.219,-0.172,5
-0.186,0.202,-0.245,5
-0.163,0.199,-0.259,5
-0.117,0.14,-0.238,5
-0.079,0.104,-0.188,5
-0.045,0.094,-0.148,5
-0.019,0.05,-0.154,5
0.033,-0.019,-0.148,5
-0.025,-0.017,-0.146,5
0.002,0.044,-0.075,5
-0.07,0.027,-0.076,5
-0.098,0.033,-0.068,5
-0.122,0.034,-0.031,5
-0.14,0.065,-0.028,5
-0.143,0.08,0.034,5
-0.129,0.05,0.013,5
-0.107,0.054,0.046,5
-0.066,0.027,0.02,5
-0.017,0.024,-0.002,4
-0.006,0.047,0.044,5
0.015,0.081,0.04,5
-0.024,0.112,0.053,5
-0.013,0.148,0.052,5
0.013,0.194,0.064,5
0.012,0.217,0.075,5
0.049,0.187,0.11,5
0.061,0.172,0.073,5
0.055,0.164,0.109,5
0.028,0.186,0.128,5
0.055,0.159,0.115,5
0.05,0.152,0.035,5
0.028,0.171,0.005,5
0.046,0.18,-0.011,5
0.003,0.162,0.045,5
0.028,0.15,0.053,5
0.073,0.117,0.031,5
0.035,0.097,0.079,5
0.049,0.027,0.145,5
0.044,0.02,0.19,5
-0.015,0.014,0.145,4
-0.04,0.012,0.165,5
-0.018,-0.001,0.119,5
-0.051,0.011,0.145,5
-0.063,0.027,0.118,5
-0.096,0.016,0.119,5
-0.103,0.07,0.103,5
-0.101,0.102,0.136,5
-0.113,0.122,0.182,5
-0.067,0.153,0.181,5
-0.013,0.12,0.219,5
0.095,0.108,0.21,5
0.189,0.08,0.189,5
0.243,0.076,0.2,5
0.327,0.038,0.159,5
0.38,0.069,0.095,5
0.402,0.071,0.012,5
0.371,0.094,-0.07,5
0.351,0.183,-0.084,5
0.32,0.178,-0.084,5
0.34,0.156,-0.106,4
0.319,0.144,-0.108,5
0.265,0.13,-0.089,5
0.208,0.169,-0.045,5
0.188,0.178,0.001,5
0.117,0.164,0.001,5
0.062,0.191,0.078,5
0.021,0.219,0.239,5
0.002,0.21,0.288,5
-0.053,0.223,0.276,5
-0.091,0.231,0.3,5
-0.022,0.204,0.309,5
-0.032,0.205,0.291,5
-0.012,0.184,0.288,5
0.01,0.174,0.233,5
0.069,0.135,0.188,5
0.097,0.13,0.113,5
0.074,0.07,0.024,5
0.084,0.054,0.018,5
0.123,0.006,0.02,5
0.136,-0.024,0.035,5
0.162,-0.065,0.006,4
0.154,-0.127,0.057,5
0.095,-0.166,0.103,5
0.021,-0.18,0.144,5
-0.049,-0.213,0.242,5
-0.13,-0.213,0.261,5
-0.212,-0.214,0.282,5
-0.311,-0.179,0.293,5
-0.366,-0.209,0.319,5
-0.416,-0.179,0.335,5
-0.413,-0.153,0.392,5
-0.398,-0.167,0.417,5
-0.366,-0.181,0.401,5
-0.308,-0.133,0.447,5
-0.277,-0.085,0.476,5
-0.254,-0.042,0.519,5
-0.185,-0.016,0.531,5
-0.085,-0.006,0.418,5
0.082,0.037,0.1,5
0.294,0.033,-0.107,5
0.419,0.038,-0.23,4
0.446,0.03,-0.401,5
0.509,0.079,-0.49,5
0.497,0.062,-0.536,5
0.46,0.082,-0.594,5
0.479,0.104,-0.681,5
0.517,0.024,-0.669,5
0.565,0.018,-0.667,5
0.543,0.02,-0.622,5
0.471,-0.007,-0.538,5
0.372,-0.006,-0.424,5
0.236,-0.001,-0.286,5
0.135,-0.027,-0.18,5
0.013,-0.024,-0.072,5
-0.121,-0.065,0.034,5
-0.221,-0.071,0.073,5
-0.233,-0.159,0.083,5
-0.296,-0.195,0.071,5
-0.339,-0.214,0.107,5
-0.366,-0.274,0.074,5
-0.385,-0.294,-0.079,5
-0.441,-0.304,-0.092,4
-0.483,-0.26,-0.13,5
-0.491,-0.234,-0.238,5
-0.502,-0.193,-0.318,5
-0.56,-0.191,-0.312,5
-0.603,-0.146,-0.349,5
-0.586,-0.101,-0.301,5
-0.652,-0.096,-0.245,5
-0.638,-0.069,-0.242,5
-0.622,-0.04,-0.231,5
-0.594,0.006,-0.173,5
-0.53,0.027,-0.16,5
-0.533,0.007,-0.105,5
-0.527,0.036,-0.065,5
-0.475,0.067,-0.032,5
-0.418,0.086,-0.025,5
-0.372,0.151,-0.061,5
-0.318,0.196,-0.124,5
-0.243,0.168,-0.185,5
-0.218,0.164,-0.3,5
-0.218,0.156,-0.399,4
-0.192,0.175,-0.497,5
-0.164,0.14,-0.486,5
-0.079,0.122,-0.48,5
-0.028,0.097,-0.458,5
-0.012,0.061,-0.477,5
0.062,0.033,-0.511,5
0.077,0.021,-0.464,5
0.082,0.006,-0.413,5
0.087,0.001,-0.32,5
0.125,0.023,-0.189,5
0.121,0.025,-0.11,5
0.131,0.052,-0.03,5
0.213,0.069,-0.027,5
0.23,0.044,-0.046,5
0.267,0.07,-0.075,5
0.292,0.089,-0.167,5
0.237,0.089,-0.267,5
0.231,0.123,-0.313,5
0.242,0.059,-0.351,5
0.235,0.005,-0.402,4
0.186,-0.003,-0.375,5
0.232,-0.054,-0.371,5
0.204,-0.083,-0.33,5
0.149,-0.071,-0.237,5
0.1,-0.094,-0.075,5
0.09,-0.067,0.031,5
0.081,-0.034,0.105,5
0.081,-0.014,0.095,5
0.107,-0.021,0.012,5
0.049,-0.036,0.062,5
0.057,-0.058,0.052,5
0.026,-0.061,0.034,5
-0.062,-0.106,0.013,5
-0.086,-0.096,-0.018,5
-0.121,-0.129,-0.024,5
-0.182,-0.065,-0.035,5
-0.189,-0.071,-0.118,5
-0.248,-0.038,-0.088,5
-0.253,-0.026,0.075,5
-0.211,-0.027,0.11,4
-0.086,-0.007,0.159,5
-0.026,-0.041,0.139,5
0.071,-0.076,0.104,5
0.102,-0.055,0.145,5
0.096,-0.028,0.074,5
0.186,0.0,0.127,5
0.288,0.0,0.119,5
0.332,0.06,0.016,5
0.351,0.136,-0.122,5
0.294,0.196,-0.196,5
0.23,0.219,-0.237,5
0.155,0.21,-0.217,5
0.036,0.185,-0.226,5
-0.147,0.252,-0.203,5
-0.279,0.313,-0.079,5
-0.48,0.325,0.022,5
-0.647,0.361,0.24,5
-0.858,0.342,0.53,5
-1.048,0.308,0.719,5
-1.232,0.376,1.043,5
-1.341,0.386,1.228,4
-1.474,0.296,1.269,5
-1.517,0.21,1.288,5
-1.464,0.146,1.25,5
-1.287,0.084,1.392,5
-1.068,-0.074,1.572,5
-0.711,-0.347,1.66,5
-0.313,-0.554,1.843,5
0.032,-0.752,1.654,5
0.408,-0.966,1.541,5
0.622,-1.072,1.68,5
0.848,-1.072,1.749,5
0.983,-0.926,1.725,5
0.863,-0.631,1.535,5
0.704,-0.21,1.274,5
0.599,0.159,1.099,5
0.478,0.376,0.993,5
0.603,0.381,0.82,5
0.84,0.334,0.678,5
1.148,0.301,0.58,5
1.322,0.137,0.354,5
1.16,-0.013,0.0,4
1.031,-0.021,-0.232,5
1.052,0.14,0.057,5
0.943,0.225,0.159,5
0.866,0.177,0.139,5
0.473,0.129,-0.016,5
0.172,0.155,-0.105,5
-0.09,0.23,-0.064,5
-0.215,0.185,-0.2,5
-0.193,0.115,-0.439,5
-0.088,-0.047,-0.489,5
-0.014,-0.184,-0.639,5
-0.03,-0.153,-0.795,5
-0.061,-0.038,-0.737,5
-0.103,0.085,-0.715,5
-0.097,0.141,-0.729,5
-0.027,0.14,-0.893,5
0.048,0.07,-0.882,5
0.026,-0.009,-0.811,5
0.011,-0.099,-0.798,5
-0.071,-0.085,-0.658,4
-0.181,-0.037,-0.579,5
-0.335,-0.034,-0.573,5
-0.314,-0.073,-0.477,5
-0.274,-0.139,-0.442,5
-0.307,-0.194,-0.48,5
-0.384,-0.252,-0.453,5
-0.423,-0.27,-0.434,5
-0.42,-0.221,-0.464,5
-0.442,-0.242,-0.486,5
-0.342,-0.334,-0.498,5
-0.243,-0.465,-0.465,5
-0.219,-0.552,-0.371,5
-0.136,-0.583,-0.274,5
-0.015,-0.598,-0.16,5
0.067,-0.663,-0.217,5
0.056,-0.687,-0.208,5
0.051,-0.722,-0.149,5
0.024,-0.744,-0.069,5
-0.003,-0.726,-0.058,5
-0.085,-0.64,-0.035,4
-0.154,-0.55,-0.04,5
-0.216,-0.456,-0.04,5
-0.272,-0.432,-0.075,5
-0.283,-0.385,-0.067,5
-0.315,-0.282,-0.022,5
-0.327,-0.202,-0.045,5
-0.337,-0.108,-0.062,5
-0.351,-0.028,-0.129,5
-0.376,0.004,-0.172,5
-0.364,0.038,-0.215,5
-0.319,0.142,-0.271,5
-0.266,0.209,-0.335,5
-0.174,0.18,-0.409,5
-0.049,0.127,-0.51,5
0.019,0.11,-0.567,5
0.048,0.082,-0.622,5
0.051,0.099,-0.629,5
0.055,0.128,-0.674,5
0.045,0.107,-0.701,5
0.049,0.092,-0.635,4
0.087,0.1,-0.576,5
0.143,0.072,-0.54,5
0.155,-0.011,-0.594,5
0.126,-0.049,-0.603,5
0.096,-0.083,-0.508,5
0.048,-0.027,-0.432,5
-0.034,-0.016,-0.401,5
-0.026,0.041,-0.331,5
-0.032,0.097,-0.289,5
-0.08,0.122,-0.295,5
-0.154,0.157,-0.265,5
-0.147,0.193,-0.239,5
-0.154,0.199,-0.258,5
-0.121,0.248,-0.301,5
-0.101,0.275,-0.387,5
-0.108,0.334,-0.426,5
-0.088,0.339,-0.452,5
-0.054,0.331,-0.506,5
-0.001,0.371,-0.537,5
0.02,0.386,-0.496,5
0.009,0.416,-0.477,4
0.026,0.443,-0.485,5
0.032,0.459,-0.437,5
0.084,0.387,-0.488,5
0.093,0.366,-0.491,5
0.084,0.334,-0.416,5
0.067,0.296,-0.327,5
0.077,0.271,-0.285,5
0.078,0.239,-0.27,5
0.118,0.215,-0.243,5
0.149,0.163,-0.253,5
0.177,0.069,-0.223,5
0.25,0.019,-0.184,5
0.32,-0.02,-0.109,5
0.335,-0.083,0.073,5
0.375,-0.139,-0.045,5
0.406,-0.112,-0.282,5
0.378,-0.097,-0.18,5
0.371,-0.13,0.065,5
0.329,-0.113,0.222,5
0.257,-0.11,0.325,4
0.232,-0.082,0.353,5
0.196,-0.039,0.27,5
0.219,-0.044,0.247,5
0.15,-0.026,0.261,5
0.178,-0.028,0.351,5
0.151,-0.06,0.458,5
0.123,-0.019,0.434,5
0.128,0.0,0.205,5
0.163,0.051,0.051,5
0.194,0.084,0.098,5
0.23,0.054,0.213,5
0.224,0.062,0.226,5
0.189,0.12,0.238,5
0.217,0.13,0.188,5
0.191,0.181,-0.054,5
0.168,0.275,-0.212,5
0.155,0.321,-0.324,5
0.114,0.336,-0.365,5
0.072,0.384,-0.385,5
0.048,0.419,-0.398,5
0.0,0.485,-0.418,4
-0.012,0.527,-0.471,5
-0.054,0.586,-0.476,5
-0.122,0.644,-0.355,5
-0.14,0.614,-0.41,5
-0.035,0.626,-0.321,5
-0.032,0.619,-0.263,5
-0.033,0.635,-0.28,5
-0.008,0.679,-0.243,5
0.039,0.676,-0.111,5
0.087,0.655,-0.07,5
0.126,0.564,-0.007,5
0.135,0.473,0.058,5
0.121,0.391,0.078,5
0.066,0.296,0.117,5
0.016,0.206,0.161,5
-0.041,0.138,0.18,5
-0.097,0.059,0.252,5
-0.122,-0.032,0.369,5
-0.122,-0.149,0.509,4
-0.136,-0.203,0.587,5
-0.139,-0.252,0.731,5
-0.087,-0.308,0.886,5
-0.013,-0.277,1.004,5
0.034,-0.31,1.081,5
0.091,-0.339,1.123,5
0.108,-0.396,1.149,5
0.179,-0.434,1.124,5
0.2,-0.403,1.115,5
0.18,-0.38,1.112,5
0.157,-0.342,1.048,5
0.142,-0.316,0.977,5
0.218,-0.298,0.983,5
0.295,-0.281,0.79,5
0.313,-0.3,0.707,5
0.364,-0.266,0.739,5
0.37,-0.265,0.713,5
0.346,-0.238,0.766,5
0.247,-0.158,0.797,5
0.149,-0.16,0.838,5
0.121,-0.161,0.849,4
0.014,-0.175,0.881,5
-0.073,-0.214,1.129,5
-0.057,-0.265,1.266,5
-0.141,-0.247,1.346,5
-0.106,-0.283,1.375,5
0.089,-0.375,1.414,5
0.391,-0.424,1.436,5
0.7,-0.571,1.267,5
1.1,-0.785,0.942,5
1.55,-1.043,0.49,5
1.878,-1.21,0.075,5
1.871,-1.218,-0.272,5
1.499,-0.976,-0.534,5
0.758,-0.52,-0.735,5
-0.079,0.031,-0.739,5
-0.709,0.454,-0.432,5
-1.22,0.641,0.054,5
-1.361,0.556,0.204,5
-1.225,0.22,0.226,5
-0.938,-0.202,0.398,4
-0.681,-0.492,0.616,5
-0.539,-0.671,0.848,5
-0.447,-0.69,1.0,5
-0.411,-0.552,1.046,5
-0.326,-0.458,1.037,5
-0.233,-0.322,0.89,5
-0.046,-0.221,0.637,5
0.113,-0.173,0.341,5
0.321,-0.117,0.009,5
0.448,-0.032,-0.336,5
0.559,0.057,-0.66,5
0.589,0.189,-0.921,5
0.629,0.304,-1.109,5
0.553,0.385,-1.171,5
0.498,0.463,-1.2,5
0.362,0.494,-1.153,5
0.252,0.458,-1.081,5
0.106,0.408,-0.956,5
-0.076,0.354,-0.757,5
-0.232,0.293,-0.62,4
-0.39,0.194,-0.489,5
-0.553,0.114,-0.229,5
-0.718,0.06,-0.142,5
-0.797,-0.057,-0.106,5
-0.825,-0.125,-0.091,5
-0.811,-0.203,-0.082,5
-0.79,-0.286,-0.177,5
-0.797,-0.3,-0.224,5
-0.722,-0.339,-0.197,5
-0.667,-0.365,-0.229,5
-0.553,-0.35,-0.228,5
-0.454,-0.315,-0.17,5
-0.305,-0.31,-0.14,5
-0.128,-0.27,-0.148,5
0.021,-0.221,-0.155,5
0.153,-0.156,-0.242,5
0.245,-0.093,-0.27,5
0.328,0.014,-0.251,5
0.317,0.06,-0.226,5
0.316,0.171,-0.143,5
0.366,0.24,-0.185,4
0.428,0.242,-0.149,5
0.381,0.247,-0.164,5
0.403,0.201,-0.148,5
0.363,0.125,-0.12,5
0.301,0.039,-0.069,5
0.193,0.001,-0.045,5
0.191,-0.067,-0.04,5
0.137,-0.099,0.019,5
0.033,-0.184,0.064,5
0.051,-0.239,0.049,5
0.037,-0.288,0.092,5
0.029,-0.311,0.087,5
0.026,-0.306,0.026,5
0.075,-0.249,-0.066,5
0.081,-0.164,-0.085,5
0.073,-0.173,-0.232,5
0.048,-0.117,-0.368,5
0.091,-0.101,-0.43,5
0.069,-0.035,-0.348,5
0.031,0.019,-0.426,5
0.089,0.06,-0.637,4
0.084,0.106,-0.798,5
0.045,0.138,-0.95,5
0.084,0.12,-0.799,5
0.071,0.143,-0.65,5
0.077,0.197,-0.71,5
0.099,0.16,-0.816,5
-0.065,0.088,-0.958,5
-0.226,-0.062,-0.85,5
-0.372,-0.189,-0.67,5
-0.477,-0.278,-0.646,5
-0.412,-0.267,-0.62,5
-0.353,-0.154,-0.627,5
-0.43,-0.204,-0.448,5
-0.469,-0.226,-0.356,5
-0.435,-0.273,-0.402,5
-0.499,-0.288,-0.405,5
-0.561,-0.307,-0.343,5
-0.591,-0.302,-0.27,5
-0.64,-0.276,-0.221,5
-0.619,-0.266,-0.126,4
-0.587,-0.248,-0.07,5
-0.571,-0.244,-0.033,5
-0.566,-0.237,-0.025,5
-0.557,-0.226,0.011,5
-0.497,-0.126,0.04,5
-0.464,-0.019,0.079,5
-0.461,0.034,0.006,5
-0.376,0.078,0.045,5
-0.287,0.105,-0.006,5
-0.219,0.133,-0.079,5
-0.128,0.219,-0.136,5
-0.038,0.266,-0.23,5
0.03,0.325,-0.267,5
0.053,0.392,-0.327,5
0.077,0.456,-0.371,5
0.091,0.514,-0.399,5
0.091,0.553,-0.385,5
0.09,0.549,-0.329,5
0.085,0.537,-0.201,5
0.107,0.484,-0.147,4
0.165,0.444,-0.119,5
0.192,0.395,0.021,5
0.233,0.381,0.105,5
0.227,0.326,0.151,5
0.251,0.28,0.209,5
0.325,0.261,0.248,5
0.379,0.23,0.219,5
0.363,0.177,0.223,5
0.365,0.203,0.162,5
0.32,0.221,0.141,5
0.314,0.203,0.162,5
0.321,0.191,0.141,5
0.323,0.185,0.118,5
0.321,0.18,0.111,5
0.267,0.149,0.091,5
0.219,0.168,0.095,5
0.141,0.181,0.176,5
0.123,0.206,0.236,5
0.097,0.233,0.199,5
0.053,0.236,0.166,4
0.043,0.242,0.137,5
0.026,0.235,0.119,5
-0.014,0.224,0.163,5
-0.034,0.219,0.151,5
-0.048,0.245,0.153,5
-0.061,0.233,0.116,5
-0.029,0.205,0.035,5
-0.043,0.15,-0.023,5
-0.06,0.174,-0.051,5
-0.054,0.165,-0.037,5
-0.066,0.114,-0.021,5
-0.072,0.111,-0.092,5
-0.061,0.122,-0.065,5
-0.072,0.092,-0.016,5
-0.056,0.117,0.02,5
-0.055,0.101,0.086,5
-0.079,0.117,0.086,5
-0.071,0.092,0.091,5
-0.055,0.113,0.138,5
-0.05,0.128,0.175,4
-0.019,0.132,0.154,5
-0.034,0.145,0.112,5
-0.044,0.169,0.135,5
0.016,0.191,0.143,5
0.044,0.189,0.133,5
0.023,0.187,0.103,5
0.063,0.19,0.092,5
0.13,0.21,0.053,5
0.143,0.258,0.069,5
0.15,0.236,0.079,5
0.234,0.191,0.05,5
0.284,0.198,0.036,5
0.281,0.195,0.037,5
0.301,0.176,0.063,5
0.296,0.158,0.1,5
0.28,0.189,0.142,5
0.282,0.175,0.175,5
0.279,0.157,0.179,5
0.234,0.15,0.157,5
0.219,0.122,0.197,5
0.292,0.144,0.194,4
0.306,0.091,0.162,5
0.211,0.091,0.154,5
0.207,0.081,0.204,5
0.104,0.052,0.295,5
0.033,0.085,0.395,5
0.013,0.133,0.386,5
-0.035,0.068,0.433,5
-0.07,0.044,0.485,5
-0.106,0.013,0.527,5
-0.126,-0.004,0.638,5
-0.173,-0.004,0.776,5
-0.173,-0.025,0.901,5
-0.186,-0.031,0.97,5
-0.254,-0.054,1.029,5
-0.25,-0.057,1.081,5
-0.238,-0.129,1.072,5
-0.235,-0.224,1.029,5
-0.246,-0.279,0.969,5
-0.213,-0.384,0.924,5
-0.136,-0.501,0.905,4
-0.092,-0.658,0.853,5
0.076,-0.85,0.794,5
0.357,-1.033,0.688,5
0.614,-1.222,0.46,5
0.824,-1.406,0.22,5
0.906,-1.468,-0.055,5
0.746,-1.364,-0.287,5
0.533,-1.111,-0.439,5
0.269,-0.793,-0.382,5
0.009,-0.507,-0.357,5
-0.163,-0.314,-0.351,5
-0.194,-0.192,-0.351,5
-0.127,-0.125,-0.259,5
-0.132,-0.035,-0.19,5
-0.058,0.114,-0.085,5
0.05,0.214,0.009,5
0.209,0.344,0.072,5
0.399,0.408,0.078,5
0.626,0.437,-0.015,5
0.822,0.47,-0.138,5
0.947,0.544,-0.288,4
0.986,0.567,-0.492,5
0.87,0.635,-0.632,5
0.809,0.658,-0.802,5
0.71,0.639,-0.881,5
0.575,0.588,-0.97,5
0.504,0.555,-0.92,5
0.419,0.457,-0.789,5
0.321,0.333,-0.534,5
0.229,0.222,-0.17,5
0.167,0.148,-0.054,5
0.103,0.099,0.222,5
0.019,0.068,0.407,5
-0.055,0.009,0.422,5
-0.067,-0.004,0.613,5
-0.06,-0.012,0.655,5
-0.088,0.005,0.369,5
-0.105,0.026,0.143,5
-0.116,0.041,0.111,5
-0.182,0.093,0.087,5
-0.224,0.071,-0.033,4
-0.232,0.059,-0.185,5
-0.243,0.04,-0.351,5
-0.206,-0.019,-0.476,5
-0.233,-0.051,-0.523,5
-0.239,-0.119,-0.531,5
-0.272,-0.159,-0.426,5
-0.27,-0.229,-0.362,5
-0.291,-0.284,-0.369,5
-0.292,-0.381,-0.362,5
-0.301,-0.446,-0.347,5
-0.301,-0.496,-0.261,5
-0.327,-0.485,-0.191,5
-0.372,-0.484,-0.099,5
-0.447,-0.436,-0.05,5
-0.497,-0.375,-0.015,5
-0.533,-0.311,0.02,5
-0.54,-0.237,0.104,5
-0.525,-0.179,0.193,5
-0.429,-0.148,0.169,5
-0.335,-0.133,0.118,4
-0.146,-0.133,0.024,5
0.023,-0.175,-0.098,5
0.223,-0.24,-0.222,5
0.364,-0.254,-0.32,5
0.449,-0.238,-0.383,5
0.546,-0.162,-0.483,5
0.573,-0.111,-0.508,5
0.529,-0.035,-0.508,5
0.484,0.049,-0.557,5
0.432,0.156,-0.531,5
0.363,0.248,-0.5,5
0.313,0.335,-0.501,5
0.213,0.384,-0.516,5
0.2,0.41,-0.49,5
0.12,0.438,-0.51,5
0.082,0.433,-0.528,5
-0.024,0.424,-0.492,5
-0.112,0.386,-0.452,5
-0.205,0.343,-0.38,5
-0.24,0.278,-0.334,4
-0.203,0.225,-0.309,5
-0.196,0.107,-0.304,5
-0.133,0.002,-0.295,5
-0.072,-0.066,-0.287,5
0.0,-0.021,-0.185,5
0.025,0.019,-0.197,5
-0.072,0.107,-0.229,5
-0.142,0.127,-0.197,5
-0.154,0.114,-0.195,5
-0.233,0.107,-0.222,5
-0.236,0.075,-0.23,5
-0.268,0.076,-0.255,5
-0.349,0.077,-0.307,5
-0.473,0.043,-0.259,5
-0.611,0.022,-0.125,5
-0.636,0.08,-0.005,5
-0.659,0.093,0.102,5
-0.662,0.075,0.122,5
-0.617,0.025,0.149,5
-0.555,0.052,0.177,4
-0.457,0.043,0.172,5
-0.351,0.043,0.151,5
-0.255,0.081,0.196,5
-0.191,0.146,0.163,5
-0.107,0.196,0.095,5
-0.049,0.246,0.004,5
0.028,0.307,-0.103,5
0.077,0.341,-0.192,5
0.13,0.38,-0.169,5
0.155,0.411,-0.134,5
0.17,0.417,-0.168,5
0.144,0.414,-0.134,5
0.147,0.351,-0.065,5
0.163,0.333,-0.037,5
0.198,0.244,0.022,5
0.23,0.176,0.063,5
0.198,0.133,0.108,5
0.118,0.072,0.205,5
0.115,0.035,0.185,5
0.116,0.014,0.179,5
0.104,-0.043,0.221,4
0.051,-0.068,0.281,5
0.046,-0.074,0.27,5
0.002,-0.093,0.269,5
0.019,-0.109,0.195,5
-0.003,-0.107,0.166,5
-0.037,-0.105,0.141,5
-0.021,-0.12,0.123,5
-0.01,-0.112,0.097,5
-0.039,-0.114,0.04,5
-0.052,-0.12,0.066,5
-0.069,-0.065,0.107,5
-0.07,-0.071,0.079,5
-0.115,-0.051,0.032,5
-0.134,0.001,0.033,5
-0.159,-0.016,0.082,5
-0.121,-0.001,0.03,5
-0.126,0.002,-0.011,5
-0.105,-0.014,-0.053,5
-0.103,0.003,-0.073,4
-0.119,0.059,-0.07,5
-0.094,0.079,-0.046,5
-0.067,0.144,-0.089,5
-0.065,0.212,-0.093,5
-0.071,0.229,-0.1,5
-0.042,0.249,-0.125,5
-0.021,0.311,-0.078,5
-0.014,0.361,-0.057,5
-0.03,0.325,-0.064,5
-0.023,0.288,-0.058,5
0.004,0.212,-0.155,5
0.077,0.161,-0.243,5
0.048,0.132,-0.331,5
0.047,0.08,-0.337,5
0.008,0.007,-0.337,5
-0.031,0.01,-0.316,5
-0.023,0.001,-0.336,5
-0.016,0.018,-0.316,5
-0.041,0.033,-0.267,5
-0.084,0.047,-0.236,5
-0.097,0.111,-0.13,4
-0.135,0.13,-0.053,5
-0.212,0.147,-0.004,5
-0.259,0.171,0.025,5
-0.285,0.236,0.057,5
-0.269,0.161,0.077,5
-0.294,0.136,0.139,5
-0.291,0.084,0.103,5
-0.283,0.036,0.132,5
-0.268,0.041,0.114,5
-0.284,-0.001,0.12,5
-0.294,-0.022,0.086,5
-0.286,-0.08,0.103,5
-0.314,-0.102,0.119,5
-0.347,-0.118,0.12,5
-0.355,-0.136,0.138,5
-0.346,-0.153,0.167,5
-0.294,-0.124,0.211,5
-0.208,-0.121,0.293,5
-0.14,-0.104,0.38,5
-0.091,-0.068,0.493,4
-0.018,-0.052,0.521,5
0.121,0.017,0.516,5
0.199,0.036,0.486,5
0.283,0.054,0.39,5
0.349,0.049,0.274,5
0.409,0.087,0.177,5
0.467,0.13,0.146,5
0.502,0.156,0.153,5
0.543,0.166,0.065,5
0.682,0.106,-0.001,5
0.808,-0.059,-0.048,5
1.003,-0.268,-0.087,5
1.252,-0.491,-0.177,5
1.458,-0.765,-0.228,5
1.446,-0.934,-0.175,5
1.082,-0.923,-0.192,5
0.491,-0.654,-0.259,5
-0.303,-0.278,0.21,5
-1.208,0.076,0.637,5
-2.065,0.461,1.099,4
-2.449,0.462,1.429,5
-2.695,0.265,1.691,5
-2.624,-0.049,2.116,5
-2.362,-0.376,2.504,5
-2.005,-0.636,2.775,5
-1.662,-0.831,2.997,5
-1.151,-1.041,3.064,5
-0.54,-1.113,2.921,5
0.021,-1.067,2.547,5
0.45,-0.951,1.909,5
0.866,-0.8,1.291,5
1.284,-0.638,0.666,5
1.634,-0.432,0.07,5
1.983,-0.277,-0.488,5
2.181,-0.098,-0.961,5
2.334,0.087,-1.377,5
2.32,0.191,-1.765,5
2.075,0.417,-2.02,5
1.712,0.66,-1.749,5
1.373,0.533,-1.341,4
0.96,0.243,-1.004,5
0.446,-0.013,-0.663,5
-0.098,0.052,-0.32,5
-0.407,0.047,0.163,5
-0.681,-0.207,0.595,5
-0.888,-0.432,0.867,5
-0.998,-0.695,1.13,5
-0.98,-0.966,1.469,5
-0.882,-1.171,1.572,5
-0.772,-1.291,1.419,5
-0.531,-1.398,1.256,5
-0.396,-1.336,0.915,5
-0.262,-1.142,0.56,5
-0.11,-0.955,0.431,5
0.003,-0.751,0.168,5
0.253,-0.551,-0.244,5
0.43,-0.38,-0.539,5
0.658,-0.169,-0.825,5
0.821,-0.049,-1.109,5
0.881,0.089,-1.334,4
0.858,0.179,-1.546,5
0.867,0.2,-1.606,5
0.801,0.21,-1.45,5
0.644,0.185,-1.262,5
0.489,0.136,-1.235,5
0.375,0.023,-1.18,5
0.256,-0.112,-0.985,5
0.084,-0.239,-0.77,5
-0.062,-0.322,-0.503,5
-0.224,-0.394,-0.298,5
-0.399,-0.505,-0.121,5
-0.523,-0.566,0.08,5
-0.699,-0.613,0.214,5
-0.776,-0.66,0.287,5
-0.866,-0.632,0.392,5
-0.926,-0.612,0.392,5
-1.036,-0.594,0.426,5
-1.027,-0.578,0.504,5
-0.985,-0.537,0.544,5
-0.955,-0.479,0.507,5
-0.946,-0.448,0.43,4
-0.804,-0.395,0.387,5
-0.728,-0.299,0.383,5
-0.651,-0.179,0.288,5
-0.585,-0.122,0.173,5
-0.466,-0.058,0.083,5
-0.282,0.029,-0.058,5
-0.142,0.112,-0.096,5
-0.002,0.165,-0.263,5
0.122,0.2,-0.435,5
0.222,0.241,-0.473,5
0.346,0.29,-0.555,5
0.423,0.381,-0.633,5
0.515,0.447,-0.72,5
0.519,0.48,-0.76,5
0.575,0.535,-0.783,5
0.621,0.568,-0.761,5
0.679,0.571,-0.762,5
0.762,0.527,-0.815,5
0.789,0.483,-0.829,5
0.822,0.465,-0.918,4
0.8,0.453,-0.943,5
0.694,0.425,-0.965,5
0.608,0.399,-0.924,5
0.551,0.428,-0.875,5
0.427,0.385,-0.878,5
0.324,0.342,-0.816,5
0.184,0.3,-0.704,5
0.066,0.274,-0.59,5
-0.017,0.199,-0.51,5
-0.088,0.192,-0.364,5
-0.209,0.143,-0.228,5
-0.253,0.085,-0.227,5
-0.292,0.064,-0.29,5
-0.327,0.066,-0.236,5
-0.402,0.046,-0.195,5
-0.414,0.037,-0.179,5
-0.441,0.077,-0.149,5
-0.449,0.116,-0.164,5
-0.46,0.169,-0.156,5
-0.375,0.144,-0.166,4
-0.363,0.147,-0.145,5
-0.323,0.132,-0.178,5
-0.26,0.144,-0.121,5
-0.191,0.139,-0.092,5
-0.155,0.159,-0.104,5
-0.014,0.212,-0.064,5
0.051,0.238,-0.014,5
0.085,0.219,-0.004,5
0.141,0.218,-0.025,5
0.213,0.209,-0.005,5
0.204,0.171,0.0,5
0.218,0.163,-0.043,5
0.309,0.133,-0.074,5
0.291,0.133,-0.023,5
0.3,0.141,0.056,5
0.326,0.153,0.072,5
0.285,0.142,0.185,5
0.256,0.14,0.253,5
0.334,0.139,0.24,5
0.387,0.125,0.229,4
0.421,0.126,0.219,5
0.465,0.139,0.163,5
0.488,0.164,0.129,5
0.482,0.16,0.052,5
0.49,0.161,-0.009,5
0.527,0.167,-0.072,5
0.5,0.228,-0.056,5
0.433,0.257,-0.171,5
0.42,0.205,-0.34,5
0.391,0.219,-0.284,5
0.321,0.18,-0.169,5
0.25,0.196,-0.096,5
0.186,0.228,-0.048,5
0.09,0.192,-0.017,5
0.0,0.169,0.048,5
-0.069,0.156,0.095,5
-0.152,0.149,0.15,5
-0.163,0.108,0.17,5
-0.207,0.072,0.191,5
-0.255,0.077,0.254,4
-0.26,0.078,0.254,5
-0.303,0.079,0.182,5
-0.341,0.071,0.219,5
-0.316,0.094,0.184,5
-0.306,0.115,0.209,5
-0.297,0.112,0.154,5
-0.25,0.101,0.173,5
-0.194,0.082,0.211,5
-0.162,0.121,0.207,5
-0.124,0.096,0.187,5
-0.077,0.091,0.228,5
-0.026,0.133,0.223,5
0.014,0.116,0.218,5
0.03,0.1,0.187,5
0.061,0.107,0.16,5
0.111,0.139,0.135,5
0.169,0.121,0.096,5
0.178,0.113,0.069,5
0.173,0.132,0.075,5
0.199,0.127,0.05,4
0.2,0.192,0.023,5
0.202,0.216,0.038,5
0.194,0.203,0.047,5
0.184,0.208,0.055,5
0.139,0.205,0.033,5
0.112,0.232,0.06,5
0.123,0.226,0.062,5
0.119,0.194,0.052,5
0.137,0.166,0.077,5
0.149,0.154,0.073,5
0.108,0.156,0.087,5
0.098,0.188,0.1,5
0.04,0.182,0.163,5
0.015,0.198,0.151,5
0.0,0.225,0.106,5
-0.007,0.25,0.082,5
-0.02,0.238,0.13,5
-0.018,0.236,0.13,5
-0.016,0.242,0.143,5
-0.027,0.201,0.193,5
0.001,0.185,0.238,4
0.009,0.158,0.262,5
0.008,0.12,0.266,5
0.063,0.108,0.33,5
0.035,0.063,0.426,5
0.032,0.057,0.444,5
0.059,0.016,0.447,5
0.087,-0.001,0.419,5
0.027,-0.057,0.412,5
0.037,-0.073,0.392,5
-0.017,-0.135,0.387,5
-0.033,-0.19,0.37,5
-0.09,-0.227,0.389,5
-0.189,-0.273,0.406,5
-0.26,-0.272,0.473,5
-0.346,-0.279,0.611,5
-0.385,-0.32,0.757,5
-0.363,-0.37,0.845,5
-0.254,-0.406,0.868,5
-0.116,-0.546,0.867,5
0.149,-0.681,0.768,4
0.379,-0.79,0.656,5
0.57,-0.892,0.543,5
0.655,-0.953,0.433,5
0.594,-0.884,0.325,5
0.487,-0.692,0.18,5
0.292,-0.407,0.089,5
0.09,-0.263,0.028,5
0.029,-0.185,-0.038,5
-0.02,-0.205,-0.077,5
-0.121,-0.258,-0.091,5
-0.269,-0.249,-0.099,5
-0.444,-0.211,-0.132,5
-0.602,-0.134,-0.093,5
-0.693,-0.095,0.023,5
-0.615,-0.064,0.275,5
-0.519,-0.044,0.402,5
-0.463,-0.036,0.44,5
-0.399,-0.058,0.447,5
-0.243,-0.03,0.355,5
-0.219,0.066,0.315,4
-0.08,0.099,0.15,5
-0.038,0.158,0.04,5
-0.189,0.297,-0.058,5
-0.213,0.263,-0.336,5
-0.149,0.288,-0.359,5
-0.168,0.268,-0.357,5
-0.121,0.185,-0.451,5
-0.109,0.141,-0.462,5
-0.145,0.066,-0.514,5
-0.114,-0.039,-0.446,5
-0.15,-0.108,-0.393,5
-0.092,-0.244,-0.314,5
-0.1,-0.301,-0.223,5
-0.171,-0.357,-0.114,5
-0.133,-0.386,-0.107,5
-0.119,-0.408,-0.105,5
-0.112,-0.453,-0.12,5
-0.079,-0.451,-0.112,5
-0.101,-0.393,-0.088,5
-0.039,-0.353,-0.049,5
0.054,-0.322,-0.122,4
0.135,-0.273,-0.217,5
0.242,-0.215,-0.329,5
0.287,-0.224,-0.387,5
0.301,-0.163,-0.464,5
0.31,-0.073,-0.543,5
0.296,0.032,-0.609,5
0.279,0.098,-0.621,5
0.256,0.161,-0.706,5
0.234,0.171,-0.691,5
0.189,0.184,-0.708,5
0.136,0.209,-0.719,5
0.058,0.222,-0.66,5
0.073,0.269,-0.495,5
0.156,0.238,-0.445,5
0.24,0.223,-0.362,5
0.259,0.243,-0.287,5
0.259,0.197,-0.379,5
0.263,0.186,-0.384,5
0.301,0.172,-0.419,5
0.284,0.189,-0.446,4
0.29,0.153,-0.543,5
0.308,0.133,-0.605,5
0.278,0.103,-0.648,5
0.254,0.092,-0.687,5
0.203,0.053,-0.756,5
0.204,0.035,-0.767,5
0.175,-0.007,-0.69,5
0.136,-0.058,-0.625,5
0.07,-0.078,-0.528,5
-0.022,-0.083,-0.415,5
-0.123,-0.087,-0.283,5
-0.205,-0.092,-0.108,5
-0.237,-0.065,0.023,5
-0.273,-0.041,0.055,5
-0.293,-0.054,0.118,5
-0.337,-0.045,0.136,5
-0.321,-0.036,0.149,5
-0.293,-0.071,0.155,5
-0.272,-0.09,0.135,5
-0.236,-0.111,0.061,4
-0.221,-0.082,0.025,5
-0.169,-0.061,0.018,5
-0.109,-0.051,0.042,5
-0.115,-0.054,0.012,5
-0.091,-0.001,-0.001,5
-0.073,0.019,0.024,5
-0.053,0.009,0.017,5
-0.043,0.038,0.033,5
-0.043,0.06,0.051,5
-0.008,0.084,0.041,5
-0.012,0.102,0.059,5
0.019,0.109,-0.019,5
0.051,0.111,-0.013,5
0.076,0.121,-0.003,5
0.129,0.122,-0.037,5
0.142,0.144,-0.085,5
0.136,0.151,-0.085,5
0.17,0.132,-0.09,5
0.2,0.136,-0.175,5
0.228,0.118,-0.266,4
0.261,0.123,-0.273,5
0.248,0.081,-0.298,5
0.206,0.098,-0.229,5
0.133,0.127,-0.163,5
0.072,0.171,-0.16,5
0.031,0.222,-0.208,5
-0.015,0.179,-0.308,5
-0.06,0.152,-0.269,5
-0.085,0.098,-0.246,5
-0.102,0.114,-0.083,5
-0.087,0.115,0.036,5
-0.143,0.112,0.101,5
-0.163,0.105,0.156,5
-0.177,0.009,0.123,5
-0.233,-0.026,0.145,5
-0.218,-0.036,0.148,5
-0.17,-0.019,0.219,5
-0.166,0.068,0.262,5
-0.171,0.091,0.167,5
-0.141,0.082,0.111,5
-0.161,0.082,0.061,4
-0.132,0.052,0.077,5
-0.132,0.017,0.082,5
-0.123,0.071,0.069,5
-0.132,0.124,0.028,5
-0.162,0.121,0.068,5
-0.154,0.143,0.1,5
-0.126,0.154,0.176,5
-0.087,0.169,0.189,5
-0.087,0.2,0.161,5
-0.053,0.21,0.166,5
-0.004,0.215,0.107,5
0.047,0.202,0.109,5
0.059,0.194,0.059,5
0.075,0.205,0.058,5
0.098,0.219,0.017,5
0.088,0.257,-0.031,5
0.036,0.283,-0.036,5
0.006,0.298,-0.037,5
-0.071,0.316,-0.051,5
-0.124,0.344,0.01,4
-0.129,0.327,0.022,5
-0.142,0.333,0.084,5
-0.175,0.313,0.162,5
-0.183,0.312,0.189,5
-0.186,0.272,0.239,5
-0.155,0.249,0.249,5
-0.079,0.232,0.254,5
0.019,0.231,0.216,5
0.068,0.182,0.199,5
0.199,0.146,0.131,5
0.253,0.17,0.049,5
0.27,0.196,-0.093,5
0.239,0.164,-0.182,5
0.284,0.173,-0.225,5
0.312,0.229,-0.275,5
0.242,0.258,-0.334,5
0.174,0.258,-0.257,5
0.144,0.137,-0.158,5
0.151,0.011,-0.082,5
0.127,-0.131,-0.07,4
0.166,-0.204,-0.05,5
0.197,-0.171,-0.027,5
0.199,-0.136,0.121,5
0.136,-0.084,0.152,5
0.105,-0.05,0.128,5
0.034,0.032,0.059,5
-0.059,0.037,0.058,5
-0.109,0.064,0.043,5
-0.176,0.105,-0.025,5
-0.24,0.107,0.011,5
-0.306,0.122,0.019,5
-0.431,0.166,0.025,5
-0.452,0.184,0.092,5
-0.506,0.14,0.095,5
-0.537,0.13,0.129,5
-0.548,0.091,0.206,5
-0.588,0.069,0.25,5
-0.581,0.045,0.311,5
-0.691,0.088,0.285,5
-0.721,0.079,0.243,4
-0.735,0.101,0.232,5
-0.773,0.125,0.286,5
-0.765,0.143,0.387,5
-0.667,0.154,0.456,5
-0.63,0.165,0.466,5
-0.615,0.178,0.523,5
-0.635,0.221,0.583,5
-0.615,0.225,0.662,5
-0.635,0.228,0.781,5
-0.567,0.253,0.923,5
-0.562,0.305,1.141,5
-0.501,0.257,1.238,5
-0.296,0.124,1.347,5
0.056,-0.056,1.371,5
0.511,-0.313,1.217,5
1.124,-0.747,0.97,5
1.666,-1.108,0.709,5
2.133,-1.329,0.38,5
2.308,-1.282,-0.101,5
2.008,-0.956,-0.474,4
1.385,-0.459,-0.604,5
0.656,0.068,-0.56,5
0.03,0.441,-0.461,5
-0.438,0.552,-0.286,5
-0.609,0.436,0.087,5
-0.643,0.164,0.414,5
-0.57,-0.106,0.549,5
-0.483,-0.297,0.585,5
-0.344,-0.449,0.776,5
-0.348,-0.559,1.134,5
-0.348,-0.581,1.257,5
-0.386,-0.548,1.231,5
-0.369,-0.45,1.194,5
-0.328,-0.289,1.109,5
-0.312,-0.092,0.907,5
-0.247,0.024,0.545,5
-0.174,0.155,0.361,5
-0.217,0.312,0.196,5
-0.183,0.358,-0.09,5
-0.151,0.314,-0.292,4
-0.162,0.282,-0.271,5
-0.15,0.237,-0.201,5
-0.135,0.131,-0.129,5
-0.126,0.075,-0.034,5
-0.169,-0.069,0.084,5
-0.208,-0.192,0.175,5
-0.187,-0.31,0.347,5
-0.229,-0.305,0.472,5
-0.253,-0.339,0.506,5
-0.202,-0.387,0.43,5
-0.169,-0.465,0.421,5
-0.139,-0.487,0.487,5
0.068,-0.494,0.374,5
0.233,-0.523,0.215,5
0.348,-0.539,0.026,5
0.421,-0.537,-0.187,5
0.469,-0.526,-0.375,5
0.53,-0.448,-0.51,5
0.567,-0.437,-0.661,5
0.571,-0.398,-0.824,4
0.557,-0.345,-0.771,5
0.605,-0.328,-0.871,5
0.604,-0.317,-0.866,5
0.634,-0.436,-0.839,5
0.588,-0.556,-0.824,5
0.564,-0.651,-0.841,5
0.538,-0.655,-0.89,5
0.423,-0.585,-0.888,5
0.359,-0.496,-0.898,5
0.272,-0.464,-0.864,5
0.15,-0.417,-0.894,5
0.048,-0.41,-0.917,5
-0.067,-0.382,-0.756,5
-0.155,-0.365,-0.732,5
-0.17,-0.419,-0.766,5
-0.2,-0.416,-0.793,5
-0.31,-0.396,-0.796,5
-0.3,-0.399,-0.707,5
-0.352,-0.372,-0.602,5
-0.33,-0.352,-0.507,5
-0.322,-0.399,-0.452,4
-0.264,-0.428,-0.472,5
-0.255,-0.389,-0.528,5
-0.186,-0.329,-0.561,5
-0.146,-0.261,-0.518,5
-0.166,-0.192,-0.449,5
-0.098,-0.212,-0.395,5
-0.053,-0.216,-0.399,5
0.02,-0.126,-0.505,5
0.065,-0.122,-0.593,5
0.102,-0.084,-0.633,5
0.044,-0.015,-0.574,5
0.044,0.02,-0.391,5
0.044,0.061,-0.287,5
0.001,0.128,-0.237,5
-0.072,0.171,-0.218,5
-0.108,0.167,-0.148,5
-0.153,0.15,-0.09,5
-0.206,0.174,-0.021,5
-0.289,0.204,0.006,5
-0.398,0.158,0.122,4
-0.47,0.107,0.2,5
-0.557,0.114,0.227,5
-0.544,0.042,0.291,5
-0.503,0.016,0.494,5
-0.595,-0.023,0.583,5
-0.557,-0.124,0.529,5
-0.458,-0.163,0.532,5
-0.416,-0.169,0.548,5
-0.405,-0.178,0.488,5
-0.407,-0.16,0.435,5
-0.401,-0.148,0.456,5
-0.348,-0.112,0.436,5
-0.309,-0.04,0.457,5
-0.256,0.002,0.506,5
-0.162,0.062,0.486,5
-0.068,0.103,0.476,5
0.016,0.136,0.467,5
0.104,0.161,0.446,5
0.206,0.218,0.389,5
0.259,0.244,0.307,4
0.306,0.284,0.25,5
0.323,0.346,0.173,5
0.351,0.35,0.048,5
0.393,0.393,-0.085,5
0.406,0.358,-0.24,5
0.378,0.399,-0.272,5
0.374,0.428,-0.219,5
0.354,0.385,-0.391,5
0.306,0.424,-0.429,5
0.275,0.416,-0.361,5
0.153,0.47,-0.312,5
0.107,0.483,-0.254,5
0.049,0.499,-0.276,5
-0.002,0.492,-0.296,5
-0.041,0.473,-0.249,5
-0.088,0.503,-0.241,5
-0.174,0.487,-0.222,5
-0.191,0.43,-0.191,5
-0.228,0.409,-0.21,5
-0.24,0.385,-0.215,4
-0.216,0.364,-0.146,5
-0.272,0.323,-0.14,5
-0.279,0.265,-0.178,5
-0.251,0.238,-0.177,5
-0.243,0.18,-0.099,5
-0.232,0.162,-0.029,5
-0.273,0.15,0.021,5
-0.306,0.131,0.074,5
-0.297,0.092,0.145,5
-0.22,0.035,0.121,5
-0.327,0.092,0.062,5
-0.398,0.117,0.142,5
-0.444,0.191,0.196,5
-0.473,0.172,0.22,5
-0.443,0.103,0.181,5
-0.386,0.024,0.128,5
-0.291,-0.068,0.128,5
-0.245,-0.13,0.15,5
-0.194,-0.1,0.23,5
-0.149,-0.073,0.155,5
-0.082,-0.16,0.019,4
0.123,-0.291,0.055,5
0.219,-0.197,0.115,5
0.093,0.016,0.237,5
0.08,0.234,0.355,5
0.184,0.292,0.195,5
0.329,0.293,-0.074,5
0.443,0.169,-0.092,5
0.515,0.079,0.067,5
0.549,0.071,0.297,5
0.581,0.034,0.302,5
0.617,0.099,0.086,5
0.607,0.193,-0.141,5
0.555,0.238,-0.261,5
0.517,0.262,-0.291,5
0.538,0.244,-0.309,5
0.532,0.207,-0.261,5
0.56,0.177,-0.303,5
0.5,0.211,-0.243,5
0.424,0.168,-0.18,4
0.399,0.117,-0.119,5
0.385,0.118,0.039,5
0.407,0.106,0.039,5
0.37,0.087,0.027,5
0.381,0.057,0.058,5
0.317,0.077,0.048,5
0.298,0.095,0.052,5
0.264,0.124,0.073,5
0.207,0.146,0.121,5
0.191,0.14,0.178,5
0.21,0.109,0.212,5
0.224,0.094,0.268,5
0.227,0.114,0.254,5
0.2,0.094,0.302,5
0.227,0.072,0.345,5
0.248,0.065,0.345,5
0.27,0.11,0.302,5
0.286,0.129,0.302,5
0.266,0.09,0.267,5
0.265,0.107,0.171,4
0.26,0.126,0.107,5
0.269,0.144,0.075,5
0.182,0.147,0.037,5
0.137,0.21,0.003,5
0.05,0.266,-0.009,5
-0.014,0.308,0.017,5
-0.038,0.321,0.054,5
-0.078,0.314,0.078,5
-0.126,0.274,0.139,5
-0.118,0.23,0.113,5
-0.058,0.181,0.157,5
-0.057,0.145,0.146,5
-0.034,0.122,0.097,5
-0.108,0.08,0.044,5
-0.153,0.085,0.005,5
-0.142,0.123,-0.081,5
-0.141,0.137,-0.12,5
-0.204,0.119,-0.108,5
-0.154,0.116,-0.132,5
-0.108,0.065,-0.162,4
-0.093,0.028,-0.184,5
-0.096,-0.017,-0.14,5
-0.052,-0.049,-0.087,5
-0.038,-0.075,-0.018,5
0.042,-0.132,0.061,5
0.146,-0.235,0.132,5
0.204,-0.293,0.205,5
0.304,-0.419,0.309,5
0.52,-0.532,0.304,5
0.584,-0.625,0.265,5
0.569,-0.593,0.213,5
0.425,-0.486,0.2,5
0.159,-0.351,0.219,5
0.027,-0.247,0.274,5
-0.031,-0.231,0.359,5
-0.067,-0.264,0.435,5
-0.073,-0.345,0.534,5
-0.109,-0.384,0.696,5
-0.158,-0.436,0.786,5
-0.185,-0.41,0.836,5
-0.141,-0.36,0.951,4
-0.166,-0.341,1.019,5
-0.145,-0.359,1.051,5
-0.096,-0.362,0.972,5
-0.03,-0.373,0.857,5
-0.014,-0.292,0.741,5
0.064,-0.19,0.534,5
0.139,-0.184,0.265,5
0.164,-0.101,0.031,5
0.251,-0.086,-0.143,5
0.187,-0.03,-0.271,5
0.212,0.024,-0.481,5
0.19,0.004,-0.51,5
0.21,-0.013,-0.52,5
0.228,0.005,-0.511,5
0.257,0.009,-0.339,5
0.274,-0.142,-0.309,5
0.298,-0.399,-0.399,5
0.161,-0.579,-0.428,5
0.063,-0.53,-0.299,5
-0.016,-0.464,-0.066,4
-0.113,-0.521,0.0,5
-0.24,-0.538,-0.043,5
-0.371,-0.527,0.012,5
-0.48,-0.53,0.149,5
-0.592,-0.537,0.164,5
-0.662,-0.484,0.126,5
-0.733,-0.457,0.135,5
-0.742,-0.402,0.16,5
-0.771,-0.341,0.131,5
-0.746,-0.294,0.187,5
-0.736,-0.208,0.177,5
-0.649,-0.14,0.176,5
-0.601,-0.022,0.137,5
-0.459,0.056,0.033,5
-0.379,0.128,-0.094,5
-0.263,0.184,-0.3,5
-0.151,0.239,-0.486,5
-0.093,0.293,-0.657,5
0.019,0.384,-0.776,5
0.078,0.449,-0.884,5
0.096,0.503,-0.929,4
0.142,0.539,-0.974,5
0.231,0.545,-0.941,5
0.281,0.521,-0.981,5
0.374,0.456,-0.999,5
0.435,0.372,-0.916,5
0.543,0.265,-0.855,5
0.553,0.196,-0.851,5
0.532,0.129,-0.861,5
0.47,0.094,-0.805,5
0.35,0.072,-0.75,5
0.298,0.077,-0.636,5
0.225,0.035,-0.607,5
0.142,0.014,-0.65,5
0.041,0.004,-0.602,5
-0.039,-0.021,-0.611,5
-0.061,-0.01,-0.58,5
-0.133,-0.031,-0.608,5
-0.201,-0.045,-0.526,5
-0.284,-0.019,-0.46,5
-0.351,-0.056,-0.474,4
-0.423,-0.05,-0.379,5
-0.463,-0.01,-0.333,5
-0.485,-0.027,-0.338,5
-0.558,-0.041,-0.3,5
-0.588,-0.054,-0.313,5
-0.624,-0.075,-0.316,5
-0.639,-0.089,-0.267,5
-0.661,-0.088,-0.249,5
-0.72,-0.079,-0.198,5
-0.751,-0.067,-0.183,5
-0.732,-0.065,-0.16,5
-0.745,-0.08,-0.118,5
-0.688,-0.072,-0.115,5
-0.671,-0.099,-0.108,5
-0.625,-0.106,-0.062,5
-0.541,-0.109,0.003,5
-0.478,-0.106,0.05,5
-0.417,-0.091,0.067,5
-0.337,-0.061,0.09,5
-0.256,-0.024,0.077,4
-0.161,0.033,0.065,5
-0.072,0.077,0.019,5
0.012,0.104,-0.072,5
0.08,0.089,-0.095,5
0.197,0.128,-0.124,5
0.246,0.162,-0.112,5
0.286,0.163,-0.096,5
0.343,0.151,-0.104,5
0.387,0.153,-0.158,5
0.4,0.138,-0.116,5
0.398,0.111,-0.044,5
0.367,0.134,0.093,5
0.361,0.138,0.23,5
0.294,0.116,0.285,5
0.321,0.1,0.351,5
0.28,0.085,0.372,5
0.226,0.085,0.416,5
0.208,0.064,0.426,5
0.204,0.057,0.423,5
0.171,0.056,0.428,4
0.158,0.081,0.441,5
0.099,0.107,0.401,5
0.136,0.118,0.391,5
0.14,0.145,0.395,5
0.139,0.147,0.33,5
0.121,0.171,0.297,5
0.143,0.184,0.275,5
0.185,0.218,0.3,5
0.196,0.26,0.239,5
0.224,0.295,0.134,5
0.163,0.334,0.047,5
0.112,0.383,0.025,5
0.096,0.426,-0.041,5
0.082,0.431,-0.097,5
0.087,0.435,-0.092,5
0.087,0.439,-0.087,5
0.108,0.412,-0.07,5
0.119,0.341,0.031,5
0.167,0.341,0.037,5
0.194,0.35,0.089,4
0.174,0.311,0.162,5
0.161,0.318,0.228,5
0.098,0.347,0.213,5
0.04,0.351,0.179,5
-0.006,0.307,0.174,5
0.002,0.298,0.122,5
-0.031,0.259,0.002,5
-0.045,0.186,-0.027,5
0.019,0.172,0.009,5
0.008,0.124,0.064,5
0.055,0.103,0.101,5
0.071,-0.001,0.129,5
0.128,0.011,0.112,5
0.133,0.01,0.079,5
0.106,0.005,0.132,5
0.139,0.039,0.144,5
0.138,0.039,0.138,5
0.163,0.078,0.116,5
0.168,0.113,0.044,5
0.194,0.098,-0.024,4
0.213,0.049,-0.086,5
0.188,0.104,-0.198,5
0.182,0.085,-0.226,5
0.112,0.111,-0.216,5
0.075,0.117,-0.281,5
0.072,0.114,-0.309,5
0.064,0.103,-0.312,5
0.045,0.11,-0.294,5
-0.053,0.051,-0.303,5
-0.039,0.046,-0.225,5
-0.061,0.072,-0.198,5
-0.016,0.047,-0.144,5
0.006,0.038,-0.074,5
0.018,0.026,-0.092,5
0.034,-0.041,-0.027,5
0.056,-0.062,-0.071,5
0.042,-0.052,-0.056,5
0.05,-0.068,-0.067,5
0.054,-0.061,-0.173,5
0.074,-0.029,-0.272,5
0.041,-0.052,-0.279,4
-0.048,-0.043,-0.234,5
0.033,-0.043,-0.249,5
0.038,-0.021,-0.185,5
0.022,0.002,-0.223,5
0.062,-0.002,-0.222,5
0.052,0.01,-0.157,5
0.034,0.026,-0.128,5
-0.081,0.032,-0.051,5
-0.137,0.042,0.031,5
-0.171,0.072,0.08,5
-0.257,0.099,0.102,5
-0.3,0.064,0.174,5
-0.326,0.062,0.204,5
-0.367,0.025,0.196,5
-0.421,0.01,0.198,5
-0.504,0.004,0.277,5
-0.578,0.012,0.392,5
-0.718,0.033,0.482,5
-0.741,0.021,0.658,5
-0.749,-0.041,0.781,4
-0.709,-0.136,0.837,5
-0.517,-0.29,0.831,5
-0.181,-0.533,0.868,5
0.185,-0.798,0.941,5
0.628,-1.115,0.829,5
0.953,-1.348,0.492,5
0.922,-1.355,0.249,5
0.61,-1.147,0.215,5
0.062,-0.812,0.358,5
-0.37,-0.494,0.615,5
-0.721,-0.294,0.92,5
-0.868,-0.161,1.125,5
-0.768,-0.209,1.137,5
-0.519,-0.55,1.174,5
-0.209,-0.887,1.091,5
0.122,-1.148,1.055,5
0.394,-1.33,0.933,5
0.505,-1.421,0.887,5
0.493,-1.309,0.871,5
0.362,-1.075,0.849,4
0.162,-0.717,0.777,5
0.012,-0.439,0.643,5
0.041,-0.257,0.518,5
0.067,-0.162,0.311,5
0.194,-0.262,-0.055,5
0.386,-0.387,-0.368,5
0.58,-0.525,-0.508,5
0.617,-0.576,-0.587,5
0.551,-0.548,-0.696,5
0.422,-0.48,-0.523,5
0.16,-0.381,-0.427,5
0.054,-0.36,-0.372,5
-0.024,-0.35,-0.149,5
-0.104,-0.418,-0.044,5
-0.085,-0.544,0.033,5
-0.046,-0.572,0.189,5
0.044,-0.618,0.248,5
0.044,-0.642,0.374,5
0.044,-0.617,0.453,5
0.057,-0.546,0.468,5
0.029,-0.436,0.395,4
-0.02,-0.289,0.347,5
-0.044,-0.105,0.338,5
-0.083,0.013,0.188,5
-0.044,0.05,0.044,5
0.046,0.062,-0.054,5
0.093,0.026,-0.014,5
0.092,0.023,-0.181,5
0.109,0.012,-0.215,5
0.115,0.08,-0.111,5
0.138,0.154,-0.234,5
0.111,0.25,-0.37,5
0.109,0.346,-0.358,5
0.197,0.367,-0.305,5
0.229,0.305,-0.258,5
0.292,0.326,-0.219,5
0.263,0.379,-0.175,5
0.215,0.449,-0.197,5
0.189,0.521,-0.151,5
0.093,0.576,-0.153,5
0.079,0.613,-0.168,4
-0.014,0.655,-0.142,5
-0.064,0.555,-0.184,5
-0.049,0.327,-0.23,5
-0.027,0.101,-0.242,5
-0.05,-0.055,-0.192,5
-0.084,-0.123,-0.203,5
-0.097,-0.063,-0.182,5
-0.139,-0.022,-0.108,5
-0.099,-0.046,-0.123,5
-0.119,-0.071,-0.106,5
-0.112,-0.086,-0.147,5
-0.105,-0.124,-0.098,5
0.021,-0.138,-0.093,5
0.053,-0.171,-0.131,5
0.074,-0.197,-0.092,5
0.127,-0.19,0.054,5
0.127,-0.124,-0.01,5
0.183,0.004,-0.039,5
0.208,0.068,-0.048,5
0.2,0.091,-0.164,4
0.163,0.121,-0.337,5
0.116,0.135,-0.394,5
0.027,0.113,-0.402,5
-0.057,0.153,-0.413,5
-0.219,0.159,-0.372,5
-0.331,0.169,-0.249,5
-0.392,0.208,-0.142,5
-0.444,0.204,-0.067,5
-0.455,0.158,0.055,5
-0.487,0.03,0.196,5
-0.469,0.01,0.31,5
-0.4,-0.046,0.309,5
-0.356,-0.11,0.282,5
-0.428,-0.086,0.267,5
-0.484,-0.078,0.141,5
-0.397,-0.04,0.036,5
-0.392,-0.014,-0.027,5
-0.43,0.042,-0.11,5
-0.34,0.051,-0.185,5
-0.28,0.059,-0.253,5
-0.29,0.13,-0.296,4
-0.248,0.173,-0.301,5
-0.189,0.195,-0.331,5
-0.217,0.205,-0.32,5
-0.239,0.237,-0.327,5
-0.254,0.26,-0.294,5
-0.202,0.329,-0.217,5
-0.204,0.365,-0.144,5
-0.157,0.359,-0.164,5
-0.202,0.392,-0.151,5
-0.208,0.404,-0.141,5
-0.187,0.42,-0.174,5
-0.246,0.438,-0.182,5
-0.23,0.424,-0.237,5
-0.25,0.408,-0.3,5
-0.242,0.41,-0.39,5
-0.218,0.369,-0.476,5
-0.235,0.336,-0.467,5
-0.237,0.316,-0.468,5
-0.269,0.323,-0.434,5
-0.264,0.312,-0.33,4
-0.237,0.259,-0.284,5
-0.235,0.268,-0.325,5
-0.194,0.267,-0.236,5
-0.188,0.24,-0.096,5
-0.13,0.237,-0.043,5
-0.108,0.248,-0.069,5
-0.093,0.219,-0.045,5
-0.019,0.184,-0.213,5
0.085,0.166,-0.23,5
0.154,0.162,-0.19,5
0.251,0.133,-0.296,5
0.286,0.068,-0.271,5
0.244,0.082,-0.368,5
0.276,0.143,-0.504,5
0.304,0.18,-0.453,5
0.27,0.214,-0.404,5
0.268,0.231,-0.273,5
0.134,0.23,-0.293,5
0.077,0.267,-0.311,5
0.018,0.258,-0.056,5
-0.052,0.236,0.074,4
-0.146,0.169,0.153,5
-0.248,0.157,0.288,5
-0.331,0.145,0.427,5
-0.336,0.092,0.441,5
-0.315,0.035,0.185,5
-0.271,0.019,0.184,5
-0.188,-0.004,0.394,5
-0.13,-0.064,0.488,5
-0.044,-0.053,0.512,5
-0.026,-0.099,0.392,5
0.066,-0.094,0.176,5
0.163,-0.093,0.228,5
0.258,-0.101,0.351,5
0.258,-0.112,0.325,5
0.331,-0.127,0.314,5
0.346,-0.14,0.278,5
0.371,-0.147,0.242,5
0.382,-0.12,0.2,5
0.378,-0.103,0.124,5
0.405,-0.106,0.034,4
0.347,-0.074,0.009,5
0.265,-0.032,-0.034,5
0.165,-0.033,0.037,5
0.127,0.013,0.154,5
0.118,0.063,0.126,5
0.111,0.052,0.143,5
0.078,0.06,0.172,5
0.014,-0.005,0.202,5
0.013,-0.013,0.26,5
-0.018,-0.029,0.311,5
-0.098,-0.069,0.332,5
-0.101,-0.084,0.346,5
-0.095,-0.071,0.359,5
-0.141,-0.133,0.357,5
-0.175,-0.107,0.339,5
-0.196,-0.126,0.313,5
-0.189,-0.109,0.308,5
-0.136,-0.077,0.277,5
-0.096,-0.065,0.297,5
-0.048,-0.037,0.198,5
0.068,0.009,0.023,4
0.169,0.017,0.068,5
0.208,0.05,0.122,5
0.209,0.092,0.105,5
0.205,0.182,0.12,5
0.266,0.246,0.078,5
0.274,0.255,-0.024,5
0.285,0.277,-0.094,5
0.278,0.331,-0.141,5
0.285,0.315,-0.213,5
0.291,0.31,-0.205,5
0.253,0.3,-0.257,5
0.271,0.287,-0.357,5
0.326,0.284,-0.308,5
0.293,0.273,-0.217,5
0.19,0.237,-0.113,5
0.137,0.257,-0.02,5
0.054,0.287,0.02,5
0.062,0.245,0.014,5
0.099,0.203,0.004,4
0.058,0.187,0.007,5
-0.024,0.177,-0.156,5
0.003,0.125,-0.265,5
0.072,0.074,-0.239,5
-0.021,0.096,-0.167,5
-0.018,0.061,-0.172,5
-0.047,0.029,-0.125,5
-0.076,-0.003,-0.086,5
-0.06,-0.029,-0.086,5
-0.084,-0.017,-0.129,5
-0.132,-0.05,-0.116,5
-0.162,-0.079,-0.07,5
-0.236,-0.067,0.001,5
-0.217,-0.078,-0.128,5
-0.195,-0.07,-0.141,5
-0.249,-0.007,-0.019,5
-0.263,0.023,0.042,5
-0.266,0.051,0.124,5
-0.3,0.063,0.09,5
-0.292,0.014,0.111,4
-0.262,0.017,0.165,5
-0.253,0.015,0.144,5
-0.245,-0.025,0.177,5
-0.294,0.003,0.181,5
-0.191,-0.117,-0.03,5
-0.034,-0.252,-0.083,5
-0.039,-0.244,-0.04,5
-0.044,-0.151,0.075,5
0.011,-0.066,0.235,5
0.049,-0.012,0.065,5
0.143,-0.041,-0.139,5
0.189,-0.084,-0.215,5
0.217,-0.158,-0.288,5
0.252,-0.215,-0.199,5
0.244,-0.276,-0.119,5
0.189,-0.278,-0.098,5
0.183,-0.246,-0.192,5
0.13,-0.221,-0.285,5
0.083,-0.199,-0.273,5
-0.011,-0.192,-0.268,5
-0.001,-0.229,-0.142,4
-0.035,-0.236,-0.033,5
-0.075,-0.251,-0.008,5
-0.106,-0.282,-0.02,5
-0.182,-0.224,-0.001,5
-0.241,-0.154,0.011,5
-0.294,-0.125,0.015,5
-0.338,-0.057,0.022,5
-0.335,-0.034,-0.031,5
-0.327,-0.056,-0.075,5
-0.255,-0.094,-0.085,5
-0.243,-0.054,-0.12,5
-0.24,-0.018,-0.095,5
-0.186,-0.042,-0.059,5
-0.133,-0.068,0.006,5
-0.059,-0.036,0.092,5
-0.019,-0.032,0.19,5
0.051,-0.029,-0.052,5
0.154,-0.086,-0.142,5
0.194,-0.125,-0.119,5
0.188,-0.091,-0.055,4
0.216,-0.086,0.053,5
0.242,-0.069,0.104,5
0.287,-0.053,0.016,5
0.275,-0.061,-0.071,5
0.278,-0.046,-0.129,5
0.25,-0.041,-0.099,5
0.234,-0.041,-0.05,5
0.193,-0.067,-0.045,5
0.156,-0.091,-0.04,5
0.18,-0.133,-0.01,5
0.101,-0.159,0.046,5
0.091,-0.208,0.136,5
0.099,-0.221,0.286,5
0.132,-0.259,0.322,5
0.145,-0.302,0.354,5
0.165,-0.276,0.379,5
0.135,-0.266,0.384,5
0.148,-0.252,0.402,5
0.189,-0.227,0.224,5
0.217,-0.23,0.175,5
0.299,-0.203,0.257,4
0.338,-0.204,0.236,5
0.352,-0.188,0.221,5
0.351,-0.126,0.142,5
0.32,-0.04,0.128,5
0.348,0.011,0.111,5
0.417,0.027,0.07,5
0.422,0.084,0.05,5
0.372,0.145,0.006,5
0.334,0.195,0.04,5
0.318,0.214,0.006,5
0.26,0.197,-0.05,5
0.26,0.242,-0.045,5
0.204,0.231,-0.049,5
0.162,0.255,-0.057,5
0.116,0.272,-0.094,5
0.125,0.249,-0.124,5
0.053,0.263,-0.103,5
-0.008,0.233,-0.097,5
-0.011,0.222,-0.083,5
-0.088,0.174,-0.018,5
-0.044,0.113,-0.029,4
-0.018,0.072,0.016,5
0.017,0.052,0.01,5
0.033,0.107,0.017,5
0.137,0.07,-0.057,5
0.718,-0.207,-0.202,5
0.405,-0.053,-1.121,5
-0.234,0.292,-1.078,5
-0.232,0.332,-0.311,5
0.144,0.092,0.099,5
0.453,-0.098,0.067,5
0.442,-0.183,-0.042,5
0.053,-0.143,-0.15,5
-0.059,-0.159,-0.449,5
-0.04,-0.052,-0.4,5
-0.015,-0.056,-0.364,5
-0.19,0.07,-0.375,5
-0.382,0.14,-0.234,5
-0.486,0.182,0.03,5
-0.528,0.082,0.182,5
-0.208,-0.602,0.241,4
0.234,-0.843,-0.631,5
-0.107,-0.16,-0.383,5
-0.45,0.437,0.698,5
-0.495,0.432,0.361,5
-0.377,0.07,-0.243,5
-0.304,-0.229,-0.245,5
-0.265,-0.241,0.115,5
-0.213,-0.117,0.34,5
-0.317,-0.041,0.233,5
-0.311,-0.02,0.119,5
-0.168,-0.1,-0.043,5
-0.121,-0.107,0.198,5
-0.186,-0.04,0.389,5
-0.163,0.006,0.191,5
-0.035,-0.015,0.098,5
0.084,-0.035,0.067,5
0.175,-0.075,0.181,5
0.205,-0.024,0.296,5
0.201,0.029,0.241,5
0.142,0.061,0.126,4
0.176,0.093,0.014,5
0.162,0.136,-0.133,5
0.176,0.088,-0.201,5
0.236,0.087,-0.125,5
0.23,0.096,-0.156,5
0.146,0.103,-0.179,5
0.097,0.08,-0.178,5
0.057,0.107,-0.186,5
-0.004,0.113,-0.12,5
-0.12,0.106,-0.112,5
-0.172,0.143,-0.088,5
-0.215,0.12,-0.049,5
-0.241,0.099,0.028,5
-0.316,0.063,0.129,5
-0.336,0.066,0.172,5
-0.38,0.093,0.18,5
-0.381,0.08,0.184,5
-0.343,0.054,0.14,5
-0.334,0.079,0.147,5
-0.275,0.067,0.132,5
-0.282,0.09,0.167,4
-0.202,0.116,0.167,5
-0.095,0.147,0.099,5
0.03,0.163,0.076,5
0.121,0.181,0.003,5
0.157,0.201,-0.056,5
0.115,0.211,-0.098,5
-0.064,0.225,-1.864,5
0.463,0.116,-2.574,5
0.094,0.397,0.579,5
-0.135,0.349,0.603,5
-0.285,0.189,-0.34,5
-0.416,0.123,-0.302,5
-0.176,-0.022,0.318,5
-0.059,-0.141,0.941,5
-0.161,-0.183,1.032,5
-0.257,-0.164,0.907,5
-0.304,-0.122,0.843,5
-0.27,-0.101,0.672,5
-0.178,-0.112,0.445,5
-0.074,-0.105,0.254,4
-0.049,-0.069,0.155,5
0.028,-0.006,0.024,5
0.094,-0.04,-0.03,5
0.167,-0.044,-0.048,5
0.227,-0.074,-0.013,5
0.235,-0.071,0.164,5
0.22,-0.09,0.238,5
0.245,-0.111,0.274,5
0.238,-0.096,0.316,5
0.214,-0.095,0.246,5
0.167,-0.098,0.036,5
-0.133,0.036,-0.372,5
-0.275,0.101,-0.693,5
-0.23,0.113,-0.658,5
-0.151,0.071,-0.631,5
-0.011,0.116,-0.524,5
-0.019,0.147,-0.498,5
-0.202,0.193,-0.517,5
-0.225,0.212,-0.461,5
-0.237,0.2,-0.229,5
-0.217,0.18,-0.099,4
-0.247,0.174,-0.115,5
-0.253,0.166,-0.176,5
-0.219,0.127,-0.266,5
-0.218,0.093,-0.266,5
-0.106,0.066,-0.217,5
-0.044,0.03,-0.131,5
-0.1,0.044,-0.083,5
-0.12,0.022,-0.041,5
-0.172,0.033,-0.054,5
-0.142,0.038,-0.022,5
-0.085,-0.021,-0.02,5
-0.025,-0.045,0.071,5
0.011,-0.036,0.129,5
0.006,-0.062,0.142,5
0.087,-0.047,0.244,5
0.199,-0.008,0.327,5
0.278,0.013,0.363,5
0.276,0.072,0.37,5
0.27,0.078,0.307,5
0.273,0.061,0.22,4
0.229,0.077,0.263,5
0.163,0.06,-0.051,5
0.211,-0.005,-0.132,5
0.242,-0.013,-0.028,5
0.2,-0.072,-0.004,5
0.184,-0.082,0.082,5
0.127,-0.082,0.112,5
0.028,-0.083,0.14,5
-0.025,-0.126,0.152,5
-0.04,-0.165,0.192,5
-0.066,-0.17,0.221,5
-0.107,-0.136,0.263,5
-0.105,-0.127,0.125,5
-0.081,-0.075,-0.115,5
-0.004,-0.067,-0.121,5
0.056,-0.035,-0.027,5
0.076,0.015,-0.028,5
0.034,0.001,-0.017,5
0.039,0.039,-0.015,5
-0.011,0.04,0.024,4
0.01,0.005,0.043,5
-0.02,-0.011,0.03,5
-0.035,-0.015,0.26,5
-0.04,-0.095,0.221,5
-0.023,-0.163,-0.283,5
0.021,-0.151,-0.216,5
0.019,-0.101,-0.017,5
-0.029,-0.113,0.014,5
-0.031,-0.162,0.103,5
-0.036,-0.176,0.321,5
-0.063,-0.171,0.151,5
-0.005,-0.175,-0.032,5
0.103,-0.192,0.126,5
0.075,-0.113,0.367,5
0.124,-0.11,0.4,5
0.21,-0.12,0.364,5
0.219,-0.018,0.371,5
0.128,0.082,0.191,5
0.06,0.1,0.082,5
0.127,0.077,-0.033,4
0.217,0.069,-0.03,5
0.187,0.045,-0.083,5
0.099,0.083,-0.195,5
0.068,0.084,-0.21,5
0.065,0.067,-0.228,5
0.05,0.043,-0.252,5
0.032,0.012,-0.253,5
0.007,-0.035,-0.172,5
0.028,-0.027,-0.167,5
0.0,0.018,-0.099,5
-0.004,-0.001,-0.029,5
-0.038,0.003,-0.021,5
-0.082,0.028,-0.032,5
-0.043,0.004,-0.033,5
-0.078,0.016,0.051,5
-0.027,0.006,-0.203,5
0.044,-0.071,-0.299,5
0.022,-0.077,-0.23,5
-0.039,-0.052,-0.134,5
-0.07,-0.064,-0.026,5
-0.084,-0.083,-0.002,4
-0.119,-0.096,0.024,5
-0.073,-0.1,0.03,5
-0.031,-0.12,-0.033,5
-0.045,-0.16,0.03,5
0.019,-0.122,0.031,5
0.039,-0.118,-0.023,5
0.035,-0.081,-0.038,5
0.074,-0.047,-0.094,5
0.071,0.022,-0.141,5
0.038,0.024,-0.096,5
-0.077,0.03,-0.087,5
0.0,-0.019,-0.022,5
0.059,-0.086,-0.033,5
0.109,-0.035,-0.047,5
0.068,0.037,-0.111,5
0.005,0.046,-0.065,5
0.018,0.016,-0.08,5
0.055,-0.045,-0.059,5
0.114,-0.08,0.058,5
0.132,-0.102,0.069,4
0.085,-0.096,0.092,5
0.05,-0.108,0.109,5
0.101,-0.106,0.098,5
0.121,-0.104,0.036,5
0.096,-0.097,-0.009,5
0.095,-0.058,-0.021,5
0.077,-0.043,-0.006,5
0.056,0.008,-0.01,5
0.059,0.011,0.007,5
0.062,0.023,0.028,5
0.03,0.038,0.051,5
0.027,0.047,0.093,5
0.002,0.034,0.119,5
0.019,0.013,0.111,5
-0.02,0.042,0.134,5
-0.01,0.042,0.112,5
-0.078,0.038,0.079,5
-0.117,0.017,0.106,5
-0.14,-0.006,0.151,5
-0.143,0.011,0.102,5
-0.103,-0.023,0.048,4
-0.088,-0.008,0.005,5
-0.075,-0.016,-0.016,5
-0.076,-0.006,-0.071,5
-0.086,-0.018,-0.111,5
-0.073,0.0,-0.091,5
-0.048,0.004,-0.086,5
-0.073,-0.004,-0.009,5
-0.057,0.009,-0.016,5
-0.078,0.034,0.032,5
-0.087,0.03,0.072,5
-0.087,0.04,0.094,5
-0.065,0.04,0.115,5
-0.059,0.062,0.078,5
0.002,0.103,-0.002,5
-0.019,0.097,0.001,5
0.025,0.096,-0.045,5
0.088,0.082,-0.062,5
0.087,0.078,-0.172,5
0.096,0.006,-0.198,5
0.099,0.005,-0.14,5
0.037,0.009,-0.121,4
-0.021,0.004,-0.019,5
-0.024,0.02,0.06,5
-0.038,-0.002,0.136,5
-0.026,-0.036,0.096,5
-0.045,-0.02,0.104,5
-0.07,0.003,0.124,5
-0.068,0.058,0.068,5
-0.104,0.031,0.091,5
-0.137,0.058,0.069,5
-0.188,0.035,0.011,5
-0.147,0.01,-0.033,5
-0.094,-0.029,-0.055,5
-0.101,-0.052,-0.067,5
-0.04,-0.025,-0.051,5
-0.018,0.024,-0.025,5
-0.034,0.034,0.037,5
-0.022,0.048,0.094,5
-0.019,0.052,0.063,5
-0.104,0.029,-1.352,4
0.772,-0.24,-4.557,5
0.01,0.266,0.376,5
-0.408,0.351,1.76,5
-0.195,0.019,-0.552,5
0.043,-0.172,-0.385,5
0.004,-0.206,-0.109,5
-0.064,-0.168,0.245,5
-0.105,-0.151,0.712,5
-0.09,-0.197,0.499,5
-0.137,-0.112,0.41,5
-0.248,-0.097,0.356,5
-0.211,-0.096,0.2,5
-0.039,-0.138,0.149,5
0.063,-0.145,0.294,5
0.014,-0.04,0.489,5
-0.077,0.002,0.616,5
-0.056,-0.032,0.662,5
0.004,-0.055,0.769,5
-0.038,-0.062,0.765,5
0.021,-0.082,0.619,5
0.169,-0.048,0.17,4
0.187,0.047,-0.764,5
-0.314,0.326,-1.58,5
-0.157,0.354,-1.189,5
-0.21,0.301,-0.777,5
-0.025,0.159,-0.376,5
0.067,0.096,-0.244,5
0.025,0.082,-0.206,5
-0.002,0.091,0.102,5
-0.01,0.09,0.437,5
-0.001,0.09,0.57,5
-0.061,0.137,0.517,5
-0.025,0.132,0.383,5
0.08,0.157,0.237,5
0.081,0.133,0.101,5
0.038,0.076,-0.063,5
0.069,0.052,-0.074,5
0.109,0.107,-0.062,5
0.167,0.161,0.003,5
0.095,0.106,-0.082,5
-0.013,0.039,-0.104,5
-0.033,-0.063,-0.098,4
-0.013,-0.117,-0.032,5
-0.02,-0.11,0.065,5
-0.031,-0.064,0.097,5
-0.062,-0.04,0.075,5
-0.047,-0.045,0.097,5
-0.064,-0.096,0.105,5
-0.161,-0.117,0.124,5
-0.231,-0.14,0.194,5
-0.191,-0.169,0.23,5
-0.163,-0.169,0.255,5
-0.151,-0.199,0.259,5
-0.157,-0.197,0.268,5
-0.185,-0.199,0.224,5
-0.17,-0.157,0.154,5
-0.188,-0.107,0.057,5
-0.169,-0.105,0.085,5
-0.113,-0.15,0.09,5
-0.016,-0.157,0.038,5
-0.105,-0.175,0.042,5
-0.029,-0.175,0.12,5
0.102,-0.166,0.207,4
0.049,-0.119,0.212,5
-0.067,-0.034,0.174,5
-0.164,-0.031,-0.024,5
-0.135,-0.036,-0.069,5
-0.151,-0.084,0.041,5
-0.128,-0.002,0.205,5
-0.123,-0.028,0.335,5
-0.189,-0.038,0.237,5
-0.282,-0.004,0.071,5
-0.305,0.06,-0.047,5
-0.296,0.123,-0.081,5
-0.301,0.106,-0.116,5
-0.245,0.074,0.08,5
-0.164,0.023,0.287,5
-0.109,-0.004,0.224,5

# Completed @Sat May 02 15:25:32 GMT+08:00 2020
