# Accelerometer Data File
# Started @Sat May 02 15:44:22 GMT+08:00 2020
#
#
# sensor Vendor: BOSCH
# sensor Name: BMI160 Accelerometer
# sensor Resolution: 0.0023956299m/sec^2; Max Range: 156.9064; Min Delay: 5000 microseconds
# The sensor's attributes are the result hardware and the Android capabilities.
# It means that the Android may not utilize all features provided by the hardware.
#
# Some devices and Android versions save battery too much so the device may go to sleep.
# It just happens after couple of minutes from turning off the scree and it is easy to find it out.
#
# The following file provides the data from accelerometer in the m/s^2 format.
# The diff value is just a time delta between the samples
#
#
# data format:
# so we have 4 columns with values separated by the ","
# X,Y,Z,time_from_previous_sample(ms)

# sensor speed set to:FASTEST
# units set to: m/sec^2
# gravity  filtered out
# Accuracy: HIGH
0.967,0.725,8.447,0
0.814,0.652,7.641,4
0.663,0.591,6.938,5
0.55,0.562,6.239,5
0.447,0.532,5.65,5
0.398,0.483,5.098,5
0.354,0.417,4.597,5
0.318,0.393,4.137,5
0.312,0.323,3.779,5
0.311,0.3,3.453,5
0.272,0.304,3.125,5
0.292,0.278,2.838,5
0.319,0.28,2.567,5
0.334,0.213,2.237,5
0.43,0.196,2.013,5
0.421,0.168,1.786,5
0.452,0.16,1.577,5
0.493,0.165,1.398,5
0.517,0.157,1.271,5
0.483,0.193,1.084,5
0.464,0.195,0.971,4
0.452,0.154,0.887,5
0.407,0.126,0.776,5
0.362,0.135,0.742,5
0.309,0.117,0.711,5
0.209,0.092,0.665,5
0.192,0.061,0.577,5
0.181,0.004,0.55,5
0.172,-0.026,0.529,5
0.237,-0.041,0.468,5
0.252,-0.084,0.451,5
0.239,-0.093,0.445,5
0.181,-0.045,0.417,5
0.223,-0.001,0.376,5
0.214,0.019,0.381,5
0.175,0.043,0.39,5
0.127,0.086,0.295,5
0.119,0.142,0.244,5
0.025,0.162,0.181,5
0.018,0.159,0.141,4
-0.043,0.117,0.105,5
-0.065,0.11,0.065,5
-0.071,0.077,0.05,5
-0.111,0.048,0.023,5
-0.1,0.013,0.059,5
-0.09,-0.026,0.066,5
-0.085,-0.062,0.051,5
-0.111,-0.108,0.016,5
-0.13,-0.118,0.087,5
-0.074,-0.115,0.096,5
-0.036,-0.078,0.086,5
0.022,-0.061,0.103,5
0.011,-0.068,0.127,5
0.053,-0.031,0.089,5
0.069,-0.002,0.058,5
0.054,0.019,0.031,5
0.044,0.038,-0.014,5
0.091,0.047,-0.073,5
0.078,0.03,-0.092,4
0.014,-0.007,-0.113,5
0.0,0.023,-0.067,5
-0.004,-0.026,-0.12,5
-0.008,-0.036,-0.139,5
-0.063,-0.067,-0.06,5
-0.078,-0.077,-0.007,5
-0.079,-0.117,0.019,5
-0.079,-0.144,0.021,5
-0.08,-0.186,0.084,5
-0.085,-0.188,0.153,5
-0.046,-0.174,0.151,5
-0.003,-0.148,0.148,5
0.031,-0.163,0.146,5
0.093,-0.164,0.123,5
0.135,-0.165,0.137,5
0.143,-0.144,0.153,5
0.12,-0.099,0.138,5
0.129,-0.025,0.102,5
0.134,-0.005,0.066,4
0.112,0.016,-0.008,5
0.075,0.032,-0.033,5
0.054,0.02,-0.099,5
0.01,0.005,-0.145,5
-0.007,0.017,-0.148,5
-0.054,0.037,-0.15,5
-0.053,0.007,-0.152,5
-0.125,-0.014,-0.098,5
-0.151,0.004,-0.024,5
-0.175,-0.052,0.034,5
-0.162,-0.016,0.017,5
-0.171,-0.036,0.037,5
-0.167,-0.063,0.089,5
-0.142,-0.069,0.162,5
-0.106,-0.058,0.133,5
-0.065,-0.048,0.098,5
-0.059,-0.034,0.093,5
-0.061,-0.005,0.165,5
-0.034,0.016,0.123,4
-0.013,0.01,0.106,5
-0.012,0.009,0.13,5
0.045,0.025,0.117,5
0.1,0.001,0.006,5
0.082,-0.002,-0.028,5
0.117,0.006,-0.06,5
0.135,0.009,-0.058,5
0.109,0.017,-0.082,5
0.136,0.007,-0.117,5
0.131,-0.002,-0.075,5
0.118,0.002,-0.055,5
0.08,0.014,-0.041,5
0.115,0.022,-0.041,5
0.125,0.002,-0.019,5
0.113,-0.04,-0.009,5
0.106,-0.028,0.004,5
0.095,-0.059,-0.034,5
0.077,-0.07,-0.001,5
0.069,-0.081,0.011,4
0.092,-0.09,0.019,5
0.075,-0.111,0.034,5
0.093,-0.108,0.026,5
0.131,-0.106,0.028,5
0.118,-0.126,0.038,5
0.123,-0.096,0.064,5
0.141,-0.103,0.015,5
0.17,-0.102,-0.037,5
0.179,-0.078,-0.09,5
0.182,-0.058,-0.068,5
0.117,-0.013,-0.087,5
0.075,0.013,-0.112,5
0.024,0.051,-0.149,5
-0.025,0.114,-0.116,5
-0.1,0.168,-0.118,5
-0.107,0.194,-0.132,5
-0.144,0.252,-0.131,5
-0.129,0.244,-0.204,5
-0.172,0.25,-0.227,4
-0.207,0.203,-0.2,5
-0.156,0.2,-0.133,5
-0.179,0.145,-0.115,5
-0.096,0.088,-0.073,5
-0.156,0.066,-0.087,5
-0.11,0.034,-0.005,5
-0.069,0.009,0.115,5
-0.014,-0.073,0.121,5
-0.03,-0.087,0.165,5
-0.001,-0.126,0.307,5
0.08,-0.174,0.35,5
0.158,-0.204,0.397,5
0.142,-0.248,0.387,5
0.154,-0.258,0.374,5
0.16,-0.262,0.307,5
0.208,-0.249,0.237,5
0.201,-0.198,0.222,5
0.167,-0.174,0.191,5
0.198,-0.135,0.064,4
0.23,-0.095,-0.092,5
0.211,-0.03,-0.152,5
0.22,0.015,-0.175,5
0.224,0.109,-0.179,5
0.18,0.171,-0.222,5
0.123,0.218,-0.264,5
0.132,0.257,-0.272,5
0.11,0.326,-0.309,5
0.078,0.311,-0.386,5
-0.002,0.279,-0.438,5
-0.144,0.303,-0.48,5
-0.207,0.251,-0.445,5
-0.312,0.217,-0.392,5
-0.401,0.191,-0.361,5
-0.438,0.151,-0.325,5
-0.511,0.11,-0.245,5
-0.529,0.064,-0.178,5
-0.549,0.036,-0.065,5
-0.529,-0.031,0.04,4
-0.476,-0.097,0.13,5
-0.406,-0.126,0.169,5
-0.396,-0.191,0.191,5
-0.3,-0.228,0.241,5
-0.331,-0.196,0.247,5
-0.366,-0.155,0.261,5
-0.33,-0.092,0.243,5
-0.297,-0.035,0.271,5
-0.241,-0.01,0.218,5
-0.174,0.003,0.14,5
-0.105,0.02,0.031,5
-0.094,0.048,-0.049,5
-0.033,0.064,-0.126,5
0.017,0.084,-0.135,5
0.015,0.101,-0.143,5
0.013,0.143,-0.167,5
0.034,0.137,-0.146,5
0.056,0.145,-0.17,5
0.055,0.113,-0.196,4
0.092,0.132,-0.151,5
0.156,0.11,-0.092,5
0.188,0.099,0.036,5
0.191,0.089,0.115,5
0.197,0.093,0.133,5
0.221,0.114,0.141,5
0.199,0.068,0.114,5
0.17,0.083,0.12,5
0.157,0.048,0.13,5
0.142,0.039,0.112,5
0.179,0.009,0.062,5
0.122,0.017,0.086,5
0.14,-0.005,0.047,5
0.113,-0.005,0.03,5
0.115,0.012,0.014,5
0.082,0.032,0.017,5
0.009,0.025,-0.023,5
-0.008,0.031,0.004,5
-0.007,0.041,0.034,5
-0.041,-0.01,0.082,4
0.022,-0.009,0.104,5
0.037,-0.051,0.089,5
0.042,-0.067,0.003,5
-0.017,-0.082,-0.061,5
-0.067,-0.082,-0.046,5
-0.09,-0.091,0.039,5
-0.103,-0.108,0.091,5
-0.058,-0.127,0.121,5
-0.057,-0.093,0.057,5
-0.068,-0.066,-0.012,5
-0.074,-0.06,-0.015,5
-0.114,-0.067,-0.018,5
-0.159,-0.073,0.0,5
-0.156,-0.104,-0.064,5
-0.226,-0.128,-0.066,5
-0.285,-0.12,-0.012,5
-0.334,-0.047,0.057,5
-0.387,0.008,0.073,4
-0.473,0.029,0.109,5
-0.508,0.065,0.227,5
-0.496,0.118,0.248,5
-0.438,0.111,0.231,5
-0.342,0.078,0.234,5
-0.247,0.062,0.202,5
-0.18,0.06,0.134,5
-0.183,0.058,0.168,5
-0.143,0.052,0.108,5
-0.107,0.081,0.08,5
-0.092,0.078,0.051,5
-0.053,0.083,-0.083,5
-0.034,0.057,-0.161,5
-0.044,0.056,-0.257,5
-0.087,0.063,-0.244,5
-0.104,0.052,-0.198,5
-0.089,0.025,-0.161,5
-0.11,0.036,-0.171,5
-0.052,0.054,-0.158,4
-0.034,0.057,-0.168,5
-0.009,0.077,-0.129,5
-0.038,0.091,-0.056,5
-0.008,0.09,0.009,5
-0.033,0.098,0.017,5
0.029,0.136,0.045,5
0.013,0.148,0.002,5
0.064,0.181,-0.01,5
0.083,0.188,-0.001,5
0.127,0.178,-0.044,5
0.14,0.199,-0.074,5
0.091,0.222,-0.079,5
0.086,0.222,-0.097,5
0.009,0.229,-0.126,5
-0.021,0.194,-0.182,5
-0.045,0.17,-0.108,5
-0.058,0.11,-0.084,5
-0.082,0.069,-0.08,5
-0.052,0.01,-0.085,4
-0.043,-0.007,-0.081,5
-0.086,-0.063,-0.004,5
-0.081,-0.13,0.06,5
-0.047,-0.112,0.149,5
-0.073,-0.14,0.238,5
-0.07,-0.13,0.274,5
-0.054,-0.121,0.277,5
-0.057,-0.07,0.314,5
-0.06,-0.068,0.295,5
-0.119,-0.022,0.3,5
-0.115,-0.02,0.257,5
-0.134,-0.013,0.206,5
-0.133,-0.034,0.146,5
-0.111,-0.013,0.067,5
-0.083,-0.016,0.039,5
-0.049,-0.036,0.043,5
-0.061,-0.024,0.086,5
-0.008,-0.004,0.172,5
0.014,-0.064,0.164,4
0.068,-0.062,0.216,5
0.113,-0.055,0.203,5
0.175,-0.097,0.123,5
0.153,-0.096,0.093,5
0.198,-0.117,0.079,5
0.239,-0.114,0.02,5
0.176,-0.076,-0.02,5
0.206,-0.051,-0.048,5
0.245,-0.085,-0.048,5
0.221,-0.063,-0.09,5
0.203,-0.023,-0.103,5
0.161,-0.003,-0.118,5
0.115,0.048,-0.102,5
0.133,0.052,-0.113,5
0.137,0.059,-0.076,5
0.136,0.079,-0.081,5
0.131,0.08,-0.073,5
0.092,0.093,-0.113,5
0.135,0.071,-0.132,4
0.134,0.077,-0.132,5
0.134,0.069,-0.114,5
0.112,0.075,-0.103,5
0.105,0.089,-0.127,5
0.06,0.054,-0.131,5
0.032,0.062,-0.101,5
0.016,0.073,-0.104,5
-0.006,0.053,-0.076,5
-0.01,0.017,-0.034,5
0.025,0.002,-0.078,5
0.009,-0.001,-0.053,5
-0.051,-0.005,0.003,5
-0.055,-0.013,0.033,5
-0.118,0.017,0.064,5
-0.08,0.024,0.109,5
-0.077,0.004,0.085,5
-0.103,-0.004,0.124,5
-0.114,-0.042,0.133,5
-0.09,-0.081,0.172,4
-0.072,-0.069,0.21,5
-0.065,-0.105,0.194,5
-0.024,-0.111,0.118,5
0.02,-0.113,0.111,5
0.031,-0.067,0.048,5
0.058,-0.069,0.009,5
0.091,-0.118,-0.017,5
0.117,-0.106,-0.11,5
0.139,-0.122,-0.147,5
0.173,-0.096,-0.166,5
0.203,-0.031,-0.201,5
0.213,-0.015,-0.194,5
0.234,-0.017,-0.239,5
0.237,0.048,-0.228,5
0.256,0.03,-0.223,5
0.282,-0.006,-0.256,5
0.327,-0.01,-0.248,5
0.342,-0.018,-0.227,5
0.355,0.013,-0.196,4
0.341,0.029,-0.206,5
0.264,0.031,-0.134,5
0.311,0.032,-0.125,5
0.297,0.029,-0.125,5
0.289,0.0,-0.173,5
0.294,0.004,-0.182,5
0.252,-0.047,-0.219,5
0.222,-0.042,-0.189,5
0.174,-0.073,-0.187,5
0.139,-0.078,-0.19,5
0.087,-0.113,-0.132,5
-0.007,-0.089,-0.093,5
-0.041,-0.076,-0.053,5
-0.114,-0.072,-0.048,5
-0.215,-0.078,-0.039,5
-0.249,-0.079,0.007,5
-0.293,-0.071,0.058,5
-0.35,-0.09,0.113,5
-0.427,-0.089,0.101,5
-0.471,-0.08,0.095,4
-0.514,-0.059,0.125,5
-0.519,-0.053,0.159,5
-0.497,-0.052,0.182,5
-0.486,-0.06,0.207,5
-0.45,-0.067,0.212,5
-0.435,-0.051,0.225,5
-0.413,-0.033,0.242,5
-0.402,0.008,0.252,5
-0.388,0.029,0.278,5
-0.34,0.077,0.315,5
-0.332,0.07,0.253,5
-0.299,0.088,0.232,5
-0.282,0.097,0.218,5
-0.223,0.087,0.157,5
-0.223,0.065,0.094,5
-0.153,0.054,0.015,5
-0.125,0.053,-0.028,5
-0.108,0.026,0.021,4
-0.093,0.062,-0.01,5
-0.014,0.048,-0.018,5
-0.013,0.09,-0.038,5
0.009,0.12,-0.06,5
0.03,0.164,-0.054,5
0.052,0.242,-0.044,5
0.112,0.201,-0.095,5
0.157,0.215,-0.176,5
0.193,0.202,-0.258,5
0.277,0.238,-0.305,5
0.283,0.261,-0.253,5
0.302,0.253,-0.292,5
0.337,0.275,-0.358,5
0.363,0.238,-0.378,5
0.366,0.24,-0.37,5
0.398,0.216,-0.351,5
0.423,0.186,-0.294,5
0.445,0.18,-0.303,5
0.401,0.158,-0.234,4
0.33,0.155,-0.185,5
0.302,0.148,-0.136,5
0.28,0.094,-0.14,5
0.308,0.063,-0.147,5
0.299,0.031,-0.085,5
0.239,-0.005,-0.016,5
0.172,-0.048,0.062,5
0.107,-0.056,0.146,5
0.109,-0.059,0.201,5
0.064,-0.122,0.254,5
0.044,-0.118,0.289,5
0.01,-0.107,0.273,5
-0.029,-0.122,0.323,5
-0.082,-0.122,0.308,5
-0.074,-0.127,0.277,5
-0.105,-0.149,0.288,5
-0.146,-0.169,0.255,5
-0.123,-0.13,0.247,5
-0.115,-0.134,0.235,4
-0.147,-0.151,0.246,5
-0.128,-0.157,0.182,5
-0.171,-0.155,0.177,5
-0.128,-0.173,0.159,5
-0.111,-0.178,0.195,5
-0.087,-0.164,0.167,5
-0.082,-0.186,0.141,5
-0.031,-0.176,0.157,5
-0.041,-0.159,0.185,5
-0.075,-0.173,0.209,5
-0.076,-0.121,0.206,5
-0.06,-0.122,0.245,5
-0.037,-0.092,0.216,5
-0.02,-0.087,0.19,5
0.003,-0.109,0.158,5
-0.001,-0.059,0.151,5
0.002,-0.066,0.08,5
0.049,-0.055,0.037,5
0.066,-0.028,0.038,5
0.046,-0.025,-0.021,4
0.05,-0.023,-0.071,5
0.05,0.005,-0.128,5
0.058,0.004,-0.137,5
0.052,0.034,-0.149,5
0.072,0.035,-0.16,5
0.087,0.044,-0.144,5
0.108,0.044,-0.164,5
0.089,0.052,-0.186,5
0.075,0.034,-0.155,5
0.102,0.026,-0.152,5
0.126,0.032,-0.167,5
0.14,0.046,-0.137,5
0.134,0.055,-0.119,5
0.164,0.04,-0.111,5
0.16,0.049,-0.092,5
0.192,0.066,-0.07,5
0.19,0.081,-0.015,5
0.128,0.137,-0.005,5
0.11,0.111,0.003,4
0.052,0.104,0.007,5
0.068,0.08,0.002,5
0.053,0.059,0.015,5
0.022,0.023,-0.012,5
-0.023,-0.017,-0.028,5
-0.038,0.005,-0.033,5
-0.047,-0.02,0.008,5
-0.033,-0.048,-0.014,5
-0.069,-0.052,0.013,5
-0.092,-0.073,0.024,5
-0.066,-0.078,0.082,5
-0.093,-0.062,0.104,5
-0.075,-0.034,0.081,5
-0.029,-0.043,0.085,5
-0.043,-0.022,0.116,5
-0.069,-0.02,0.061,5
-0.01,0.012,0.072,5
0.007,0.032,0.035,5
-0.023,0.016,-0.028,4
0.013,0.044,-0.043,5
0.016,0.014,-0.03,5
0.027,0.013,-0.053,5
-0.005,0.02,-0.077,5
-0.022,0.022,-0.104,5
-0.032,-0.001,-0.089,5
-0.051,-0.013,-0.054,5
-0.067,0.004,-0.014,5
-0.065,0.008,-0.009,5
-0.041,0.02,-0.021,5
-0.075,0.014,-0.01,5
-0.098,-0.004,0.007,5
-0.058,-0.029,0.024,5
-0.048,-0.035,0.017,5
-0.043,-0.049,0.011,5
-0.039,-0.027,0.018,5
-0.03,-0.041,0.029,5
-0.023,-0.033,0.039,5
-0.055,-0.012,0.087,4
-0.071,-0.024,0.022,5
-0.081,-0.008,0.0,5
-0.039,0.0,-0.022,5
-0.035,-0.003,-0.08,5
-0.031,0.0,-0.089,5
-0.041,-0.016,-0.05,5
-0.007,-0.075,-0.101,5
0.036,-0.058,-0.061,5
0.05,-0.057,-0.046,5
0.062,-0.094,-0.063,5
0.086,-0.089,-0.069,5
0.107,-0.106,-0.015,5
0.097,-0.117,-0.009,5
0.139,-0.114,0.004,5
0.198,-0.102,-0.013,5
0.161,-0.101,-0.003,5
0.192,-0.116,0.009,5
0.13,-0.087,0.038,5
0.1,-0.027,0.022,4
0.051,-0.011,0.05,5
0.041,-0.04,0.006,5
0.02,-0.036,-0.037,5
-0.041,-0.037,-0.025,5
0.001,-0.046,-0.013,5
-0.055,-0.084,-0.064,5
-0.071,-0.067,-0.07,5
-0.098,-0.073,-0.063,5
-0.088,-0.092,-0.061,5
-0.079,-0.061,-0.025,5
-0.114,-0.046,-0.009,5
-0.116,-0.024,0.012,5
-0.139,-0.013,0.011,5
-0.172,0.013,0.062,5
-0.138,0.029,0.107,5
-0.141,0.073,0.062,5
-0.136,0.057,0.012,5
-0.139,0.056,0.015,5
-0.138,0.05,-0.011,4
-0.137,0.071,-0.087,5
-0.145,0.081,-0.053,5
-0.135,0.112,-0.069,5
-0.121,0.088,-0.058,5
-0.131,0.066,-0.104,5
-0.07,0.085,-0.08,5
-0.016,0.085,-0.072,5
-0.005,0.085,-0.052,5
0.02,0.077,-0.047,5
0.04,0.065,-0.046,5
0.096,0.032,-0.08,5
0.073,0.059,-0.107,5
0.122,0.088,-0.053,5
0.161,0.096,-0.121,5
0.171,0.082,-0.178,5
0.201,0.07,-0.19,5
0.276,0.084,-0.244,5
0.343,0.08,-0.233,5
0.365,0.029,-0.296,5
0.376,-0.003,-0.348,4
0.39,0.031,-0.378,5
0.368,0.062,-0.417,5
0.396,0.056,-0.414,5
0.356,0.037,-0.364,5
0.277,0.046,-0.306,5
0.25,0.08,-0.271,5
0.242,0.09,-0.24,5
0.187,0.106,-0.138,5
0.121,0.113,-0.034,5
0.044,0.084,0.042,5
0.036,0.059,0.128,5
0.075,0.053,0.163,5
0.059,0.017,0.159,5
-0.006,0.015,0.191,5
-0.079,0.01,0.202,5
-0.149,0.017,0.238,5
-0.228,0.037,0.253,5
-0.287,0.042,0.257,4
-0.323,0.059,0.232,5
-0.338,0.079,0.226,5
-0.274,0.08,0.238,5
-0.277,0.067,0.227,5
-0.219,0.069,0.238,5
-0.102,0.062,0.193,5
-0.066,0.034,0.156,5
0.004,0.027,0.119,5
0.081,0.02,0.06,5
0.133,0.022,0.062,5
0.129,0.037,0.056,5
0.12,0.033,0.007,5
0.099,0.073,0.028,5
0.089,0.053,0.0,5
0.037,0.052,0.008,5
-0.017,0.025,0.003,5
0.022,-0.007,-0.009,5
0.042,-0.045,0.034,5
0.089,-0.088,0.065,4
0.11,-0.1,0.088,5
0.112,-0.125,0.088,5
0.097,-0.125,0.148,5
0.07,-0.121,0.116,5
0.067,-0.083,0.104,5
0.0,-0.075,0.081,5
-0.021,0.035,0.081,5
-0.062,0.049,0.073,5
-0.099,0.052,0.053,5
-0.089,0.064,0.082,5
-0.041,0.101,0.074,5
0.023,0.082,0.066,5
0.063,0.07,0.073,5
0.078,0.054,0.052,5
0.14,0.1,0.038,5
0.13,0.107,0.026,5
0.181,0.092,-0.062,5
0.15,0.109,-0.081,5
0.157,0.12,-0.103,4
0.167,0.133,-0.175,5
0.124,0.146,-0.239,5
0.06,0.17,-0.276,5
0.002,0.144,-0.282,5
-0.031,0.19,-0.254,5
-0.045,0.162,-0.272,5
-0.049,0.172,-0.288,5
-0.036,0.194,-0.216,5
-0.088,0.183,-0.181,5
-0.079,0.156,-0.133,5
-0.041,0.114,-0.042,5
-0.037,0.094,-0.081,5
0.004,0.115,-0.073,5
0.09,0.078,-0.074,5
0.06,0.061,-0.11,5
0.041,0.055,-0.198,5
0.041,0.015,-0.26,5
-0.023,0.061,-0.329,5
-0.025,0.149,-0.291,5
0.007,0.191,-0.249,4
-0.066,0.219,-0.276,5
-0.089,0.257,-0.235,5
-0.132,0.266,-0.091,5
-0.119,0.317,-0.017,5
-0.141,0.32,0.027,5
-0.136,0.326,0.028,5
-0.2,0.354,0.064,5
-0.296,0.366,0.118,5
-0.331,0.355,0.132,5
-0.332,0.315,0.119,5
-0.433,0.142,0.102,5
-0.881,-0.329,-0.389,5
-0.551,0.121,0.187,5
-0.026,0.536,0.548,5
0.182,0.452,0.424,5
-0.029,-0.088,0.239,5
-0.216,-0.29,0.319,5
-0.233,-0.171,0.334,5
-0.244,-0.184,0.37,4
-0.267,-0.157,0.509,5
-0.266,-0.154,0.484,5
-0.166,-0.151,0.375,5
-0.184,-0.166,0.338,5
-0.213,-0.163,0.326,5
-0.2,-0.146,0.28,5
-0.189,-0.063,0.179,5
-0.204,0.016,0.204,5
-0.188,0.105,0.149,5
-0.143,0.112,0.164,5
-0.064,0.083,0.182,5
0.032,0.088,0.22,5
0.059,0.083,0.25,5
0.096,0.04,0.285,5
0.103,-0.019,0.312,5
0.097,-0.077,0.298,5
0.062,-0.087,0.29,5
0.081,-0.173,0.257,5
0.03,-0.216,0.278,4
0.036,-0.315,0.289,5
-0.006,-0.369,0.316,5
0.063,-0.483,0.298,5
0.091,-0.551,0.255,5
0.095,-0.612,0.173,5
0.115,-0.612,0.19,5
0.043,-0.58,0.206,5
-0.02,-0.492,0.207,5
-0.091,-0.344,0.251,5
-0.16,-0.18,0.269,5
-0.247,-0.089,0.328,5
-0.257,0.048,0.321,5
-0.292,0.113,0.28,5
-0.228,0.174,0.231,5
-0.162,0.174,0.173,5
-0.055,0.178,0.091,5
0.083,0.191,0.017,5
0.187,0.262,-0.07,4
0.22,0.257,-0.119,5
0.284,0.214,-0.215,5
0.32,0.21,-0.305,5
0.357,0.211,-0.339,5
0.304,0.198,-0.422,5
0.295,0.191,-0.453,5
0.33,0.116,-0.442,5
0.293,0.109,-0.419,5
0.294,0.024,-0.446,5
0.247,0.005,-0.401,5
0.114,-0.008,-0.318,5
0.099,-0.097,-0.273,5
0.059,-0.118,-0.207,5
-0.011,-0.145,-0.178,5
-0.109,-0.147,-0.156,5
-0.163,-0.146,-0.127,5
-0.297,-0.148,-0.071,5
-0.414,-0.125,-0.055,5
-0.446,-0.112,-0.024,5
-0.535,-0.088,0.021,4
-0.58,-0.053,0.074,5
-0.57,-0.074,0.145,5
-0.59,-0.053,0.126,5
-0.566,-0.035,0.156,5
-0.552,-0.04,0.171,5
-0.505,0.032,0.093,5
-0.455,0.089,0.049,5
-0.396,0.102,0.053,5
-0.335,0.122,-0.016,5
-0.202,0.122,-0.113,5
-0.113,0.136,-0.175,5
-0.016,0.144,-0.265,5
0.067,0.134,-0.355,5
0.112,0.129,-0.38,5
0.204,0.12,-0.424,5
0.253,0.095,-0.424,5
0.339,0.107,-0.391,5
0.417,0.105,-0.321,5
0.462,0.107,-0.237,4
0.493,0.088,-0.183,5
0.59,0.075,-0.126,5
0.643,0.024,-0.083,5
0.708,0.009,-0.157,5
0.719,-0.008,-0.146,5
0.699,0.026,-0.161,5
0.689,0.054,-0.175,5
0.633,0.001,-0.248,5
0.566,0.009,-0.322,5
0.522,0.017,-0.393,5
0.427,0.019,-0.371,5
0.293,0.056,-0.36,5
0.126,0.072,-0.345,5
-0.015,0.069,-0.268,5
-0.156,0.079,-0.116,5
-0.274,0.05,0.067,5
-0.384,0.053,0.203,5
-0.415,0.022,0.346,5
-0.412,-0.009,0.359,4
-0.431,-0.047,0.413,5
-0.306,-0.111,0.381,5
-0.18,-0.147,0.269,5
-0.141,-0.206,0.221,5
-0.058,-0.228,0.121,5
-0.004,-0.188,0.001,5
0.021,-0.169,-0.127,5
0.01,-0.114,-0.209,5
-0.029,0.013,-0.3,5
0.0,0.051,-0.344,5
0.012,0.127,-0.361,5
-0.014,0.166,-0.394,5
-0.09,0.188,-0.397,5
-0.103,0.2,-0.405,5
-0.101,0.201,-0.382,5
-0.155,0.138,-0.292,5
-0.131,0.115,-0.237,5
-0.097,0.082,-0.17,5
-0.087,0.022,-0.049,4
-0.061,-0.005,0.054,5
-0.081,0.0,0.134,5
-0.129,0.003,0.259,5
-0.107,-0.03,0.306,5
-0.131,0.006,0.366,5
-0.092,-0.054,0.364,5
-0.126,-0.07,0.353,5
-0.143,-0.072,0.404,5
-0.09,-0.125,0.493,5
-0.012,-0.155,0.534,5
0.1,-0.161,0.571,5
0.138,-0.201,0.596,5
0.094,-0.224,0.609,5
0.05,-0.219,0.691,5
0.023,-0.162,0.794,5
-0.03,-0.146,0.9,5
-0.096,-0.114,0.935,5
-0.138,-0.06,0.966,5
-0.202,-0.049,0.943,5
-0.186,-0.143,0.948,4
-0.124,-0.194,0.9,5
-0.051,-0.295,0.862,5
0.095,-0.365,0.849,5
0.211,-0.41,0.755,5
0.297,-0.425,0.775,5
0.436,-0.494,0.805,5
0.715,-0.561,0.716,5
1.036,-0.677,0.554,5
1.255,-0.739,0.339,5
1.302,-0.695,0.055,5
1.137,-0.488,-0.118,5
0.907,-0.232,-0.14,5
0.7,0.049,-0.187,5
0.548,0.251,-0.276,5
0.536,0.204,-0.352,5
0.59,0.011,-0.562,5
0.674,-0.217,-0.704,5
0.679,-0.364,-0.797,4
0.577,-0.426,-0.821,5
0.399,-0.401,-0.769,5
0.1,-0.244,-0.645,5
-0.193,-0.078,-0.485,5
-0.407,0.089,-0.282,5
-0.504,0.17,-0.068,5
-0.466,0.222,0.024,5
-0.355,0.282,0.125,5
-0.281,0.374,0.125,5
-0.235,0.496,0.216,5
-0.281,0.64,0.298,5
-0.335,0.818,0.346,5
-0.327,0.947,0.272,5
-0.316,1.007,0.189,5
-0.267,0.984,0.058,5
-0.206,0.886,-0.093,5
-0.125,0.75,-0.308,5
-0.017,0.636,-0.501,5
0.052,0.508,-0.68,5
0.0,0.401,-0.81,4
-0.081,0.335,-0.858,5
-0.198,0.237,-0.884,5
-0.286,0.131,-0.847,5
-0.343,0.002,-0.793,5
-0.369,-0.088,-0.696,5
-0.332,-0.222,-0.627,5
-0.303,-0.32,-0.482,5
-0.23,-0.378,-0.248,5
-0.086,-0.461,-0.099,5
0.051,-0.467,-0.002,5
0.192,-0.48,0.005,5
0.294,-0.475,0.048,5
0.355,-0.406,0.034,5
0.375,-0.348,0.014,5
0.355,-0.279,0.012,5
0.306,-0.199,-0.113,5
0.284,-0.11,-0.278,5
0.178,-0.056,-0.41,5
0.126,-0.063,-0.511,4
0.04,-0.074,-0.529,5
-0.023,-0.144,-0.575,5
-0.073,-0.264,-0.569,5
-0.065,-0.341,-0.542,5
-0.029,-0.453,-0.449,5
-0.008,-0.593,-0.391,5
-0.051,-0.585,-0.288,5
-0.11,-0.626,-0.19,5
-0.121,-0.602,-0.063,5
-0.212,-0.572,0.029,5
-0.26,-0.523,0.064,5
-0.26,-0.48,0.127,5
-0.29,-0.419,0.23,5
-0.235,-0.368,0.285,5
-0.181,-0.305,0.2,5
-0.124,-0.223,0.107,5
-0.086,-0.149,0.027,5
-0.043,-0.061,-0.056,5
0.051,0.005,-0.089,4
0.132,0.047,-0.188,5
0.171,0.142,-0.29,5
0.24,0.175,-0.429,5
0.233,0.243,-0.541,5
0.279,0.318,-0.612,5
0.242,0.355,-0.715,5
0.248,0.358,-0.815,5
0.279,0.344,-0.829,5
0.255,0.344,-0.879,5
0.182,0.392,-0.878,5
0.108,0.4,-0.811,5
0.024,0.476,-0.653,5
0.004,0.489,-0.471,5
-0.025,0.47,-0.329,5
-0.01,0.483,-0.279,5
-0.039,0.465,-0.234,5
-0.143,0.457,-0.202,5
-0.18,0.399,-0.173,5
-0.24,0.324,-0.168,4
-0.241,0.231,-0.16,5
-0.222,0.182,-0.153,5
-0.26,0.104,-0.137,5
-0.272,0.055,-0.128,5
-0.301,0.032,-0.072,5
-0.327,-0.014,-0.017,5
-0.337,-0.008,-0.011,5
-0.407,0.001,0.114,5
-0.375,0.001,0.193,5
-0.316,0.013,0.23,5
-0.263,0.012,0.267,5
-0.185,0.045,0.24,5
-0.153,0.075,0.212,5
-0.133,0.093,0.182,5
-0.06,0.14,0.164,5
0.001,0.169,0.182,5
0.01,0.208,0.151,5
-0.003,0.239,0.153,5
-0.05,0.275,0.086,4
-0.114,0.321,0.12,5
-0.163,0.315,0.156,5
-0.129,0.253,0.114,5
-0.129,0.236,0.072,5
-0.198,0.23,0.057,5
-0.273,0.198,0.047,5
-0.362,0.178,0.098,5
-0.386,0.143,0.204,5
-0.391,0.116,0.283,5
-0.321,0.065,0.345,5
-0.393,0.072,0.349,5
-0.388,0.052,0.392,5
-0.375,0.085,0.495,5
-0.372,0.064,0.553,5
-0.266,0.053,0.545,5
-0.273,0.112,0.516,5
-0.233,0.187,0.46,5
-0.205,0.28,0.389,5
-0.116,0.352,0.375,4
-0.009,0.39,0.29,5
0.094,0.381,0.171,5
0.222,0.386,0.05,5
0.299,0.416,-0.023,5
0.355,0.417,-0.132,5
0.363,0.419,-0.21,5
0.331,0.381,-0.21,5
0.345,0.373,-0.12,5
0.362,0.349,-0.138,5
0.378,0.301,-0.15,5
0.392,0.236,-0.161,5
0.348,0.178,-0.188,5
0.326,0.113,-0.191,5
0.298,0.093,-0.12,5
0.277,0.062,-0.069,5
0.249,0.047,0.006,5
0.241,0.034,0.061,5
0.213,0.03,0.077,5
0.166,0.001,0.086,4
0.179,-0.032,0.021,5
0.191,-0.068,0.006,5
0.129,-0.057,0.006,5
-0.008,-0.012,0.005,5
-0.072,0.048,0.048,5
-0.177,0.005,0.008,5
-0.241,0.004,0.098,5
-0.247,0.004,0.127,5
-0.257,-0.03,0.183,5
-0.252,-0.023,0.216,5
-0.206,-0.051,0.259,5
-0.176,-0.045,0.501,5
-0.184,-0.011,0.683,5
-0.153,0.037,0.822,5
-0.138,0.037,0.942,5
-0.072,-0.047,0.96,5
0.106,-0.211,0.963,5
0.341,-0.431,0.862,5
0.661,-0.689,0.677,4
1.017,-1.004,0.45,5
1.32,-1.287,0.099,5
1.546,-1.512,-0.169,5
1.391,-1.546,-0.372,5
0.851,-1.378,-0.283,5
0.094,-1.033,0.085,5
-0.673,-0.71,0.611,5
-1.282,-0.432,1.071,5
-1.663,-0.346,1.438,5
-1.798,-0.419,1.704,5
-1.579,-0.584,1.973,5
-1.757,-0.857,1.87,5
-1.595,-1.09,1.993,5
-1.314,-1.068,2.285,5
-1.067,-1.012,2.471,5
-0.684,-0.954,2.443,5
-0.288,-0.88,2.319,5
0.123,-0.84,2.131,5
0.525,-0.747,1.745,5
0.903,-0.603,1.402,4
1.17,-0.435,1.081,5
1.415,-0.228,0.684,5
1.619,-0.002,0.219,5
1.642,0.238,-0.202,5
1.529,0.469,-0.574,5
1.428,0.62,-0.939,5
1.35,0.739,-1.22,5
1.202,0.773,-1.408,5
1.069,0.73,-1.573,5
0.893,0.67,-1.558,5
0.7,0.568,-1.377,5
0.514,0.417,-1.041,5
0.307,0.306,-0.751,5
0.057,0.193,-0.422,5
-0.121,0.105,-0.082,5
-0.164,0.026,0.248,5
-0.243,-0.131,0.473,5
-0.253,-0.278,0.693,5
-0.279,-0.396,0.762,4
-0.213,-0.443,0.69,5
-0.23,-0.51,0.552,5
-0.181,-0.485,0.38,5
-0.167,-0.441,0.135,5
-0.146,-0.388,-0.144,5
-0.075,-0.302,-0.492,5
-0.042,-0.229,-0.658,5
0.022,-0.128,-0.778,5
0.088,0.004,-1.049,5
0.157,0.103,-1.228,5
0.18,0.17,-1.364,5
0.153,0.261,-1.413,5
0.142,0.308,-1.478,5
0.128,0.415,-1.425,5
0.119,0.468,-1.438,5
0.06,0.482,-1.428,5
-0.113,0.52,-1.341,5
-0.244,0.588,-1.293,5
-0.332,0.573,-1.172,4
-0.484,0.593,-1.008,5
-0.599,0.568,-0.92,5
-0.608,0.477,-0.81,5
-0.607,0.403,-0.742,5
-0.637,0.302,-0.633,5
-0.634,0.19,-0.549,5
-0.579,0.068,-0.468,5
-0.573,-0.037,-0.442,5
-0.58,-0.085,-0.351,5
-0.638,-0.193,-0.277,5
-0.661,-0.195,-0.258,5
-0.711,-0.227,-0.219,5
-0.791,-0.226,-0.201,5
-0.828,-0.238,-0.134,5
-0.857,-0.231,-0.077,5
-0.823,-0.243,-0.039,5
-0.779,-0.266,-0.048,5
-0.796,-0.243,-0.043,5
-0.777,-0.232,-0.056,4
-0.716,-0.256,-0.042,5
-0.645,-0.286,0.048,5
-0.619,-0.245,0.099,5
-0.553,-0.164,0.132,5
-0.497,-0.135,0.179,5
-0.422,-0.104,0.148,5
-0.345,-0.059,0.146,5
-0.289,-0.079,0.123,5
-0.2,-0.054,0.076,5
-0.081,-0.066,-0.038,5
0.047,-0.106,-0.134,5
0.15,-0.13,-0.241,5
0.226,-0.143,-0.299,5
0.272,-0.129,-0.29,5
0.318,-0.129,-0.343,5
0.377,-0.133,-0.369,5
0.36,-0.137,-0.358,5
0.393,-0.063,-0.378,5
0.384,-0.039,-0.353,4
0.367,-0.04,-0.257,5
0.343,0.015,-0.21,5
0.339,0.022,-0.202,5
0.409,0.037,-0.173,5
0.419,0.038,-0.108,5
0.438,0.064,-0.132,5
0.472,0.131,-0.145,5
0.394,0.195,-0.121,5
0.342,0.249,-0.139,5
0.316,0.349,-0.19,5
0.276,0.413,-0.197,5
0.27,0.441,-0.177,5
0.208,0.444,-0.19,5
0.196,0.43,-0.179,5
0.168,0.408,-0.183,5
0.177,0.311,-0.268,5
0.159,0.22,-0.267,5
0.19,0.176,-0.275,5
0.193,0.124,-0.26,5
0.182,0.112,-0.178,4
0.177,0.062,-0.134,5
0.211,0.081,-0.069,5
0.194,0.077,-0.041,5
0.131,0.078,0.04,5
0.127,0.113,0.023,5
0.101,0.158,-0.004,5
0.022,0.259,0.03,5
-0.009,0.315,0.04,5
-0.043,0.404,0.087,5
-0.12,0.458,0.126,5
-0.143,0.542,0.191,5
-0.167,0.543,0.099,5
-0.181,0.562,0.123,5
-0.193,0.471,0.201,5
-0.165,0.394,0.138,5
-0.045,0.273,0.021,5
0.058,0.189,-0.075,5
0.095,0.101,-0.016,4
0.107,-0.007,-0.01,5
0.127,-0.023,0.025,5
0.299,-0.094,0.13,5
0.23,-0.072,0.061,5
0.173,-0.047,0.02,5
0.095,0.03,0.1,5
0.073,0.121,0.236,5
0.139,0.114,0.213,5
0.194,0.145,0.058,5
0.23,0.152,0.043,5
0.181,0.18,0.095,5
0.172,0.175,0.116,5
0.228,0.2,0.117,5
0.235,0.232,0.088,5
0.186,0.239,0.01,5
0.146,0.258,-0.029,5
0.152,0.258,-0.021,5
0.185,0.262,-0.097,5
0.183,0.249,-0.13,4
0.217,0.211,-0.121,5
0.212,0.199,-0.17,5
0.208,0.179,-0.157,5
0.161,0.187,-0.214,5
0.037,0.185,-0.21,5
-0.021,0.223,-0.142,5
-0.088,0.196,-0.162,5
-0.122,0.146,-0.098,5
-0.114,0.054,-0.045,5
-0.111,-0.045,-0.028,5
-0.096,-0.17,0.039,5
-0.108,-0.209,0.142,5
-0.084,-0.27,0.223,5
-0.063,-0.312,0.235,5
-0.035,-0.324,0.315,5
-0.061,-0.227,0.486,5
-0.077,-0.204,0.597,5
-0.048,-0.175,0.753,5
0.051,-0.097,0.832,5
0.115,-0.061,0.809,4
0.095,0.008,0.767,5
0.072,0.102,0.69,5
0.022,0.148,0.626,5
-0.074,0.163,0.572,5
-0.2,0.151,0.54,5
-0.31,0.14,0.551,5
-0.369,0.109,0.56,5
-0.418,0.016,0.565,5
-0.514,-0.027,0.538,5
-0.661,-0.085,0.657,5
-0.754,-0.128,0.811,5
-0.868,-0.15,1.062,5
-0.924,-0.169,1.382,5
-0.952,-0.208,1.683,5
-0.982,-0.299,2.011,5
-0.698,-0.369,2.275,5
-0.266,-0.543,2.289,5
0.1,-0.782,2.111,5
0.435,-1.005,1.693,4
1.145,-1.357,1.296,5
1.918,-1.536,0.985,5
2.209,-1.473,0.654,5
2.178,-1.17,0.36,5
1.9,-0.687,0.031,5
1.356,-0.355,-0.363,5
0.897,-0.173,-0.693,5
0.721,-0.052,-0.964,5
0.697,0.055,-1.109,5
0.683,0.089,-1.085,5
0.675,-0.018,-0.967,5
0.56,-0.098,-0.806,5
0.521,-0.11,-0.755,5
0.452,-0.06,-0.581,5
0.126,0.057,-0.393,5
0.028,0.133,-0.078,5
-0.104,0.266,0.028,5
-0.266,0.377,-0.013,5
-0.179,0.452,-0.111,4
-0.057,0.493,-0.104,5
0.034,0.538,-0.085,5
0.19,0.566,-0.102,5
0.291,0.604,-0.251,5
0.379,0.578,-0.334,5
0.504,0.52,-0.438,5
0.687,0.399,-0.429,5
0.855,0.217,-0.545,5
1.019,0.139,-0.689,5
1.107,0.112,-0.762,5
1.104,0.131,-0.841,5
1.075,0.209,-0.856,5
0.964,0.265,-0.796,5
0.871,0.338,-0.807,5
0.767,0.433,-0.791,5
0.6,0.476,-0.772,5
0.51,0.441,-0.734,5
0.42,0.458,-0.703,5
0.429,0.442,-0.693,4
0.486,0.359,-0.611,5
0.459,0.284,-0.584,5
0.357,0.247,-0.681,5
0.295,0.188,-0.596,5
0.24,0.13,-0.48,5
0.181,0.104,-0.41,5
0.064,0.111,-0.425,5
-0.071,0.078,-0.469,5
-0.171,0.027,-0.439,5
-0.215,0.05,-0.507,5
-0.262,-0.04,-0.469,5
-0.3,-0.169,-0.418,5
-0.365,-0.299,-0.419,5
-0.497,-0.372,-0.373,5
-0.624,-0.387,-0.357,5
-0.729,-0.396,-0.373,5
-0.833,-0.399,-0.37,5
-0.931,-0.402,-0.419,5
-0.971,-0.353,-0.468,4
-1.068,-0.357,-0.503,5
-1.142,-0.317,-0.466,5
-1.222,-0.255,-0.44,5
-1.293,-0.182,-0.414,5
-1.315,-0.151,-0.394,5
-1.252,-0.105,-0.372,5
-1.14,-0.052,-0.395,5
-0.987,-0.021,-0.338,5
-0.975,-0.001,-0.326,5
-1.062,0.088,-0.293,5
-1.055,0.148,-0.195,5
-0.988,0.138,-0.154,5
-0.885,0.15,-0.078,5
-0.788,0.152,-0.096,5
-0.657,0.145,-0.091,5
-0.549,0.118,-0.081,5
-0.395,0.059,-0.099,5
-0.273,-0.011,-0.046,5
-0.181,-0.053,0.057,4
-0.068,-0.095,0.167,5
-0.014,-0.116,0.228,5
-0.038,-0.117,0.274,5
-0.069,-0.14,0.337,5
-0.092,-0.13,0.39,5
-0.113,-0.134,0.407,5
-0.11,-0.146,0.5,5
-0.16,-0.171,0.562,5
-0.118,-0.153,0.63,5
-0.084,-0.142,0.658,5
-0.024,-0.124,0.613,5
-0.013,-0.103,0.643,5
0.048,-0.101,0.656,5
0.107,-0.061,0.616,5
0.123,-0.007,0.524,5
0.115,0.053,0.424,5
0.081,0.078,0.287,5
0.03,0.139,0.258,4
-0.045,0.121,0.168,5
-0.157,0.19,0.116,5
-0.258,0.193,0.001,5
-0.322,0.204,-0.084,5
-0.419,0.231,-0.201,5
-0.511,0.242,-0.18,5
-0.593,0.274,-0.136,5
-0.594,0.289,-0.045,5
-0.466,0.239,-0.054,5
-0.264,0.168,-0.074,5
-0.113,0.095,-0.148,5
0.044,0.09,-0.207,5
0.152,0.063,-0.143,5
0.214,0.087,-0.025,5
0.296,0.096,-0.044,5
0.366,0.099,-0.109,5
0.441,0.154,-0.145,5
0.401,0.108,-0.036,5
0.357,0.093,-0.006,4
0.317,0.109,-0.01,5
0.212,0.111,0.063,5
0.13,0.122,0.113,5
0.005,0.144,0.175,5
-0.081,0.155,0.2,5
-0.086,0.17,0.111,5
-0.142,0.157,0.113,5
-0.11,0.146,0.154,5
-0.099,0.105,0.16,5
-0.098,0.056,0.221,5
-0.084,0.003,0.19,5
-0.092,0.015,0.167,5
-0.143,0.048,0.185,5
-0.245,0.048,0.196,5
-0.234,0.064,0.207,5
-0.331,0.054,0.259,5
-0.332,0.061,0.173,5
-0.368,0.038,0.186,5
-0.366,0.055,0.223,4
-0.385,0.08,0.287,5
-0.381,0.111,0.327,5
-0.351,0.19,0.342,5
-0.346,0.227,0.368,5
-0.338,0.239,0.387,5
-0.243,0.236,0.241,5
-0.193,0.286,0.165,5
-0.101,0.3,0.088,5
-0.043,0.309,-0.045,5
-0.03,0.347,-0.183,5
-0.018,0.334,-0.289,5
0.06,0.361,-0.39,5
0.032,0.419,-0.376,5
-0.116,0.468,-0.382,5
-0.191,0.481,-0.4,5
-0.241,0.519,-0.463,5
-0.359,0.502,-0.443,5
-0.34,0.482,-0.441,5
-0.267,0.403,-0.358,4
-0.245,0.363,-0.322,5
-0.19,0.327,-0.286,5
-0.145,0.32,-0.292,5
-0.144,0.275,-0.297,5
-0.116,0.273,-0.293,5
-0.117,0.25,-0.259,5
-0.114,0.234,-0.246,5
-0.038,0.253,-0.222,5
-0.043,0.228,-0.251,5
-0.034,0.248,-0.329,5
-0.035,0.232,-0.357,5
0.041,0.183,-0.364,5
0.08,0.147,-0.366,5
-0.078,0.18,-0.308,5
-0.225,0.227,-0.489,5
-0.121,0.264,-0.513,5
-0.096,0.294,-0.375,5
-0.138,0.247,-0.161,5
-0.18,0.205,-0.02,4
-0.162,0.241,-0.104,5
-0.18,0.242,-0.206,5
-0.179,0.218,-0.172,5
-0.144,0.222,-0.038,5
-0.199,0.165,0.0,5
-0.218,0.119,-0.022,5
-0.179,0.089,-0.045,5
-0.152,0.059,-0.067,5
-0.141,-0.028,-0.112,5
-0.105,-0.094,-0.07,5
-0.125,-0.141,-0.02,5
-0.151,-0.17,0.089,5
-0.149,-0.148,0.127,5
-0.168,-0.112,0.248,5
-0.277,-0.101,0.361,5
-0.283,-0.138,0.411,5
-0.272,-0.159,0.443,5
-0.292,-0.22,0.494,5
-0.293,-0.302,0.427,4
-0.255,-0.379,0.337,5
-0.273,-0.458,0.234,5
-0.314,-0.476,0.297,5
-0.296,-0.429,0.349,5
-0.383,-0.36,0.482,5
-0.573,-0.225,0.731,5
-0.636,-0.051,0.934,5
-0.62,0.035,1.039,5
-0.519,0.083,1.146,5
-0.195,-0.019,1.061,5
0.241,-0.289,0.848,5
0.687,-0.57,0.556,5
1.092,-0.862,0.143,5
1.22,-0.978,-0.121,5
0.878,-0.799,-0.13,5
0.105,-0.344,0.188,5
-0.805,0.125,0.583,5
-1.587,0.487,0.998,5
-2.04,0.555,1.515,4
-2.189,0.435,1.415,5
-2.207,0.223,1.373,5
-2.202,-0.19,1.356,5
-2.068,-0.594,1.479,5
-1.779,-0.883,1.689,5
-1.381,-1.079,1.826,5
-1.101,-1.157,1.876,5
-0.853,-1.136,1.964,5
-0.569,-1.014,2.074,5
-0.185,-0.899,2.077,5
0.225,-0.818,1.857,5
0.663,-0.74,1.417,5
1.149,-0.666,0.986,5
1.547,-0.518,0.521,5
1.819,-0.259,-0.013,5
2.033,0.0,-0.576,5
2.118,0.287,-1.087,5
2.027,0.603,-1.431,5
1.889,0.862,-1.71,4
1.752,1.082,-1.819,5
1.693,1.189,-1.87,5
1.584,1.229,-1.997,5
1.408,1.206,-1.974,5
1.138,1.119,-1.928,5
0.882,0.96,-1.679,5
0.6,0.739,-1.257,5
0.389,0.463,-0.834,5
0.212,0.192,-0.505,5
0.049,-0.085,-0.243,5
-0.072,-0.361,0.022,5
-0.185,-0.592,0.192,5
-0.287,-0.791,0.319,5
-0.34,-0.902,0.408,5
-0.392,-0.984,0.449,5
-0.409,-0.976,0.434,5
-0.411,-0.921,0.305,5
-0.474,-0.829,0.201,5
-0.599,-0.716,0.09,4
-0.707,-0.55,0.047,5
-0.744,-0.408,0.029,5
-0.725,-0.286,-0.141,5
-0.704,-0.171,-0.252,5
-0.578,-0.093,-0.339,5
-0.49,-0.024,-0.451,5
-0.415,0.034,-0.522,5
-0.361,0.005,-0.531,5
-0.251,-0.047,-0.538,5
-0.14,-0.072,-0.518,5
-0.014,-0.168,-0.432,5
0.0,-0.242,-0.389,5
0.09,-0.3,-0.333,5
0.085,-0.364,-0.261,5
0.06,-0.371,-0.191,5
0.11,-0.39,-0.112,5
0.12,-0.428,-0.088,5
0.143,-0.472,0.041,5
0.266,-0.528,0.17,4
0.377,-0.57,0.119,5
0.409,-0.526,0.09,5
0.432,-0.568,0.068,5
0.488,-0.55,0.061,5
0.53,-0.482,-0.009,5
0.52,-0.421,-0.042,5
0.515,-0.37,-0.146,5
0.455,-0.225,-0.256,5
0.392,-0.185,-0.338,5
0.34,-0.094,-0.399,5
0.284,0.01,-0.402,5
0.209,0.108,-0.478,5
0.123,0.127,-0.469,5
0.124,0.157,-0.483,5
0.098,0.15,-0.516,5
0.041,0.161,-0.546,5
-0.01,0.128,-0.526,5
-0.034,0.128,-0.534,5
-0.057,0.093,-0.498,4
-0.107,0.067,-0.405,5
-0.187,0.034,-0.295,5
-0.181,-0.033,-0.24,5
-0.197,-0.043,-0.19,5
-0.225,-0.064,-0.205,5
-0.138,-0.096,-0.155,5
-0.124,-0.134,-0.148,5
-0.228,-0.078,-0.176,5
-0.252,-0.018,-0.249,5
-0.18,-0.025,-0.254,5
-0.076,0.011,-0.125,5
0.035,0.04,-0.113,5
0.091,0.084,-0.2,5
0.104,0.196,-0.258,5
0.08,0.267,-0.31,5
0.107,0.279,-0.322,5
0.096,0.307,-0.311,5
0.155,0.336,-0.319,5
0.196,0.385,-0.382,4
0.193,0.415,-0.425,5
0.196,0.404,-0.465,5
0.189,0.35,-0.509,5
0.23,0.324,-0.496,5
0.229,0.304,-0.49,5
0.249,0.317,-0.415,5
0.276,0.29,-0.365,5
0.347,0.282,-0.251,5
0.381,0.284,-0.217,5
0.33,0.26,-0.23,5
0.301,0.204,-0.228,5
0.284,0.192,-0.171,5
0.239,0.229,-0.175,5
0.236,0.206,-0.132,5
0.225,0.194,-0.14,5
0.22,0.153,-0.152,5
0.232,0.146,-0.137,5
0.231,0.114,-0.149,5
0.186,0.146,-0.104,4
0.038,0.153,-0.046,5
-0.038,0.146,-0.002,5
-0.142,0.192,0.07,5
-0.166,0.194,0.067,5
-0.176,0.183,0.125,5
-0.214,0.195,0.156,5
-0.274,0.15,0.2,5
-0.299,0.139,0.284,5
-0.308,0.099,0.234,5
-0.337,0.106,0.228,5
-0.316,0.122,0.252,5
-0.319,0.092,0.231,5
-0.309,0.04,0.225,5
-0.286,0.087,0.267,5
-0.288,0.113,0.262,5
-0.276,0.072,0.279,5
-0.24,0.073,0.255,5
-0.22,0.148,0.281,5
-0.215,0.12,0.262,4
-0.237,0.134,0.274,5
-0.226,0.193,0.303,5
-0.212,0.196,0.316,5
-0.169,0.18,0.301,5
-0.204,0.21,0.241,5
-0.201,0.232,0.187,5
-0.202,0.213,0.108,5
-0.208,0.222,0.114,5
-0.183,0.199,0.141,5
-0.151,0.197,0.153,5
-0.093,0.19,0.207,5
-0.088,0.188,0.182,5
-0.032,0.178,0.271,5
0.009,0.173,0.283,5
-0.012,0.177,0.25,5
0.031,0.172,0.255,5
0.11,0.172,0.208,5
0.138,0.138,0.144,5
0.171,0.145,0.095,4
0.223,0.131,0.077,5
0.196,0.139,0.03,5
0.207,0.16,-0.006,5
0.173,0.161,-0.057,5
0.151,0.179,-0.099,5
0.102,0.179,-0.162,5
0.1,0.161,-0.081,5
0.099,0.149,-0.051,5
0.072,0.117,-0.029,5
0.073,0.122,0.003,5
0.035,0.114,0.072,5
0.075,0.133,0.125,5
0.089,0.085,0.181,5
0.093,0.072,0.176,5
0.084,0.069,0.176,5
0.097,0.08,0.175,5
0.13,0.102,0.136,5
0.121,0.066,0.148,5
0.161,0.102,0.159,4
0.227,0.156,0.1,5
0.195,0.162,0.086,5
0.219,0.163,0.069,5
0.24,0.181,-0.019,5
0.255,0.176,-0.078,5
0.208,0.171,-0.126,5
0.226,0.206,-0.148,5
0.212,0.181,-0.137,5
0.203,0.137,-0.067,5
0.192,0.132,-0.043,5
0.228,0.011,0.038,5
0.184,-0.063,0.129,5
0.157,-0.104,0.215,5
0.141,-0.197,0.103,5
0.045,-0.255,0.092,5
-0.032,-0.302,0.122,5
-0.158,-0.341,0.166,5
-0.232,-0.363,0.27,4
-0.351,-0.352,0.238,5
-0.428,-0.395,0.314,5
-0.39,-0.441,0.351,5
-0.355,-0.44,0.445,5
-0.358,-0.487,0.508,5
-0.365,-0.421,0.539,5
-0.333,-0.404,0.619,5
-0.278,-0.36,0.768,5
-0.013,-0.393,0.851,5
0.293,-0.431,0.964,5
0.647,-0.513,1.018,5
1.052,-0.673,0.955,5
1.421,-0.825,0.825,5
1.611,-0.855,0.656,5
1.635,-0.752,0.522,5
1.458,-0.599,0.439,5
1.188,-0.405,0.391,5
0.952,-0.27,0.382,5
0.78,-0.239,0.348,5
0.74,-0.288,0.184,4
0.709,-0.35,0.041,5
0.66,-0.427,0.006,5
0.646,-0.492,-0.015,5
0.654,-0.468,0.059,5
0.658,-0.452,0.062,5
0.527,-0.376,0.267,5
0.375,-0.222,0.378,5
0.183,-0.036,0.525,5
0.074,0.109,0.529,5
0.079,0.244,0.506,5
0.101,0.375,0.429,5
0.104,0.441,0.205,5
0.176,0.466,-0.034,5
0.154,0.497,-0.263,5
0.16,0.494,-0.517,5
0.191,0.458,-0.685,5
0.185,0.446,-0.849,5
0.102,0.376,-1.006,5
0.023,0.308,-1.047,4
-0.074,0.256,-1.024,5
-0.23,0.152,-0.922,5
-0.332,0.098,-0.782,5
-0.372,0.015,-0.635,5
-0.494,-0.097,-0.425,5
-0.574,-0.208,-0.21,5
-0.594,-0.274,-0.042,5
-0.664,-0.367,0.069,5
-0.744,-0.464,0.169,5
-0.846,-0.508,0.29,5
-0.869,-0.578,0.326,5
-0.864,-0.636,0.319,5
-0.873,-0.702,0.33,5
-0.807,-0.804,0.319,5
-0.7,-0.926,0.304,5
-0.622,-1.001,0.282,5
-0.568,-1.022,0.215,5
-0.511,-0.984,0.211,5
-0.55,-0.963,0.28,4
-0.525,-0.893,0.325,5
-0.451,-0.825,0.405,5
-0.337,-0.755,0.39,5
-0.226,-0.719,0.368,5
-0.074,-0.694,0.383,5
0.118,-0.612,0.341,5
0.27,-0.49,0.207,5
0.307,-0.376,0.126,5
0.354,-0.188,0.045,5
0.34,-0.018,-0.105,5
0.341,0.129,-0.211,5
0.328,0.254,-0.337,5
0.368,0.336,-0.488,5
0.383,0.428,-0.612,5
0.448,0.467,-0.684,5
0.546,0.489,-0.818,5
0.577,0.531,-0.952,5
0.554,0.551,-1.094,5
0.576,0.565,-1.096,4
0.669,0.586,-1.09,5
0.607,0.6,-1.11,5
0.619,0.588,-1.029,5
0.613,0.568,-1.008,5
0.599,0.588,-1.015,5
0.513,0.637,-1.017,5
0.423,0.673,-1.001,5
0.368,0.674,-0.974,5
0.271,0.658,-0.972,5
0.252,0.67,-0.974,5
0.27,0.655,-1.036,5
0.217,0.628,-1.04,5
0.174,0.625,-0.983,5
0.165,0.584,-0.958,5
0.222,0.526,-0.966,5
0.256,0.568,-0.912,5
0.2,0.628,-0.847,5
0.137,0.586,-0.84,5
0.144,0.472,-0.812,4
0.13,0.411,-0.726,5
0.1,0.319,-0.671,5
0.012,0.308,-0.548,5
0.032,0.299,-0.407,5
-0.022,0.295,-0.318,5
-0.067,0.283,-0.222,5
-0.189,0.271,-0.131,5
-0.287,0.261,-0.07,5
-0.366,0.248,0.048,5
-0.471,0.215,0.134,5
-0.506,0.154,0.168,5
-0.524,0.126,0.19,5
-0.558,0.04,0.252,5
-0.532,-0.036,0.275,5
-0.526,-0.097,0.32,5
-0.5,-0.174,0.344,5
-0.445,-0.204,0.327,5
-0.418,-0.196,0.411,5
-0.415,-0.271,0.438,4
-0.395,-0.292,0.459,5
-0.39,-0.288,0.487,5
-0.411,-0.289,0.558,5
-0.392,-0.26,0.58,5
-0.43,-0.277,0.587,5
-0.443,-0.254,0.614,5
-0.498,-0.246,0.596,5
-0.504,-0.23,0.558,5
-0.522,-0.211,0.545,5
-0.509,-0.199,0.551,5
-0.544,-0.153,0.483,5
-0.559,-0.099,0.465,5
-0.537,-0.054,0.474,5
-0.527,0.028,0.487,5
-0.504,0.103,0.486,5
-0.497,0.148,0.471,5
-0.494,0.258,0.442,5
-0.449,0.319,0.427,5
-0.421,0.343,0.342,4
-0.362,0.399,0.338,5
-0.3,0.406,0.256,5
-0.205,0.469,0.213,5
-0.086,0.461,0.097,5
0.043,0.467,-0.024,5
0.103,0.48,-0.077,5
0.179,0.488,-0.121,5
0.239,0.491,-0.195,5
0.279,0.489,-0.253,5
0.312,0.44,-0.271,5
0.311,0.418,-0.313,5
0.357,0.393,-0.312,5
0.407,0.375,-0.298,5
0.418,0.377,-0.276,5
0.458,0.352,-0.275,5
0.49,0.295,-0.299,5
0.493,0.235,-0.321,5
0.521,0.207,-0.271,5
0.503,0.212,-0.296,5
0.453,0.239,-0.253,4
0.39,0.206,-0.245,5
0.334,0.198,-0.164,5
0.245,0.178,-0.174,5
0.168,0.173,-0.131,5
0.134,0.16,-0.122,5
0.151,0.127,-0.075,5
0.093,0.123,-0.05,5
0.045,0.136,0.01,5
0.01,0.144,0.061,5
-0.063,0.121,0.046,5
-0.091,0.122,0.11,5
-0.112,0.097,0.19,5
-0.028,0.057,0.183,5
-0.051,0.051,0.243,5
-0.132,0.046,0.305,5
-0.179,0.054,0.317,5
-0.26,0.044,0.346,5
-0.329,0.049,0.41,4
-0.352,-0.016,0.412,5
-0.369,-0.04,0.41,5
-0.353,-0.083,0.39,5
-0.408,-0.101,0.381,5
-0.449,-0.112,0.373,5
-0.46,-0.135,0.383,5
-0.505,-0.122,0.332,5
-0.497,-0.183,0.26,5
-0.465,-0.208,0.264,5
-0.453,-0.243,0.281,5
-0.33,-0.227,0.248,5
-0.189,-0.26,0.258,5
-0.062,-0.303,0.305,5
0.072,-0.281,0.283,5
0.173,-0.24,0.216,5
0.22,-0.177,0.147,5
0.254,-0.121,0.145,5
0.336,-0.109,0.105,5
0.384,-0.098,0.051,4
0.449,-0.066,-0.005,5
0.512,-0.03,-0.086,5
0.547,-0.018,-0.125,5
0.484,0.0,-0.056,5
0.483,0.043,-0.046,5
0.469,0.043,-0.016,5
0.431,0.004,0.032,5
0.448,-0.051,0.046,5
0.424,-0.098,0.158,5
0.399,-0.157,0.297,5
0.359,-0.202,0.397,5
0.276,-0.25,0.473,5
0.166,-0.303,0.56,5
0.02,-0.303,0.715,5
-0.132,-0.333,0.859,5
-0.243,-0.385,1.018,5
-0.361,-0.386,1.123,5
-0.446,-0.369,1.166,5
-0.414,-0.47,1.299,4
-0.209,-0.629,1.325,5
0.104,-0.799,1.153,5
0.516,-1.051,0.887,5
0.982,-1.325,0.475,5
1.401,-1.542,0.061,5
1.493,-1.603,-0.358,5
1.232,-1.387,-0.598,5
0.583,-0.929,-0.555,5
-0.151,-0.375,-0.331,5
-0.748,0.114,-0.07,5
-1.07,0.379,0.165,5
-1.195,0.457,0.178,5
-1.123,0.299,0.066,5
-0.946,0.054,0.145,5
-0.795,-0.158,0.178,5
-0.733,-0.271,0.251,5
-0.694,-0.326,0.286,5
-0.672,-0.323,0.378,5
-0.704,-0.321,0.487,5
-0.763,-0.272,0.584,4
-0.876,-0.318,0.75,5
-0.913,-0.351,0.821,5
-0.882,-0.337,0.787,5
-1.014,-0.295,0.721,5
-1.115,-0.213,0.756,5
-1.111,-0.192,0.819,5
-1.013,-0.237,0.771,5
-0.899,-0.295,0.69,5
-0.753,-0.378,0.569,5
-0.583,-0.512,0.508,5
-0.442,-0.522,0.366,5
-0.282,-0.465,0.364,5
-0.124,-0.397,0.371,5
-0.034,-0.258,0.398,5
0.024,-0.124,0.341,5
0.142,0.0,0.277,5
0.318,0.176,0.12,5
0.467,0.223,0.056,5
0.575,0.257,-0.069,4
0.669,0.343,-0.239,5
0.692,0.377,-0.314,5
0.752,0.396,-0.321,5
0.858,0.442,-0.375,5
0.854,0.415,-0.459,5
0.842,0.335,-0.581,5
0.908,0.25,-0.725,5
0.878,0.173,-0.834,5
0.846,0.078,-0.901,5
0.835,-0.024,-0.88,5
0.833,-0.086,-0.908,5
0.767,-0.12,-0.899,5
0.669,-0.164,-0.809,5
0.675,-0.212,-0.75,5
0.663,-0.264,-0.718,5
0.571,-0.264,-0.646,5
0.514,-0.28,-0.629,5
0.415,-0.252,-0.583,5
0.365,-0.227,-0.49,4
0.251,-0.2,-0.45,5
0.131,-0.102,-0.418,5
0.045,-0.058,-0.428,5
-0.006,-0.03,-0.415,5
-0.088,-0.027,-0.442,5
-0.118,-0.072,-0.467,5
-0.145,-0.09,-0.524,5
-0.221,-0.12,-0.532,5
-0.31,-0.143,-0.496,5
-0.366,-0.193,-0.45,5
-0.381,-0.225,-0.401,5
-0.347,-0.306,-0.352,5
-0.282,-0.392,-0.373,5
-0.28,-0.439,-0.336,5
-0.221,-0.503,-0.25,5
-0.165,-0.573,-0.234,5
-0.114,-0.589,-0.215,5
-0.081,-0.603,-0.215,5
-0.004,-0.59,-0.236,4
0.004,-0.54,-0.264,5
-0.047,-0.464,-0.281,5
-0.081,-0.383,-0.305,5
-0.129,-0.267,-0.304,5
-0.163,-0.116,-0.312,5
-0.22,-0.031,-0.32,5
-0.258,0.019,-0.301,5
-0.297,0.09,-0.327,5
-0.336,0.176,-0.298,5
-0.363,0.206,-0.303,5
-0.365,0.228,-0.251,5
-0.441,0.235,-0.234,5
-0.431,0.225,-0.181,5
-0.371,0.185,-0.158,5
-0.368,0.102,-0.099,5
-0.318,0.044,-0.008,5
-0.278,0.01,0.035,5
-0.25,-0.034,0.066,4
-0.216,-0.06,0.137,5
-0.221,-0.071,0.188,5
-0.181,-0.129,0.221,5
-0.167,-0.112,0.25,5
-0.107,-0.122,0.238,5
-0.066,-0.157,0.206,5
-0.03,-0.133,0.177,5
0.02,-0.115,0.094,5
0.035,-0.056,0.093,5
-0.015,0.005,0.106,5
0.046,0.038,0.125,5
0.093,0.099,0.061,5
0.097,0.214,-0.061,5
0.074,0.253,-0.124,5
0.071,0.353,-0.176,5
0.072,0.404,-0.197,5
0.052,0.445,-0.194,5
0.055,0.5,-0.235,5
0.037,0.527,-0.259,5
0.033,0.569,-0.242,4
0.082,0.568,-0.235,5
0.069,0.559,-0.254,5
0.084,0.563,-0.19,5
0.14,0.515,-0.149,5
0.165,0.498,-0.13,5
0.187,0.479,-0.121,5
0.22,0.452,-0.101,5
0.241,0.441,-0.082,5
0.23,0.397,-0.087,5
0.254,0.383,-0.125,5
0.254,0.418,-0.13,5
0.22,0.398,-0.151,5
0.22,0.367,-0.196,5
0.185,0.382,-0.224,5
0.179,0.399,-0.228,5
0.166,0.385,-0.239,5
0.166,0.394,-0.276,5
0.175,0.363,-0.274,5
0.089,0.374,-0.238,5
-0.005,0.397,-0.236,4
-0.043,0.439,-0.203,5
-0.143,0.387,-0.209,5
-0.189,0.404,-0.158,5
-0.234,0.389,-0.142,5
-0.254,0.35,-0.097,5
-0.25,0.333,-0.092,5
-0.285,0.269,-0.074,5
-0.27,0.238,0.006,5
-0.251,0.205,0.048,5
-0.235,0.142,0.086,5
-0.177,0.132,0.108,5
-0.189,0.123,0.11,5
-0.157,0.111,0.095,5
-0.12,0.112,0.046,5
-0.052,0.114,0.016,5
-0.029,0.137,-0.019,5
-0.009,0.119,-0.052,5
0.03,0.124,-0.129,5
0.078,0.116,-0.159,4
0.07,0.169,-0.22,5
0.068,0.165,-0.241,5
0.026,0.183,-0.265,5
0.058,0.195,-0.255,5
0.057,0.188,-0.174,5
0.042,0.204,-0.087,5
0.068,0.235,-0.061,5
0.104,0.246,0.013,5
0.107,0.264,0.072,5
0.131,0.221,0.142,5
0.186,0.207,0.21,5
0.254,0.182,0.141,5
0.276,0.177,0.131,5
0.309,0.189,0.153,5
0.334,0.144,0.176,5
0.326,0.147,0.206,5
0.306,0.158,0.177,5
0.327,0.138,0.211,5
0.286,0.124,0.172,4
0.257,0.189,0.202,5
0.279,0.179,0.234,5
0.229,0.178,0.279,5
0.155,0.178,0.282,5
0.2,0.164,0.232,5
0.162,0.135,0.265,5
0.181,0.095,0.286,5
0.18,0.099,0.291,5
0.175,0.067,0.361,5
0.14,0.086,0.381,5
0.1,0.069,0.416,5
0.086,0.058,0.478,5
0.064,0.035,0.503,5
0.079,0.031,0.505,5
0.114,-0.005,0.506,5
0.137,-0.039,0.473,5
0.149,-0.066,0.417,5
0.169,-0.089,0.336,5
0.165,-0.115,0.333,4
0.11,-0.107,0.312,5
0.12,-0.105,0.337,5
0.091,-0.121,0.355,5
0.129,-0.152,0.358,5
0.258,-0.175,0.34,5
0.375,-0.257,0.318,5
0.514,-0.421,0.321,5
0.73,-0.594,0.293,5
1.014,-0.78,0.264,5
1.352,-0.995,0.186,5
1.648,-1.219,0.077,5
1.867,-1.373,-0.176,5
1.723,-1.339,-0.309,5
1.288,-1.093,-0.183,5
0.788,-0.686,0.037,5
0.27,-0.243,0.399,5
-0.17,0.1,0.795,5
-0.377,0.245,0.965,5
-0.395,0.182,0.955,4
-0.3,0.025,0.915,5
-0.175,-0.205,0.828,5
-0.006,-0.391,0.84,5
0.101,-0.563,0.859,5
0.25,-0.726,0.7,5
0.324,-0.813,0.453,5
0.158,-0.736,0.313,5
-0.141,-0.568,0.226,5
-0.437,-0.347,0.212,5
-0.742,-0.166,0.182,5
-0.94,-0.007,0.164,5
-1.014,0.118,0.126,5
-1.093,0.145,0.143,5
-1.165,0.13,0.133,5
-1.13,0.143,0.15,5
-1.065,0.159,0.26,5
-0.958,0.229,0.311,5
-0.823,0.198,0.392,5
-0.784,0.053,0.362,4
-0.671,-0.064,0.282,5
-0.526,-0.135,0.258,5
-0.444,-0.177,0.181,5
-0.386,-0.233,0.089,5
-0.335,-0.244,0.093,5
-0.336,-0.258,0.075,5
-0.319,-0.254,0.059,5
-0.343,-0.224,0.014,5
-0.322,-0.241,-0.003,5
-0.268,-0.307,-0.029,5
-0.246,-0.354,-0.039,5
-0.117,-0.357,0.029,5
-0.063,-0.382,0.099,5
0.059,-0.378,0.055,5
0.294,-0.383,0.028,5
0.446,-0.366,-0.052,5
0.552,-0.33,-0.146,5
0.669,-0.262,-0.269,5
0.684,-0.15,-0.324,4
0.706,0.028,-0.434,5
0.584,0.172,-0.614,5
0.517,0.336,-0.76,5
0.409,0.479,-0.856,5
0.265,0.612,-0.999,5
0.161,0.719,-1.101,5
-0.01,0.819,-1.172,5
-0.103,0.836,-1.141,5
-0.153,0.847,-1.156,5
-0.25,0.866,-1.071,5
-0.277,0.844,-1.02,5
-0.249,0.768,-0.909,5
-0.159,0.661,-0.865,5
-0.118,0.565,-0.839,5
-0.041,0.444,-0.704,5
0.031,0.343,-0.681,5
0.08,0.279,-0.617,5
0.106,0.238,-0.546,5
0.121,0.218,-0.578,5
0.109,0.171,-0.593,4
0.094,0.166,-0.547,5
0.037,0.128,-0.583,5
-0.009,0.128,-0.649,5
-0.06,0.18,-0.722,5
-0.11,0.209,-0.659,5
-0.185,0.21,-0.619,5
-0.179,0.176,-0.634,5
-0.178,0.184,-0.704,5
-0.148,0.2,-0.707,5
-0.159,0.15,-0.714,5
-0.182,0.135,-0.591,5
-0.198,0.126,-0.484,5
-0.165,0.139,-0.483,5
-0.222,0.108,-0.422,5
-0.333,0.149,-0.341,5
-0.364,0.181,-0.16,5
-0.444,0.18,-0.049,5
-0.477,0.179,0.045,5
-0.524,0.144,0.17,4
-0.519,0.125,0.248,5
-0.558,0.13,0.3,5
-0.58,0.104,0.374,5
-0.53,0.059,0.435,5
-0.503,0.075,0.452,5
-0.461,0.046,0.433,5
-0.428,0.041,0.424,5
-0.385,-0.005,0.459,5
-0.278,-0.009,0.417,5
-0.189,0.013,0.389,5
-0.127,0.046,0.363,5
-0.037,0.015,0.262,5
0.035,-0.003,0.197,5
0.079,0.036,0.164,5
0.178,0.053,0.113,5
0.199,0.048,0.054,5
0.214,0.082,-0.015,5
0.253,0.082,-0.074,5
0.344,0.031,-0.079,4
0.383,-0.019,-0.088,5
0.482,-0.047,-0.157,5
0.481,-0.072,-0.245,5
0.446,-0.087,-0.306,5
0.483,-0.104,-0.289,5
0.469,-0.098,-0.273,5
0.405,-0.148,-0.271,5
0.343,-0.129,-0.214,5
0.287,-0.116,-0.184,5
0.224,-0.13,-0.14,5
0.107,-0.126,-0.022,5
0.057,-0.139,0.027,5
0.013,-0.177,0.089,5
0.054,-0.185,0.136,5
0.027,-0.175,0.187,5
-0.013,-0.209,0.25,5
-0.115,-0.218,0.259,5
-0.099,-0.205,0.281,5
-0.12,-0.189,0.322,4
-0.159,-0.153,0.38,5
-0.229,-0.081,0.376,5
-0.215,-0.069,0.386,5
-0.176,-0.075,0.343,5
-0.154,-0.041,0.3,5
-0.173,0.009,0.218,5
-0.186,0.051,0.192,5
-0.185,0.076,0.216,5
-0.192,0.069,0.203,5
-0.242,0.079,0.178,5
-0.304,0.097,0.195,5
-0.355,0.1,0.175,5
-0.341,0.112,0.201,5
-0.376,0.109,0.207,5
-0.377,0.064,0.182,5
-0.395,0.079,0.306,5
-0.36,0.075,0.279,5
-0.337,0.033,0.29,4
-0.329,0.034,0.304,5
-0.253,0.022,0.243,5
-0.154,0.002,0.254,5
-0.044,0.028,0.176,5
0.002,0.008,0.042,5
0.045,0.042,-0.043,5
0.058,0.063,-0.103,5
0.074,0.096,-0.153,5
0.083,0.125,-0.176,5
0.079,0.129,-0.202,5
0.11,0.147,-0.212,5
0.125,0.115,-0.165,5
0.156,0.133,-0.105,5
0.217,0.129,-0.095,5
0.256,0.111,-0.033,5
0.312,0.104,-0.056,5
0.35,0.077,-0.029,5
0.397,0.052,-0.047,5
0.417,0.064,-0.086,5
0.419,0.092,-0.094,4
0.476,0.121,-0.128,5
0.437,0.118,-0.141,5
0.423,0.145,-0.161,5
0.441,0.178,-0.205,5
0.414,0.203,-0.215,5
0.394,0.23,-0.314,5
0.355,0.285,-0.326,5
0.337,0.295,-0.328,5
0.316,0.3,-0.441,5
0.245,0.326,-0.479,5
0.165,0.302,-0.401,5
0.14,0.31,-0.339,5
0.121,0.271,-0.361,5
0.113,0.243,-0.351,5
0.042,0.219,-0.32,5
0.016,0.18,-0.266,5
0.04,0.145,-0.145,5
0.083,0.053,-0.135,4
0.097,-0.021,-0.138,5
0.087,-0.014,-0.051,5
0.001,-0.052,-0.072,5
-0.042,-0.064,-0.142,5
-0.137,-0.044,-0.21,5
-0.239,-0.036,-0.193,5
-0.388,-0.002,-0.165,5
-0.452,0.028,-0.075,5
-0.519,-0.017,0.056,5
-0.601,-0.02,0.158,5
-0.674,-0.052,0.397,5
-0.706,-0.043,0.654,5
-0.79,-0.017,0.981,5
-0.828,0.044,1.301,5
-0.848,0.057,1.528,5
-0.574,-0.047,1.854,5
-0.15,-0.271,1.996,5
0.347,-0.614,1.857,5
1.014,-0.962,1.477,4
1.715,-1.383,0.92,5
2.314,-1.727,0.453,5
2.747,-1.809,0.093,5
2.907,-1.606,-0.191,5
2.526,-1.066,-0.366,5
1.898,-0.43,-0.424,5
1.269,0.155,-0.317,5
0.707,0.584,-0.238,5
0.321,0.771,-0.249,5
0.061,0.763,-0.284,5
-0.069,0.566,-0.294,5
-0.136,0.363,-0.321,5
-0.238,0.175,-0.327,5
-0.361,-0.009,-0.29,5
-0.407,-0.219,-0.141,5
-0.439,-0.417,0.053,5
-0.49,-0.617,0.208,5
-0.454,-0.788,0.389,5
-0.469,-0.916,0.63,4
-0.435,-0.941,0.83,5
-0.357,-0.989,1.001,5
-0.412,-0.985,1.022,5
-0.547,-0.916,0.984,5
-0.54,-0.919,0.886,5
-0.434,-0.931,0.789,5
-0.386,-0.984,0.632,5
-0.429,-0.985,0.422,5
-0.481,-0.968,0.294,5
-0.498,-0.927,0.217,5
-0.53,-0.86,0.161,5
-0.485,-0.822,0.227,5
-0.45,-0.852,0.273,5
-0.37,-0.861,0.297,5
-0.268,-0.822,0.44,5
-0.242,-0.792,0.56,5
-0.222,-0.73,0.702,5
-0.221,-0.558,0.722,5
-0.328,-0.416,0.783,5
-0.36,-0.305,0.774,4
-0.423,-0.197,0.697,5
-0.424,-0.074,0.644,5
-0.33,0.015,0.61,5
-0.12,0.009,0.501,5
0.184,0.047,0.283,5
0.424,0.05,0.005,5
0.671,0.028,-0.266,5
0.953,0.034,-0.567,5
1.09,-0.007,-0.786,5
1.162,0.018,-0.936,5
1.149,0.107,-1.066,5
1.047,0.225,-1.119,5
0.929,0.388,-1.068,5
0.785,0.578,-1.056,5
0.633,0.74,-1.032,5
0.479,0.791,-0.967,5
0.285,0.798,-0.922,5
0.084,0.739,-0.873,5
-0.113,0.674,-0.747,4
-0.279,0.602,-0.677,5
-0.44,0.477,-0.626,5
-0.582,0.374,-0.473,5
-0.674,0.246,-0.395,5
-0.796,0.126,-0.351,5
-0.919,-0.002,-0.239,5
-1.034,-0.096,-0.116,5
-1.086,-0.113,-0.104,5
-1.15,-0.162,-0.046,5
-1.168,-0.21,0.052,5
-1.051,-0.279,0.202,5
-0.929,-0.32,0.234,5
-0.901,-0.318,0.081,5
-0.858,-0.308,-0.064,5
-0.703,-0.342,-0.178,5
-0.628,-0.308,-0.109,5
-0.652,-0.217,-0.102,5
-0.608,-0.16,-0.148,5
-0.582,-0.067,-0.236,4
-0.549,0.047,-0.342,5
-0.628,0.098,-0.407,5
-0.647,0.123,-0.418,5
-0.578,0.115,-0.393,5
-0.533,0.12,-0.337,5
-0.531,0.117,-0.32,5
-0.534,0.131,-0.353,5
-0.515,0.101,-0.214,5
-0.382,0.017,-0.024,5
-0.244,-0.022,0.08,5
-0.095,-0.089,0.085,5
0.008,-0.102,0.029,5
0.072,-0.126,0.082,5
0.125,-0.105,0.134,5
0.173,-0.098,0.211,5
0.225,-0.071,0.216,5
0.189,0.025,0.125,5
0.17,0.109,0.13,5
0.067,0.184,0.139,5
-0.042,0.235,0.112,4
-0.068,0.272,0.101,5
-0.113,0.283,0.146,5
-0.14,0.272,0.183,5
-0.157,0.301,0.161,5
-0.136,0.262,0.166,5
-0.149,0.249,0.21,5
-0.216,0.297,0.21,5
-0.259,0.345,0.224,5
-0.328,0.401,0.322,5
-0.402,0.408,0.324,5
-0.414,0.397,0.309,5
-0.433,0.401,0.265,5
-0.351,0.369,0.286,5
-0.204,0.311,0.326,5
-0.093,0.275,0.384,5
0.015,0.312,0.44,5
0.065,0.333,0.427,5
0.166,0.373,0.418,4
0.283,0.361,0.48,5
0.419,0.364,0.406,5
0.48,0.345,0.283,5
0.561,0.34,0.177,5
0.609,0.315,0.039,5
0.664,0.318,-0.123,5
0.632,0.325,-0.288,5
0.646,0.288,-0.405,5
0.681,0.276,-0.442,5
0.613,0.249,-0.497,5
0.594,0.237,-0.512,5
0.544,0.26,-0.452,5
0.394,0.286,-0.39,5
0.282,0.275,-0.252,5
0.258,0.256,-0.11,5
0.275,0.174,0.021,5
0.222,0.062,0.083,5
0.152,0.025,0.118,5
0.128,-0.024,0.145,4
0.171,-0.094,0.273,5
0.107,-0.098,0.314,5
0.1,-0.11,0.274,5
0.064,-0.051,0.191,5
0.045,-0.037,0.141,5
-0.036,-0.034,0.08,5
-0.08,-0.03,0.011,5
-0.132,0.011,-0.058,5
-0.309,0.061,-0.086,5
-0.454,0.102,-0.06,5
-0.542,0.122,-0.054,5
-0.6,0.089,-0.019,5
-0.691,0.037,0.0,5
-0.725,-0.009,0.068,5
-0.67,-0.069,0.152,5
-0.581,-0.161,0.206,5
-0.428,-0.192,0.241,5
-0.36,-0.212,0.282,5
-0.298,-0.212,0.305,4
-0.139,-0.195,0.305,5
0.081,-0.227,0.154,5
0.155,-0.161,-0.029,5
0.187,-0.093,-0.125,5
0.19,0.044,-0.199,5
0.244,0.148,-0.291,5
0.301,0.215,-0.477,5
0.318,0.271,-0.658,5
0.269,0.295,-0.739,5
0.225,0.348,-0.755,5
0.211,0.334,-0.731,5
0.203,0.318,-0.654,5
0.174,0.316,-0.494,5
0.135,0.272,-0.293,5
0.096,0.201,-0.148,5
0.069,0.086,-0.021,5
0.053,-0.029,-0.075,5
-0.05,-0.117,-0.093,5
-0.024,-0.04,0.062,4
0.154,-0.088,0.034,5
0.268,-0.182,-0.011,5
0.207,-0.281,-0.101,5
0.298,-0.339,-0.203,5
0.415,-0.339,-0.221,5
0.382,-0.314,-0.268,5
0.309,-0.257,-0.28,5
0.231,-0.162,-0.286,5
0.19,-0.042,-0.215,5
0.068,0.017,-0.154,5
0.04,0.08,-0.16,5
-0.015,0.102,-0.235,5
-0.057,0.088,-0.272,5
-0.068,0.083,-0.287,5
-0.104,0.079,-0.259,5
-0.107,0.08,-0.19,5
0.002,0.054,-0.192,5
0.075,0.04,-0.186,5
0.136,-0.036,-0.09,4
0.226,-0.054,0.018,5
0.324,-0.087,0.21,5
0.391,-0.104,0.344,5
0.528,-0.12,0.387,5
0.588,-0.164,0.34,5
0.658,-0.199,0.28,5
0.696,-0.188,0.23,5
0.682,-0.186,0.095,5
0.609,-0.116,0.06,5
0.458,-0.07,0.054,5
0.33,0.018,0.065,5
0.25,0.072,0.037,5
0.134,0.065,0.081,5
0.056,0.05,0.15,5
0.025,0.032,0.2,5
-0.003,-0.035,0.326,5
0.035,-0.1,0.38,5
0.049,-0.103,0.458,5
0.053,-0.114,0.511,4
0.013,-0.051,0.564,5
-0.026,-0.02,0.624,5
-0.067,-0.027,0.613,5
0.0,-0.033,0.465,5
0.055,-0.051,0.311,5
0.076,-0.046,0.077,5
0.103,-0.045,-0.149,5
0.097,-0.002,-0.285,5
0.065,0.002,-0.381,5
0.067,0.07,-0.343,5
0.048,0.102,-0.266,5
0.129,0.096,-0.248,5
0.375,-0.029,-0.313,5
0.764,-0.246,-0.933,5
0.946,-0.51,-1.869,5
0.597,-0.097,-2.135,5
0.442,0.209,-1.292,5
0.605,0.348,-0.939,5
0.553,0.27,-0.569,4
0.58,0.152,-0.947,5
0.737,0.064,-1.029,5
0.715,-0.015,-0.81,5
0.695,-0.044,-0.638,5
0.531,0.02,-0.299,5
0.275,0.074,-0.252,5
0.088,0.105,-0.313,5
-0.191,0.121,-0.1,5
-0.724,0.19,0.051,5
-1.143,0.137,0.391,5
-1.162,0.046,0.787,5
-0.46,-0.014,1.281,5
-0.668,0.146,1.231,5
-0.916,0.385,1.271,5
-0.854,0.442,1.075,5
-0.644,0.393,1.106,5
-0.562,0.212,1.206,5
-0.626,0.121,0.93,5
-0.551,0.114,0.587,4
-0.491,0.141,0.356,5
-0.416,0.084,0.221,5
-0.388,0.002,0.022,5
-0.327,-0.032,-0.052,5
-0.139,-0.274,-0.18,5
0.253,-0.501,-0.326,5
0.318,-0.33,0.093,5
0.329,-0.237,0.687,5
0.551,-0.364,1.041,5
0.754,-0.483,0.769,5
0.579,-0.434,0.308,5
0.375,-0.279,0.088,5
0.178,-0.143,0.126,5
0.104,-0.06,0.183,5
0.059,0.036,0.039,5
-0.058,0.011,-0.166,5
-0.13,-0.033,-0.339,5
-0.151,-0.016,-0.322,5
-0.304,0.062,-0.256,4
-0.347,0.09,-0.196,5
-0.239,0.047,-0.12,5
-0.228,0.055,-0.091,5
-0.265,0.045,-0.034,5
-0.338,0.058,-0.087,5
-0.364,0.035,-0.061,5
-0.345,-0.037,0.031,5
-0.319,-0.102,0.083,5
-0.322,-0.122,0.066,5
-0.277,-0.118,0.09,5
-0.193,-0.162,0.15,5
-0.126,-0.224,0.083,5
0.011,-0.214,0.118,5
0.053,-0.12,0.222,5
0.099,-0.056,0.291,5
0.158,-0.037,0.193,5
0.172,0.004,0.035,5
0.237,0.047,-0.066,5
0.321,0.09,-0.098,4
0.315,0.085,-0.14,5
0.352,0.107,-0.225,5
0.407,0.079,-0.323,5
0.457,-0.01,-0.412,5
0.316,0.02,-0.392,5
0.026,0.121,-0.353,5
-0.001,0.066,-0.24,5
0.136,-0.008,-0.112,5
0.178,-0.089,0.057,5
0.186,-0.124,0.129,5
0.185,-0.15,0.159,5
0.127,-0.135,0.225,5
0.084,-0.13,0.289,5
0.007,-0.087,0.342,5
-0.006,-0.039,0.342,5
-0.052,-0.027,0.312,5
-0.082,0.014,0.169,5
-0.073,0.056,0.018,5
-0.178,0.089,-0.095,4
-0.233,0.136,-0.167,5
-0.266,0.131,-0.249,5
-0.3,0.139,-0.285,5
-0.321,0.104,-0.338,5
-0.38,0.072,-0.39,5
-0.385,0.039,-0.36,5
-0.381,0.013,-0.242,5
-0.394,0.003,-0.093,5
-0.398,-0.069,-0.019,5
-0.306,-0.144,0.077,5
-0.246,-0.173,0.117,5
-0.182,-0.199,0.101,5
-0.142,-0.192,0.116,5
-0.115,-0.108,0.105,5
-0.117,-0.063,0.094,5
-0.027,-0.052,0.046,5
0.065,-0.004,-0.035,5
0.175,0.026,-0.109,5
0.187,0.049,-0.172,4
0.156,0.1,-0.141,5
0.222,0.082,-0.166,5
0.221,0.104,-0.356,5
0.251,0.097,-1.049,5
0.286,0.006,-0.586,5
0.081,0.134,0.032,5
0.017,0.121,0.084,5
0.166,0.005,-0.151,5
0.205,-0.102,-0.123,5
0.223,-0.105,0.052,5
0.123,-0.107,0.034,5
0.042,-0.058,-0.072,5
-0.116,-0.004,-0.112,5
-0.182,0.012,-0.032,5
-0.229,-0.009,0.078,5
-0.275,-0.082,0.238,5
-0.239,-0.061,0.279,5
-0.18,-0.162,0.393,5
-0.218,-0.193,0.565,4
-0.205,-0.26,0.724,5
-0.163,-0.32,0.703,5
-0.078,-0.258,0.641,5
-0.009,-0.262,0.616,5
0.072,-0.236,0.649,5
0.143,-0.204,0.576,5
0.124,-0.149,0.501,5
0.163,-0.065,0.451,5
0.216,-0.015,0.466,5
0.293,-0.014,0.406,5
0.449,-0.068,0.262,5
0.417,-0.005,0.008,5
-0.339,0.309,-0.281,5
-0.576,0.437,-0.718,5
0.028,0.299,-1.03,5
0.145,0.299,-1.134,5
0.118,0.398,-0.934,5
0.046,0.402,-0.711,5
0.024,0.374,-0.494,4
0.06,0.298,-0.341,5
0.011,0.221,-0.216,5
0.014,0.168,-0.121,5
-0.021,0.177,-0.075,5
-0.148,0.185,-0.015,5
-0.288,0.21,0.028,5
-0.371,0.21,0.008,5
-0.412,0.176,0.02,5
-0.371,0.094,-0.002,5
-0.351,0.054,-0.002,5
-0.307,0.006,0.04,5
-0.246,-0.002,0.109,5
-0.23,-0.006,0.094,5
-0.194,-0.001,0.076,5
-0.131,-0.001,0.111,5
-0.019,-0.053,0.023,5
0.085,-0.078,-0.035,5
0.115,-0.031,-0.096,5
0.095,0.01,-0.181,4
0.124,0.039,-0.219,5
0.146,0.074,-0.193,5
0.076,0.054,-0.139,5
0.116,0.005,-0.095,5
0.138,-0.003,-0.003,5
0.116,0.013,0.048,5
0.109,-0.013,0.133,5
0.063,-0.016,0.232,5
0.087,-0.036,0.261,5
0.108,-0.105,0.273,5
0.106,-0.103,0.254,5
0.121,-0.145,0.246,5
0.083,-0.186,0.247,5
0.084,-0.211,0.231,5
0.079,-0.211,0.148,5
0.067,-0.181,0.086,5
0.073,-0.193,0.034,5
0.066,-0.131,-0.007,5
0.064,-0.07,-0.02,5
0.079,-0.076,-0.086,4
0.105,-0.038,-0.117,5
0.086,-0.017,-0.122,5
0.095,0.001,-0.106,5
0.081,0.014,-0.073,5
0.051,0.008,-0.036,5
0.037,-0.009,-0.097,5
0.055,-0.047,-0.143,5
0.05,-0.068,-0.146,5
0.014,-0.066,-0.097,5
-0.046,-0.068,-0.027,5
-0.072,-0.065,-0.033,5
-0.091,-0.071,-0.012,5
-0.056,-0.051,-0.05,5
-0.059,-0.059,-0.105,5
-0.057,-0.04,-0.142,5
-0.064,0.01,-0.184,5
-0.01,-0.007,-0.217,5
0.02,0.023,-0.199,4
-0.016,0.046,-0.149,5
-0.018,0.111,-0.061,5
-0.012,0.134,-0.033,5
-0.015,0.095,-0.03,5
0.024,0.059,-0.001,5
0.022,0.053,-0.018,5
-0.023,0.048,0.004,5
-0.038,0.043,0.077,5
-0.06,-0.029,0.099,5
-0.006,-0.138,0.167,5
0.067,-0.18,0.271,5
0.017,-0.145,0.27,5
-0.096,-0.092,0.221,5
-0.043,-0.134,0.13,5
0.098,-0.216,0.147,5
0.192,-0.228,0.184,5
0.151,-0.171,0.213,5
0.157,-0.055,0.097,5
0.185,-0.006,0.035,4
0.201,0.024,0.058,5
0.181,0.034,0.099,5
0.193,0.074,0.076,5
0.165,0.053,-0.004,5
0.204,0.039,-0.003,5
0.205,0.018,0.061,5
0.176,0.025,0.128,5
0.133,0.057,0.111,5
0.093,0.021,0.121,5
0.05,0.04,0.036,5
0.04,0.032,0.019,5
0.019,-0.018,0.03,5
-0.017,-0.003,-0.041,5
-0.049,-0.011,-0.024,5
-0.023,-0.006,-0.026,5
-0.068,0.015,-0.036,5
-0.061,0.001,-0.032,5
-0.046,-0.011,-0.016,5
-0.063,-0.001,-0.014,4
-0.096,0.05,0.055,5
-0.095,0.083,0.067,5
-0.051,0.066,0.047,5
-0.08,0.034,0.051,5
-0.072,0.004,0.029,5
-0.056,0.026,0.017,5
-0.059,0.036,0.028,5
-0.014,0.028,-0.038,5
0.0,0.103,-0.073,5
0.047,0.079,-0.079,5
0.063,0.071,-0.14,5
0.096,0.077,-0.199,5
0.116,0.095,-0.214,5
0.148,0.112,-0.235,5
0.129,0.113,-0.268,5
0.09,0.132,-0.241,5
0.094,0.11,-0.148,5
0.093,0.095,-0.133,5
0.019,0.055,-0.158,4
-0.016,-0.01,-0.099,5
-0.015,-0.022,-0.038,5
-0.026,-0.024,-0.008,5
-0.062,-0.021,0.005,5
-0.082,-0.011,0.047,5
-0.091,-0.022,0.047,5
-0.043,-0.05,0.029,5
-0.052,-0.062,0.048,5
-0.003,-0.035,0.013,5
-0.033,-0.027,-0.044,5
0.004,-0.011,-0.048,5
0.025,-0.006,-0.03,5
-0.002,-0.04,-0.092,5
0.014,-0.07,-0.095,5
0.026,-0.08,-0.038,5
-0.015,-0.089,-0.022,5
-0.065,-0.102,-0.049,5
-0.054,-0.087,0.032,5
-0.049,-0.117,-0.009,4
-0.057,-0.136,-0.025,5
-0.068,-0.088,0.028,5
-0.044,-0.109,0.029,5
0.024,-0.163,-0.016,5
0.034,-0.159,0.019,5
0.057,-0.169,0.039,5
0.017,-0.144,0.07,5
-0.001,-0.099,0.106,5
0.011,-0.124,0.099,5
0.07,-0.111,0.055,5
0.05,-0.1,0.08,5
0.023,-0.09,0.102,5
0.034,-0.042,0.061,5
0.031,0.0,0.059,5
0.014,0.013,0.079,5
0.043,-0.005,0.054,5
0.073,-0.03,0.057,5
0.096,-0.018,0.043,5
0.125,-0.034,0.026,4
0.13,0.003,0.045,5
0.113,0.016,0.04,5
0.075,0.04,0.027,5
0.063,0.066,0.025,5
0.014,0.042,0.061,5
-0.012,0.038,0.025,5
-0.024,0.038,0.0,5
-0.013,0.043,0.074,5
-0.072,0.078,0.105,5
-0.06,0.083,0.06,5
-0.072,0.07,0.041,5
-0.064,0.054,0.041,5
-0.105,0.066,0.024,5
-0.121,0.085,-0.033,5
-0.113,0.072,-0.039,5
-0.11,0.104,-0.048,5
-0.077,0.102,-0.069,5
-0.07,0.092,-0.045,5
-0.037,0.061,-0.036,4
-0.02,0.059,0.053,5
0.028,0.053,0.03,5
0.056,0.056,0.045,5
0.028,0.094,0.031,5
0.013,0.072,0.041,5
0.011,0.077,0.054,5
0.045,0.065,0.04,5
-0.015,0.046,0.015,5
-0.009,0.05,0.026,5
-0.03,0.079,0.084,5
-0.044,0.075,0.14,5
-0.083,0.076,0.152,5
-0.061,0.039,0.154,5
-0.038,0.043,0.151,5
-0.056,0.026,0.119,5
0.009,0.015,0.085,5
0.021,0.009,0.047,5
-0.001,-0.021,0.016,5
-0.01,-0.032,-0.028,4
0.042,-0.042,-0.068,5
0.051,-0.033,-0.018,5
0.024,-0.034,0.047,5
0.043,-0.087,0.056,5
0.052,-0.061,0.046,5
0.033,-0.08,0.088,5
-0.008,-0.072,0.097,5
-0.011,-0.052,0.074,5
-0.001,-0.055,0.019,5
0.011,-0.054,-0.029,5
-0.037,-0.062,-0.086,5
-0.012,-0.038,-0.16,5
-0.006,-0.026,-0.174,5
0.002,0.002,-0.204,5
-0.01,-0.019,-0.162,5
-0.056,0.0,-0.159,5
-0.085,0.016,-0.151,5
-0.12,0.01,-0.166,5
-0.138,0.009,-0.124,4
-0.167,0.0,-0.141,5
-0.219,-0.012,-0.153,5
-0.206,-0.054,-0.138,5
-0.392,-0.005,-0.801,5
-0.262,0.085,-1.638,5
-0.249,-0.009,-0.169,5
-0.401,0.0,0.334,5
-0.339,-0.073,0.021,5
-0.12,-0.199,0.113,5
0.042,-0.36,0.473,5
0.115,-0.376,0.636,5
0.242,-0.334,0.435,5
0.248,-0.24,0.228,5
0.201,-0.095,0.106,5
0.207,-0.017,-0.046,5
0.221,0.031,-0.231,5
0.237,0.024,-0.454,5
0.231,0.0,-0.443,5
0.208,0.013,-0.459,4
0.174,0.024,-0.503,5
0.122,-0.016,-0.38,5
0.08,-0.062,-0.273,5
0.085,-0.129,-0.176,5
0.029,-0.18,0.004,5
0.03,-0.175,0.167,5
0.044,-0.205,0.405,5
0.053,-0.236,0.597,5
0.099,-0.234,0.675,5
0.093,-0.206,0.603,5
0.093,-0.22,0.534,5
0.109,-0.142,0.446,5
0.098,-0.046,0.359,5
0.075,0.018,0.219,5
-0.056,0.098,-0.039,5
-0.231,0.205,-0.414,5
-0.04,0.154,-0.821,5
0.096,0.095,-0.898,5
0.173,0.155,-0.826,4
0.151,0.204,-0.575,5
0.089,0.192,-0.354,5
0.011,0.181,-0.12,5
0.044,0.103,0.042,5
0.109,-0.01,0.133,5
0.141,-0.117,0.158,5
0.075,-0.135,0.19,5
0.033,-0.147,0.296,5
-0.056,-0.163,0.249,5
-0.11,-0.146,0.215,5
-0.172,-0.11,0.107,5
-0.246,-0.142,0.062,5
-0.307,-0.085,0.064,5
-0.35,-0.059,0.045,5
-0.414,0.006,0.053,5
-0.446,0.036,0.061,5
-0.397,0.088,0.046,5
-0.348,0.131,-0.005,5
-0.305,0.139,-0.086,4
-0.21,0.087,-0.155,5
-0.098,0.134,-0.174,5
0.036,0.142,-0.144,5
0.058,0.158,-0.116,5
0.087,0.159,-0.044,5
0.151,0.186,0.011,5
0.201,0.224,-0.045,5
0.193,0.219,-0.174,5
0.204,0.296,-0.265,5
0.218,0.318,-0.311,5
0.183,0.359,-0.272,5
0.187,0.375,-0.223,5
0.077,0.346,-0.239,5
0.203,0.208,-0.12,5
0.316,0.084,-0.108,5
0.293,0.084,-0.054,5
0.229,0.071,-0.135,5
0.224,0.017,-0.134,5
0.214,0.002,0.029,4
0.167,-0.002,0.134,5
0.159,-0.01,0.12,5
0.104,-0.039,0.052,5
0.05,-0.044,0.159,5
0.02,-0.07,0.242,5
-0.025,-0.084,0.291,5
-0.039,-0.08,0.271,5
-0.143,-0.115,0.269,5
-0.206,-0.086,0.26,5
-0.276,-0.086,0.29,5
-0.335,-0.095,0.364,5
-0.34,-0.094,0.491,5
-0.362,-0.14,0.559,5
-0.313,-0.131,0.619,5
-0.281,-0.148,0.652,5

# Completed @Sat May 02 15:44:36 GMT+08:00 2020
