# Accelerometer Data File
# Started @Sat May 02 15:50:03 GMT+08:00 2020
#
#
# sensor Vendor: BOSCH
# sensor Name: BMI160 Accelerometer
# sensor Resolution: 0.0023956299m/sec^2; Max Range: 156.9064; Min Delay: 5000 microseconds
# The sensor's attributes are the result hardware and the Android capabilities.
# It means that the Android may not utilize all features provided by the hardware.
#
# Some devices and Android versions save battery too much so the device may go to sleep.
# It just happens after couple of minutes from turning off the scree and it is easy to find it out.
#
# The following file provides the data from accelerometer in the m/s^2 format.
# The diff value is just a time delta between the samples
#
#
# data format:
# so we have 4 columns with values separated by the ","
# X,Y,Z,time_from_previous_sample(ms)

# sensor speed set to:FASTEST
# units set to: m/sec^2
# gravity  filtered out
# Accuracy: HIGH
0.712,-0.007,8.887,0
0.667,-0.002,7.959,4
0.678,-0.01,7.129,5
0.636,0.007,6.399,5
0.611,0.032,5.789,5
0.636,0.042,5.223,5
0.624,0.068,4.658,5
0.613,0.065,4.136,5
0.509,0.072,3.67,5
0.415,0.095,3.286,5
0.343,0.15,2.94,5
0.27,0.161,2.65,5
0.191,0.14,2.42,5
0.077,0.143,2.186,5
-0.003,0.133,1.938,5
-0.067,0.133,1.765,5
-0.073,0.128,1.602,5
-0.075,0.089,1.424,5
-0.015,0.072,1.351,5
-0.031,0.077,1.241,4
0.019,0.048,1.096,5
0.111,0.06,1.016,5
0.148,0.041,0.88,5
0.176,0.029,0.77,5
0.18,0.069,0.65,5
0.196,0.075,0.581,5
0.151,0.054,0.51,5
0.166,0.083,0.506,5
0.08,0.084,0.494,5
0.042,0.041,0.458,5
-0.013,0.015,0.49,5
-0.102,-0.011,0.492,5
-0.105,-0.01,0.473,5
-0.189,-0.013,0.473,5
-0.205,-0.055,0.469,5
-0.236,-0.11,0.452,5
-0.277,-0.099,0.484,5
-0.271,-0.093,0.462,5
-0.274,-0.105,0.446,4
-0.199,-0.078,0.418,5
-0.175,-0.074,0.368,5
-0.11,-0.067,0.279,5
-0.056,-0.069,0.213,5
0.022,-0.066,0.165,5
0.08,-0.029,0.101,5
0.15,0.003,0.074,5
0.13,0.037,0.045,5
0.07,0.072,0.036,5
0.05,0.074,0.067,5
0.028,0.057,0.052,5
0.016,0.039,0.102,5
-0.045,0.009,0.148,5
-0.053,-0.008,0.142,5
-0.078,-0.012,0.123,5
-0.105,-0.019,0.102,5
-0.064,-0.03,0.092,5
-0.07,-0.04,0.048,5
-0.076,-0.044,0.022,4
-0.038,-0.001,0.002,5
0.003,-0.005,-0.036,5
0.063,0.011,-0.058,5
0.091,0.023,-0.121,5
0.138,0.038,-0.07,5
0.176,0.051,-0.162,5
0.176,0.055,-0.146,5
0.188,0.049,-0.136,5
0.161,0.062,-0.113,5
0.127,0.055,-0.106,5
0.089,0.08,-0.074,5
0.007,0.059,-0.08,5
0.001,0.031,-0.028,5
0.001,0.015,-0.047,5
0.014,-0.007,-0.081,5
0.0,0.002,-0.021,5
-0.021,0.014,-0.054,5
-0.058,0.009,-0.039,5
-0.103,0.046,-0.04,4
-0.171,0.02,0.036,5
-0.192,0.031,-0.005,5
-0.186,0.067,-0.112,5
-0.197,0.051,-0.088,5
-0.135,0.016,-0.114,5
-0.13,0.049,-0.119,5
-0.108,0.035,-0.125,5
-0.08,0.019,-0.116,5
-0.033,-0.043,-0.079,5
0.012,-0.03,-0.032,5
0.015,-0.005,-0.072,5
0.083,-0.009,-0.056,5
0.1,-0.004,-0.124,5
0.12,0.004,-0.129,5
0.126,0.013,-0.167,5
0.152,0.072,-0.198,5
0.197,0.047,-0.226,5
0.216,0.034,-0.19,5
0.216,0.035,-0.188,4
0.229,0.044,-0.126,5
0.219,0.04,-0.092,5
0.227,0.031,-0.078,5
0.256,-0.001,-0.04,5
0.222,0.002,-0.066,5
0.212,-0.005,-0.06,5
0.161,0.02,-0.045,5
0.106,0.001,-0.041,5
0.1,0.013,-0.084,5
0.115,-0.017,-0.093,5
0.151,-0.011,-0.014,5
0.162,-0.049,-0.004,5
0.202,-0.022,-0.004,5
0.19,-0.046,0.004,5
0.206,-0.067,0.017,5
0.228,-0.069,0.045,5
0.166,-0.071,0.006,5
0.145,-0.094,0.053,4
0.148,-0.071,0.082,5
0.069,-0.081,0.061,5
0.019,-0.056,0.037,5
-0.069,-0.033,0.064,5
-0.118,-0.06,0.049,5
-0.089,-0.084,0.044,5
-0.101,-0.088,0.07,5
-0.108,-0.058,0.015,5
-0.158,-0.069,0.057,5
-0.138,-0.093,0.068,5
-0.132,-0.066,0.066,5
-0.111,-0.055,0.102,5
-0.043,-0.088,0.079,5
-0.013,-0.045,0.054,5
-0.016,-0.006,0.027,5
0.01,0.02,0.003,5
0.031,0.069,-0.036,5
0.002,0.071,-0.088,5
0.027,0.111,-0.092,4
0.051,0.152,-0.109,5
0.05,0.149,-0.106,5
0.04,0.147,-0.143,5
0.041,0.081,-0.111,5
0.024,0.081,-0.079,5
0.056,0.103,-0.045,5
0.024,0.08,0.002,5
0.004,0.068,0.057,5
0.013,0.057,-0.025,5
0.024,0.068,0.028,5
0.022,0.091,-0.012,5
-0.014,0.095,-0.033,5
0.012,0.081,-0.081,5
0.02,0.09,-0.086,5
0.052,0.094,-0.064,5
0.09,0.085,-0.092,5
0.133,0.106,-0.044,5
0.154,0.053,-0.001,5
0.156,0.021,-0.057,4
0.131,-0.001,-0.042,5
0.088,0.006,0.017,5
0.049,-0.019,0.037,5
-0.011,-0.009,0.042,5
-0.04,0.013,0.012,5
-0.045,0.003,0.002,5
-0.1,-0.031,0.001,5
-0.181,-0.019,0.019,5
-0.206,-0.026,-0.004,5
-0.237,0.002,0.0,5
-0.243,0.014,0.017,5
-0.249,0.034,-0.01,5
-0.207,0.031,-0.017,5
-0.186,0.054,-0.015,5
-0.176,0.096,0.058,5
-0.12,0.116,0.04,5
-0.09,0.143,0.01,5
-0.03,0.172,0.043,5
0.011,0.15,0.086,4
0.019,0.161,0.078,5
0.008,0.128,0.065,5
0.033,0.137,0.063,5
0.073,0.123,0.074,5
0.018,0.085,0.036,5
-0.009,0.115,0.028,5
-0.051,0.129,0.008,5
-0.028,0.116,-0.035,5
-0.056,0.1,-0.057,5
-0.024,0.095,-0.008,5
-0.017,0.081,-0.012,5
0.001,0.077,-0.006,5
-0.011,0.048,0.063,5
0.032,0.047,0.108,5
0.003,0.051,0.127,5
0.033,0.054,0.162,5
0.103,0.066,0.146,5
0.118,0.077,0.153,4
0.111,0.078,0.116,5
0.134,0.078,0.074,5
0.077,0.075,0.058,5
0.061,0.08,0.048,5
0.089,0.094,0.099,5
-0.026,0.114,0.106,5
-0.084,0.034,0.035,5
-0.089,0.031,0.088,5
-0.105,-0.002,0.096,5
-0.172,-0.023,0.138,5
-0.172,-0.029,0.137,5
-0.207,-0.061,0.132,5
-0.195,-0.093,0.166,5
-0.18,-0.097,0.227,5
-0.14,-0.109,0.174,5
-0.087,-0.085,0.152,5
-0.061,-0.098,0.103,5
-0.051,-0.088,0.088,5
-0.002,-0.066,0.049,5
0.027,-0.047,0.035,4
0.067,-0.076,0.023,5
0.074,-0.073,-0.03,5
0.109,-0.079,-0.023,5
0.171,-0.118,-0.016,5
0.193,-0.128,-0.044,5
0.204,-0.128,-0.005,5
0.188,-0.106,-0.065,5
0.199,-0.113,-0.089,5
0.127,-0.119,-0.123,5
0.093,-0.077,-0.111,5
0.11,-0.035,-0.181,5
0.116,-0.018,-0.245,5
0.104,-0.003,-0.251,5
0.051,0.022,-0.243,5
0.058,0.02,-0.249,5
0.061,-0.016,-0.202,5
0.033,-0.023,-0.208,5
0.047,0.004,-0.157,4
0.025,-0.025,-0.089,5
0.023,-0.027,-0.067,5
0.046,-0.02,-0.035,5
0.016,-0.039,-0.001,5
0.018,-0.053,0.024,5
-0.004,-0.103,0.065,5
-0.025,-0.076,0.084,5
-0.07,-0.051,0.084,5
-0.072,-0.054,0.063,5
-0.073,-0.058,0.078,5
-0.079,-0.047,0.074,5
-0.062,-0.025,0.002,5
-0.051,-0.066,0.011,5
-0.012,-0.029,0.005,5
0.075,-0.039,-0.055,5
0.102,-0.014,-0.079,5
0.122,-0.012,-0.02,5
0.088,-0.007,-0.035,5
0.083,-0.032,-0.04,4
0.088,-0.003,-0.023,5
0.053,0.005,-0.008,5
0.035,0.0,0.009,5
0.061,-0.025,-0.004,5
0.064,-0.048,0.022,5
0.006,-0.073,0.045,5
-0.041,-0.057,0.054,5
-0.054,-0.039,0.009,5
-0.105,-0.022,-0.003,5
-0.103,0.005,-0.003,5
-0.097,-0.02,-0.007,5
-0.139,-0.031,-0.002,5
-0.129,-0.011,0.01,5
-0.108,0.011,0.044,5
-0.101,-0.024,0.056,5
-0.087,-0.034,0.064,5
-0.052,-0.052,0.023,5
-0.008,-0.077,0.033,5
-0.024,-0.087,0.09,4
-0.018,-0.078,0.077,5
-0.003,-0.066,0.043,5
-0.003,-0.046,0.061,5
-0.015,-0.016,0.063,5
-0.005,-0.048,0.061,5
-0.03,-0.013,0.042,5
-0.036,-0.012,0.029,5
-0.058,0.027,-0.012,5
-0.061,0.042,-0.015,5
-0.033,0.029,0.02,5
-0.021,-0.003,-0.02,5
-0.036,-0.012,-0.013,5
-0.037,0.023,-0.042,5
-0.029,0.025,-0.029,5
-0.043,0.031,-0.022,5
-0.047,0.019,-0.024,5
-0.008,0.047,-0.034,5
-0.003,0.03,-0.022,5
0.014,0.044,-0.024,4
0.004,0.044,-0.056,5
0.012,0.035,-0.038,5
0.002,0.04,0.017,5
-0.032,0.036,0.015,5
-0.037,0.015,0.013,5
-0.051,0.044,-0.043,5
-0.033,0.052,-0.064,5
-0.034,0.077,-0.084,5
-0.108,0.091,-0.11,5
-0.162,0.099,-0.099,5
-0.111,0.089,-0.054,5
-0.074,0.05,-0.023,5
-0.062,0.036,-0.008,5
-0.06,0.071,-0.05,5
0.027,0.051,-0.041,5
0.059,0.025,-0.054,5
0.048,0.048,-0.083,5
0.052,0.073,-0.057,4
0.021,0.062,-0.108,5
0.023,0.047,-0.131,5
0.068,0.02,-0.096,5
0.057,0.027,-0.13,5
0.056,0.046,-0.143,5
0.046,0.041,-0.128,5
0.045,0.015,-0.154,5
0.011,0.044,-0.126,5
0.018,0.035,-0.113,5
0.042,0.006,-0.05,5
0.038,-0.002,0.014,5
0.008,0.005,0.0,5
-0.022,0.005,-0.008,5
-0.024,-0.008,0.022,5
-0.047,-0.015,0.059,5
-0.094,0.015,0.057,5
-0.076,-0.028,0.004,5
-0.043,-0.017,0.003,5
-0.056,-0.024,0.046,4
-0.067,-0.008,0.067,5
-0.026,-0.003,0.074,5
-0.006,-0.007,0.092,5
-0.001,-0.019,0.091,5
0.024,-0.026,0.043,5
0.06,-0.023,0.043,5
0.063,0.017,0.06,5
0.112,0.007,0.067,5
0.144,0.002,0.056,5
0.151,0.001,0.029,5
0.132,-0.011,0.013,5
0.144,-0.001,0.033,5
0.173,-0.014,0.06,5
0.147,-0.021,0.02,5
0.188,-0.01,0.039,5
0.191,0.016,0.044,5
0.12,-0.006,0.035,5
0.095,0.002,-0.002,5
0.047,0.015,-0.019,4
0.021,0.03,-0.073,5
0.014,0.032,-0.036,5
-0.004,0.063,-0.01,5
-0.038,0.022,-0.031,5
-0.025,0.028,0.023,5
-0.01,0.0,0.046,5
0.0,-0.012,0.055,5
-0.03,-0.02,0.14,5
-0.018,-0.018,0.117,5
-0.068,-0.063,0.148,5
-0.087,-0.065,0.129,5
-0.1,-0.072,0.142,5
-0.146,-0.047,0.055,5
-0.166,-0.03,0.053,5
-0.201,-0.009,0.005,5
-0.22,0.0,-0.055,5
-0.21,0.055,-0.097,5
-0.22,0.041,-0.096,5
-0.198,0.046,-0.103,4
-0.109,0.05,-0.08,5
-0.089,0.045,-0.046,5
-0.05,0.066,-0.033,5
-0.036,0.094,-0.029,5
-0.003,0.089,-0.048,5
-0.028,0.067,-0.039,5
-0.064,0.073,-0.061,5
-0.014,0.066,-0.055,5
-0.035,0.089,-0.088,5
-0.066,0.085,-0.058,5
-0.068,0.08,-0.069,5
-0.074,0.068,-0.045,5
-0.101,0.035,-0.075,5
-0.091,0.04,-0.007,5
-0.077,0.066,0.023,5
-0.087,0.034,0.029,5
-0.091,0.022,-0.007,5
-0.069,0.015,0.062,5
-0.045,-0.007,0.116,4
-0.006,-0.006,0.052,5
0.046,0.002,0.064,5
0.054,-0.006,0.058,5
0.07,-0.001,0.082,5
0.132,-0.022,0.104,5
0.175,-0.037,0.141,5
0.179,-0.02,0.144,5
0.204,-0.044,0.143,5
0.162,-0.018,0.133,5
0.163,-0.021,0.111,5
0.104,-0.006,0.13,5
0.08,0.016,0.143,5
0.012,0.014,0.163,5
-0.062,-0.008,0.155,5
-0.09,-0.012,0.174,5
-0.193,0.006,0.182,5
-0.243,-0.011,0.207,5
-0.27,-0.014,0.191,4
-0.208,-0.06,0.249,5
-0.239,-0.063,0.216,5
-0.254,-0.074,0.267,5
-0.216,-0.07,0.262,5
-0.19,-0.068,0.219,5
-0.115,-0.065,0.21,5
-0.116,-0.08,0.167,5
-0.096,-0.085,0.12,5
-0.047,-0.072,0.099,5
-0.043,-0.078,0.059,5
-0.034,-0.061,-0.006,5
0.033,-0.059,-0.031,5
0.034,-0.053,-0.045,5
0.056,-0.052,-0.105,5
0.111,-0.047,-0.099,5
0.113,-0.034,-0.106,5
0.119,-0.004,-0.122,5
0.15,-0.034,-0.118,5
0.126,-0.031,-0.11,4
0.148,0.032,-0.104,5
0.094,0.029,-0.115,5
0.02,0.017,-0.151,5
-0.011,0.011,-0.136,5
-0.053,0.006,-0.174,5
-0.095,0.039,-0.143,5
-0.176,0.053,-0.116,5
-0.111,0.052,-0.1,5
-0.074,0.042,-0.116,5
-0.075,0.042,-0.126,5
-0.033,0.038,-0.044,5
0.043,0.047,-0.113,5
0.103,0.034,-0.093,5
0.144,0.035,-0.105,5
0.164,0.044,-0.146,5
0.195,0.083,-0.119,5
0.206,0.1,-0.189,5
0.271,0.064,-0.204,5
0.248,0.079,-0.179,4
0.232,0.041,-0.153,5
0.213,0.067,-0.159,5
0.231,0.103,-0.096,5
0.19,0.084,-0.06,5
0.158,0.054,-0.037,5
0.16,0.036,-0.081,5
0.131,0.028,-0.012,5
0.122,0.017,-0.011,5
0.084,0.023,-0.005,5
0.097,-0.004,0.024,5
0.079,0.0,0.013,5
0.075,-0.021,-0.004,5
0.089,-0.01,-0.008,5
0.11,-0.026,0.022,5
0.103,-0.062,0.015,5
0.084,-0.034,0.009,5
0.072,-0.052,-0.004,5
0.051,-0.082,0.048,5
0.016,-0.078,0.082,4
0.032,-0.109,0.073,5
-0.031,-0.106,0.032,5
-0.058,-0.078,0.063,5
-0.031,-0.066,0.087,5
-0.006,-0.081,0.056,5
-0.018,-0.047,0.042,5
-0.077,-0.051,0.055,5
-0.121,-0.054,-0.01,5
-0.091,-0.036,-0.005,5
-0.108,-0.019,-0.017,5
-0.093,-0.026,-0.028,5
-0.083,-0.041,-0.004,5
-0.097,-0.024,0.0,5
-0.104,-0.03,0.017,5
-0.128,-0.035,0.003,5
-0.193,-0.053,0.011,5
-0.161,-0.039,0.036,5
-0.153,-0.057,0.036,4
-0.164,-0.055,0.054,5
-0.212,-0.054,0.023,5
-0.234,-0.066,-0.035,5
-0.206,-0.038,-0.009,5
-0.224,-0.03,0.029,5
-0.219,-0.005,-0.011,5
-0.214,0.007,-0.006,5
-0.236,-0.023,0.041,5
-0.186,-0.029,0.02,5
-0.146,-0.017,-0.003,5
-0.097,0.001,-0.011,5
-0.018,0.001,-0.023,5
0.017,-0.011,-0.051,5
0.054,0.01,-0.097,5
0.1,-0.003,-0.062,5
0.146,0.053,-0.081,5
0.175,0.056,-0.103,5
0.187,0.063,-0.11,5
0.22,0.061,-0.147,4
0.254,0.072,-0.158,5
0.276,0.039,-0.176,5
0.313,0.052,-0.137,5
0.333,0.047,-0.166,5
0.339,0.025,-0.137,5
0.318,0.01,-0.14,5
0.312,0.03,-0.122,5
0.272,0.036,-0.14,5
0.266,0.032,-0.113,5
0.227,0.02,-0.063,5
0.178,-0.011,-0.022,5
0.173,-0.001,-0.041,5
0.143,0.002,-0.016,5
0.081,-0.014,0.002,5
0.069,0.025,-0.031,5
0.088,0.01,-0.076,5
0.07,0.004,-0.042,5
0.029,0.038,-0.098,5
0.056,0.03,-0.071,4
0.016,0.01,-0.029,5
0.01,-0.008,0.037,5
0.009,-0.028,0.042,5
0.008,-0.021,0.064,5
0.037,-0.04,0.074,5
0.025,-0.002,0.071,5
-0.011,0.006,0.077,5
-0.066,-0.024,0.061,5
-0.128,-0.026,0.063,5
-0.146,-0.002,0.104,5
-0.178,0.011,0.068,5
-0.208,-0.007,0.009,5
-0.243,-0.006,0.0,5
-0.253,-0.014,0.034,5
-0.28,-0.034,0.061,5
-0.325,-0.039,0.063,5
-0.305,-0.022,0.113,5
-0.279,-0.003,0.123,5
-0.26,-0.007,0.068,4
-0.186,0.006,0.061,5
-0.159,0.035,0.025,5
-0.113,0.066,0.013,5
-0.063,0.077,0.038,5
-0.065,0.039,0.008,5
-0.08,0.078,-0.009,5
-0.072,0.053,-0.029,5
-0.069,0.061,0.003,5
-0.006,0.05,0.015,5
-0.036,0.015,0.022,5
-0.045,-0.003,-0.009,5
-0.036,-0.011,-0.034,5
-0.063,-0.019,-0.048,5
-0.035,-0.034,-0.043,5
-0.066,-0.026,-0.06,5
-0.085,-0.002,-0.02,5
-0.02,0.036,-0.069,5
-0.031,0.054,-0.084,4
0.018,0.061,-0.08,5
0.064,0.025,-0.05,5
0.105,0.031,-0.071,5
0.142,0.045,-0.06,5
0.136,0.049,-0.015,5
0.148,0.053,0.012,5
0.189,0.035,-0.006,5
0.188,0.027,-0.009,5
0.199,0.003,-0.052,5
0.239,0.024,-0.016,5
0.22,0.017,-0.01,5
0.193,0.024,-0.057,5
0.157,0.03,-0.115,5
0.158,0.044,-0.138,5
0.134,0.031,-0.129,5
0.146,0.006,-0.112,5
0.14,0.019,-0.118,5
0.122,0.03,-0.14,5
0.088,-0.007,-0.148,4
0.049,-0.015,-0.103,5
0.044,-0.022,-0.011,5
0.018,-0.037,0.002,5
-0.009,0.005,0.011,5
-0.047,-0.012,0.066,5
-0.072,-0.011,0.055,5
-0.091,0.002,0.066,5
-0.094,0.024,0.051,5
-0.115,0.025,0.119,5
-0.142,0.057,0.094,5
-0.206,0.082,0.05,5
-0.176,0.048,0.11,5
-0.206,0.082,0.133,5
-0.129,0.091,0.107,5
-0.06,0.064,0.118,5
-0.08,0.066,0.11,5
-0.012,0.09,0.099,5
0.053,0.111,0.068,5
0.087,0.121,0.005,4
0.134,0.131,-0.038,5
0.172,0.161,-0.073,5
0.185,0.166,-0.143,5
0.166,0.184,-0.142,5
0.163,0.166,-0.114,5
0.112,0.214,-0.06,5
0.096,0.175,-0.006,5
0.108,0.166,-0.014,5
0.046,0.171,0.034,5
0.024,0.115,0.129,5
-0.008,0.099,0.198,5
0.009,0.089,0.217,5
0.017,0.037,0.226,5
0.028,0.029,0.207,5
0.073,0.035,0.217,5
0.083,0.074,0.208,5
0.066,0.075,0.217,5
0.05,0.102,0.178,5
0.106,0.105,0.156,4
0.13,0.137,0.076,5
0.121,0.188,0.081,5
0.117,0.191,0.047,5
0.084,0.206,0.021,5
0.101,0.212,0.036,5
0.113,0.242,0.101,5
0.106,0.218,0.087,5
0.143,0.217,0.134,5
0.12,0.183,0.185,5
0.108,0.186,0.24,5
0.097,0.18,0.293,5
0.044,0.218,0.303,5
0.005,0.218,0.316,5
-0.025,0.205,0.288,5
-0.026,0.219,0.234,5
-0.114,0.205,0.184,5
-0.116,0.168,0.183,5
-0.152,0.181,0.165,4
-0.179,0.18,0.17,5
-0.127,0.145,0.157,5
-0.041,0.1,0.128,5
-0.002,0.068,0.085,5
0.092,0.04,0.047,5
0.212,0.014,0.0,5
0.307,-0.012,-0.073,5
0.362,-0.024,-0.204,5
0.438,-0.013,-0.261,5
0.485,-0.024,-0.381,5
0.522,0.012,-0.477,5
0.565,0.01,-0.468,5
0.612,-0.024,-0.477,5
0.667,-0.009,-0.451,5
0.613,0.013,-0.44,5
0.569,0.0,-0.422,5
0.508,-0.039,-0.363,5
0.392,-0.044,-0.296,5
0.215,-0.082,-0.228,4
0.073,-0.091,-0.132,5
-0.08,-0.099,-0.136,5
-0.313,-0.128,-0.023,5
-0.454,-0.107,0.181,5
-0.629,-0.096,0.249,5
-0.803,-0.052,0.336,5
-0.951,-0.008,0.324,5
-0.938,-0.046,0.158,5
-1.038,-0.024,0.125,5
-1.128,0.072,0.328,5
-1.08,0.117,0.334,5
-1.066,0.092,0.395,5
-1.007,0.061,0.394,5
-0.872,0.038,0.351,5
-0.754,0.0,0.363,5
-0.701,-0.03,0.352,5
-0.617,0.007,0.395,5
-0.564,0.036,0.368,5
-0.529,0.058,0.267,4
-0.451,0.031,0.145,5
-0.401,0.015,0.023,5
-0.357,0.0,-0.056,5
-0.282,-0.012,-0.115,5
-0.237,0.01,-0.129,5
-0.17,-0.042,-0.151,5
-0.127,-0.046,-0.123,5
-0.17,-0.05,-0.063,5
-0.071,-0.127,-0.173,5
0.103,-0.187,-0.371,5
0.213,-0.25,-0.291,5
0.201,-0.299,-0.193,5
0.111,-0.273,-0.087,5
0.074,-0.25,-0.014,5
0.106,-0.268,-0.073,5
0.082,-0.293,-0.074,5
0.078,-0.32,-0.041,5
0.105,-0.318,-0.058,4
0.034,-0.32,-0.074,5
0.018,-0.306,-0.101,5
0.024,-0.262,-0.078,5
-0.003,-0.227,-0.053,5
-0.003,-0.252,-0.069,5
0.01,-0.214,-0.04,5
-0.016,-0.214,-0.067,5
-0.023,-0.201,-0.047,5
-0.09,-0.198,0.017,5
-0.102,-0.165,0.024,5
-0.105,-0.162,0.06,5
-0.056,-0.15,0.08,5
-0.033,-0.109,0.145,5
-0.077,-0.107,0.131,5
-0.086,-0.044,0.07,5
-0.035,-0.027,0.016,5
-0.018,-0.002,-0.015,5
0.0,0.014,-0.1,5
0.056,0.034,-0.133,4
0.102,0.074,-0.197,5
0.182,0.092,-0.294,5
0.246,0.1,-0.312,5
0.299,0.094,-0.315,5
0.329,0.132,-0.326,5
0.339,0.115,-0.337,5
0.426,0.103,-0.359,5
0.478,0.132,-0.358,5
0.529,0.144,-0.421,5
0.524,0.151,-0.405,5
0.549,0.162,-0.437,5
0.541,0.18,-0.445,5
0.522,0.201,-0.478,5
0.47,0.207,-0.478,5
0.44,0.216,-0.434,5
0.43,0.22,-0.43,5
0.348,0.215,-0.447,5
0.335,0.194,-0.424,4
0.258,0.179,-0.433,5
0.142,0.174,-0.416,5
0.067,0.169,-0.383,5
0.043,0.157,-0.405,5
0.004,0.137,-0.399,5
-0.034,0.136,-0.376,5
-0.052,0.126,-0.312,5
-0.025,0.118,-0.329,5
-0.053,0.106,-0.287,5
-0.043,0.1,-0.284,5
-0.03,0.068,-0.277,5
-0.014,0.066,-0.262,5
0.012,0.046,-0.21,5
0.028,0.029,-0.103,5
0.043,0.047,-0.08,5
0.073,0.077,0.001,5
0.07,0.078,0.117,5
0.08,0.074,0.114,5
0.05,0.032,0.223,5
0.032,0.016,0.222,4
-0.048,0.019,0.23,5
-0.129,0.025,0.267,5
-0.163,0.04,0.301,5
-0.238,0.014,0.305,5
-0.287,-0.046,0.288,5
-0.323,-0.068,0.336,5
-0.359,-0.061,0.393,5
-0.341,-0.089,0.449,5
-0.268,-0.097,0.464,5
-0.241,-0.109,0.452,5
-0.174,-0.102,0.446,5
-0.118,-0.148,0.431,5
-0.02,-0.138,0.379,5
0.029,-0.145,0.376,5
0.095,-0.135,0.338,5
0.159,-0.07,0.283,5
0.255,-0.071,0.181,5
0.294,-0.056,0.085,4
0.312,-0.028,-0.03,5
0.367,0.017,-0.191,5
0.347,0.058,-0.228,5
0.308,0.095,-0.248,5
0.191,0.081,-0.197,5
0.155,0.116,-0.117,5
0.144,0.1,-0.054,5
0.116,0.069,0.046,5
0.105,0.01,0.157,5
0.042,-0.046,0.271,5
-0.03,-0.102,0.382,5
-0.087,-0.156,0.546,5
-0.134,-0.192,0.69,5
-0.224,-0.194,0.754,5
-0.314,-0.153,0.92,5
-0.451,-0.16,1.048,5
-0.634,-0.083,1.189,5
-0.864,-0.049,1.419,4
-1.1,0.002,1.669,5
-1.374,0.105,1.937,5
-1.551,0.185,2.127,5
-1.547,0.223,2.238,5
-1.418,0.17,2.16,5
-1.104,0.028,1.94,5
-0.666,-0.18,1.612,5
-0.172,-0.455,1.235,5
0.258,-0.621,0.806,5
0.646,-0.744,0.458,5
1.021,-0.803,0.266,5
1.302,-0.714,0.088,5
1.499,-0.574,-0.075,5
1.642,-0.439,-0.192,5
1.853,-0.352,-0.38,5
1.909,-0.286,-0.484,5
1.916,-0.253,-0.492,5
1.811,-0.237,-0.408,4
1.604,-0.209,-0.363,5
1.215,-0.222,-0.318,5
0.835,-0.247,-0.415,5
0.488,-0.244,-0.486,5
0.065,-0.228,-0.519,5
-0.247,-0.236,-0.631,5
-0.459,-0.212,-0.779,5
-0.607,-0.139,-0.826,5
-0.706,-0.112,-0.795,5
-0.799,-0.101,-0.793,5
-0.805,-0.099,-0.77,5
-0.789,-0.141,-0.731,5
-0.758,-0.179,-0.714,5
-0.622,-0.23,-0.682,5
-0.413,-0.28,-0.73,5
-0.242,-0.256,-0.795,5
-0.136,-0.235,-0.754,5
0.019,-0.259,-0.734,5
0.129,-0.297,-0.747,4
0.301,-0.328,-0.694,5
0.263,-0.312,-0.754,5
0.241,-0.316,-0.515,5
0.303,-0.362,-0.265,5
0.302,-0.433,-0.247,5
0.126,-0.528,0.018,5
0.066,-0.621,0.245,5
-0.259,-0.624,0.53,5
-0.405,-0.639,0.723,5
-0.507,-0.696,0.784,5
-0.56,-0.768,0.874,5
-0.598,-0.709,0.877,5
-0.685,-0.689,0.729,5
-0.685,-0.676,0.565,5
-0.656,-0.63,0.392,5
-0.607,-0.516,0.228,5
-0.486,-0.442,0.136,5
-0.291,-0.351,0.054,5
-0.033,-0.229,-0.033,4
0.167,-0.146,-0.202,5
0.357,-0.054,-0.358,5
0.511,0.033,-0.486,5
0.602,0.085,-0.515,5
0.615,0.094,-0.55,5
0.506,0.162,-0.52,5
0.374,0.219,-0.412,5
0.224,0.154,-0.272,5
0.008,0.095,-0.059,5
-0.1,0.103,0.075,5
-0.167,0.037,0.188,5
-0.349,-0.026,0.204,5
-0.478,-0.08,0.114,5
-0.507,-0.128,0.086,5
-0.573,-0.188,0.021,5
-0.524,-0.217,-0.019,5
-0.511,-0.208,-0.047,5
-0.39,-0.204,-0.12,4
-0.231,-0.248,-0.164,5
-0.022,-0.293,-0.307,5
0.212,-0.302,-0.449,5
0.389,-0.272,-0.516,5
0.496,-0.223,-0.533,5
0.55,-0.127,-0.622,5
0.555,-0.076,-0.642,5
0.556,-0.034,-0.62,5
0.535,0.003,-0.632,5
0.498,0.059,-0.594,5
0.375,0.113,-0.492,5
0.269,0.102,-0.447,5
0.173,0.109,-0.324,5
0.104,0.081,-0.124,5
0.111,0.064,0.013,5
0.134,-0.023,0.054,5
0.185,-0.06,0.109,5
0.21,-0.071,0.064,5
0.189,-0.051,0.044,4
0.2,0.027,-0.015,5
0.176,0.119,-0.018,5
0.141,0.245,-0.063,5
0.118,0.336,-0.208,5
0.093,0.423,-0.299,5
0.105,0.528,-0.36,5
0.052,0.574,-0.406,5
0.072,0.598,-0.464,5
0.078,0.62,-0.521,5
0.062,0.623,-0.546,5
0.133,0.569,-0.539,5
0.18,0.56,-0.528,5
0.209,0.538,-0.54,5
0.262,0.484,-0.49,5
0.192,0.44,-0.424,5
0.134,0.418,-0.33,5
0.108,0.393,-0.271,5
0.006,0.431,-0.196,5
-0.01,0.466,0.055,4
0.054,0.415,0.097,5
0.122,0.356,0.01,5
0.256,0.312,-0.098,5
0.347,0.336,-0.149,5
0.355,0.333,-0.22,5
0.311,0.36,-0.271,5
0.245,0.423,-0.356,5
0.195,0.467,-0.381,5
0.107,0.498,-0.356,5
0.048,0.5,-0.238,5
0.035,0.57,-0.188,5
-0.041,0.539,-0.1,5
-0.08,0.425,-0.065,5
0.009,0.335,0.019,5
0.025,0.288,0.073,5
0.092,0.234,0.087,5
0.061,0.253,0.113,5
0.076,0.275,0.131,5
0.099,0.256,0.049,4
0.046,0.274,-0.067,5
0.011,0.324,-0.207,5
-0.011,0.356,-0.341,5
-0.074,0.428,-0.453,5
-0.08,0.497,-0.516,5
-0.089,0.59,-0.598,5
-0.175,0.626,-0.585,5
-0.157,0.632,-0.639,5
-0.124,0.638,-0.601,5
-0.133,0.621,-0.545,5
-0.094,0.55,-0.516,5
-0.024,0.564,-0.486,5
-0.039,0.521,-0.412,5
0.007,0.529,-0.383,5
0.028,0.498,-0.319,5
-0.013,0.465,-0.287,5
-0.055,0.479,-0.293,4
-0.14,0.439,-0.272,5
-0.147,0.426,-0.301,5
-0.223,0.474,-0.314,5
-0.287,0.499,-0.3,5
-0.374,0.497,-0.239,5
-0.376,0.473,-0.224,5
-0.304,0.443,-0.215,5
-0.329,0.373,-0.184,5
-0.27,0.331,-0.084,5
-0.209,0.281,0.014,5
-0.128,0.218,0.15,5
-0.076,0.149,0.243,5
-0.004,0.142,0.275,5
0.082,0.137,0.325,5
0.1,0.08,0.396,5
0.064,0.037,0.425,5
0.019,-0.017,0.486,5
-0.034,-0.02,0.549,5
-0.108,-0.048,0.615,4
-0.201,-0.056,0.674,5
-0.31,-0.055,0.671,5
-0.374,-0.075,0.613,5
-0.384,-0.067,0.59,5
-0.414,-0.121,0.6,5
-0.39,-0.152,0.57,5
-0.347,-0.124,0.561,5
-0.295,-0.197,0.565,5
-0.226,-0.255,0.577,5
-0.191,-0.234,0.61,5
-0.146,-0.228,0.596,5
-0.088,-0.218,0.631,5
-0.015,-0.196,0.616,5
0.051,-0.168,0.576,5
0.106,-0.16,0.522,5
0.082,-0.152,0.41,5
0.078,-0.128,0.386,5
0.04,-0.141,0.326,5
0.036,-0.166,0.293,4
-0.001,-0.158,0.337,5
-0.065,-0.138,0.32,5
-0.128,-0.154,0.353,5
-0.231,-0.139,0.382,5
-0.376,-0.12,0.499,5
-0.481,-0.147,0.578,5
-0.566,-0.214,0.633,5
-0.579,-0.249,0.737,5
-0.581,-0.245,0.931,5
-0.54,-0.29,1.049,5
-0.452,-0.347,1.112,5
-0.501,-0.39,1.233,5
-0.438,-0.458,1.313,5
-0.355,-0.507,1.418,5
-0.294,-0.594,1.496,5
-0.17,-0.673,1.437,5
-0.11,-0.735,1.25,5
0.09,-0.838,0.897,5
0.361,-0.883,0.449,4
0.627,-0.838,-0.03,5
0.883,-0.638,-0.51,5
1.1,-0.415,-0.799,5
1.223,-0.179,-1.003,5
1.308,0.036,-1.14,5
1.31,0.205,-1.061,5
1.24,0.352,-0.769,5
1.116,0.403,-0.334,5
0.87,0.384,0.103,5
0.632,0.255,0.459,5
0.367,0.053,0.723,5
0.145,-0.201,0.923,5
-0.024,-0.427,0.934,5
-0.207,-0.569,0.857,5
-0.346,-0.663,0.81,5
-0.436,-0.648,0.669,5
-0.539,-0.519,0.52,5
-0.58,-0.342,0.287,5
-0.565,-0.148,-0.029,4
-0.465,-0.004,-0.337,5
-0.38,0.103,-0.635,5
-0.238,0.196,-0.817,5
-0.085,0.306,-0.864,5
-0.038,0.323,-0.86,5
0.146,0.363,-0.744,5
0.265,0.383,-0.579,5
0.372,0.375,-0.443,5
0.43,0.346,-0.313,5
0.503,0.29,-0.212,5
0.526,0.162,-0.165,5
0.357,0.051,-0.093,5
0.209,-0.001,-0.01,5
0.067,-0.044,0.119,5
-0.115,-0.083,0.245,5
-0.28,-0.113,0.281,5
-0.377,-0.196,0.205,5
-0.469,-0.285,0.064,5
-0.499,-0.39,0.04,4
-0.518,-0.428,0.028,5
-0.514,-0.489,0.098,5
-0.471,-0.496,0.11,5
-0.368,-0.515,0.073,5
-0.288,-0.524,0.035,5
-0.207,-0.515,0.002,5
-0.105,-0.472,-0.01,5
0.129,-0.472,-0.1,5
0.275,-0.459,-0.163,5
0.325,-0.383,-0.177,5
0.388,-0.336,-0.211,5
0.401,-0.32,-0.125,5
0.373,-0.279,-0.069,5
0.314,-0.229,-0.097,5
0.197,-0.219,-0.087,5
0.031,-0.21,-0.074,5
-0.127,-0.189,-0.049,5
-0.278,-0.188,-0.014,4
-0.418,-0.173,-0.013,5
-0.536,-0.113,-0.037,5
-0.676,-0.11,-0.09,5
-0.738,-0.069,-0.128,5
-0.715,-0.01,-0.167,5
-0.674,0.003,-0.228,5
-0.585,0.007,-0.364,5
-0.458,0.019,-0.405,5
-0.347,0.039,-0.442,5
-0.261,0.074,-0.489,5
-0.114,0.114,-0.526,5
-0.046,0.132,-0.577,5
0.061,0.166,-0.631,5
0.175,0.189,-0.745,5
0.214,0.191,-0.778,5
0.214,0.189,-0.752,5
0.188,0.192,-0.814,5
0.195,0.164,-0.668,5
0.206,0.126,-0.627,4
0.159,0.087,-0.543,5
0.113,0.049,-0.407,5
0.145,-0.003,-0.34,5
0.113,-0.05,-0.233,5
0.033,-0.114,-0.093,5
0.042,-0.18,-0.015,5
0.042,-0.218,0.012,5
0.025,-0.243,0.032,5
-0.037,-0.249,0.132,5
-0.055,-0.259,0.132,5
-0.053,-0.207,-0.014,5
-0.078,-0.203,-0.043,5
-0.062,-0.174,-0.129,5
-0.051,-0.135,-0.232,5
-0.055,-0.092,-0.274,5
-0.062,0.033,-0.259,5
0.017,0.099,-0.306,5
0.045,0.106,-0.409,4
0.096,0.121,-0.472,5
0.151,0.135,-0.472,5
0.175,0.177,-0.451,5
0.226,0.228,-0.345,5
0.247,0.21,-0.28,5
0.274,0.202,-0.222,5
0.294,0.177,-0.226,5
0.269,0.185,-0.238,5
0.263,0.184,-0.253,5
0.207,0.196,-0.227,5
0.096,0.228,-0.166,5
0.017,0.231,-0.197,5
-0.061,0.234,-0.241,5
-0.059,0.245,-0.243,5
-0.097,0.229,-0.206,5
-0.182,0.219,-0.138,5
-0.198,0.197,-0.089,5
-0.247,0.168,-0.085,5
-0.33,0.156,0.022,4
-0.34,0.153,0.114,5
-0.358,0.116,0.15,5
-0.305,0.092,0.187,5
-0.214,0.078,0.173,5
-0.158,0.083,0.121,5
-0.112,0.083,0.143,5
-0.058,0.041,0.124,5
0.029,0.101,0.099,5
0.035,0.069,0.016,5
0.079,0.149,0.001,5
0.071,0.181,-0.007,5
0.038,0.184,0.006,5
0.051,0.222,0.001,5
0.024,0.286,-0.054,5
-0.089,0.343,-0.036,5
-0.119,0.339,0.019,5
-0.18,0.348,0.043,5
-0.244,0.313,0.137,5
-0.267,0.299,0.115,4
-0.292,0.256,0.211,5
-0.263,0.201,0.315,5
-0.236,0.142,0.391,5
-0.191,0.084,0.404,5
-0.176,0.028,0.393,5
-0.133,-0.004,0.453,5
-0.068,0.043,0.386,5
-0.039,0.103,0.322,5
-0.04,0.162,0.29,5
-0.014,0.167,0.187,5
0.021,0.194,0.056,5
-0.002,0.226,0.012,5
-0.006,0.259,-0.04,5
0.015,0.272,-0.092,5
0.065,0.322,-0.169,5
0.218,0.342,-0.195,5
0.343,0.346,-0.15,5
0.378,0.29,-0.13,5
0.4,0.214,-0.096,4
0.416,0.166,-0.03,5
0.318,0.137,0.097,5
0.218,0.166,0.273,5
0.166,0.124,0.379,5
0.033,0.09,0.41,5
-0.056,0.094,0.399,5
-0.072,0.08,0.316,5
-0.146,0.106,0.31,5
-0.196,0.087,0.266,5
-0.198,0.134,0.179,5
-0.187,0.104,0.118,5
-0.233,0.175,0.076,5
-0.188,0.162,0.034,5
-0.105,0.141,0.069,5
-0.029,0.149,0.011,5
0.067,0.164,-0.015,5
0.168,0.152,0.05,5
0.302,0.102,0.079,5
0.358,0.04,0.17,4
0.404,0.002,0.304,5
0.45,-0.071,0.455,5
0.448,-0.124,0.651,5
0.399,-0.25,0.866,5
0.337,-0.315,1.072,5
0.217,-0.361,1.249,5
0.165,-0.459,1.465,5
0.446,-0.723,1.736,5
0.94,-1.172,1.899,5
0.751,-1.029,1.657,5
0.306,-0.637,1.31,5
-0.043,-0.349,1.132,5
-0.177,-0.271,0.816,5
-0.163,-0.283,0.515,5
0.042,-0.509,0.148,5
0.434,-0.803,-0.146,5
0.783,-0.972,-0.26,5
1.092,-0.845,-0.402,4
1.285,-0.541,-0.246,5
1.32,-0.34,0.011,5
1.158,-0.207,0.087,5
0.93,-0.009,0.216,5
0.583,0.146,0.289,5
0.223,0.355,0.308,5
-0.079,0.643,0.402,5
-0.386,0.811,0.34,5
-0.804,0.808,0.198,5
-1.115,0.71,0.11,5
-1.237,0.479,0.086,5
-1.298,0.379,-0.03,5
-1.298,0.307,-0.195,5
-1.198,0.22,-0.438,5
-0.966,0.168,-0.524,5
-0.645,0.155,-0.415,5
-0.43,0.136,-0.391,5
-0.301,0.156,-0.442,5
-0.176,0.136,-0.562,4
-0.029,0.093,-0.635,5
0.038,0.044,-0.627,5
0.107,-0.024,-0.595,5
0.152,-0.064,-0.651,5
0.232,-0.148,-0.728,5
0.213,-0.224,-0.617,5
0.097,-0.305,-0.555,5
-0.045,-0.313,-0.482,5
-0.235,-0.342,-0.456,5
-0.319,-0.334,-0.345,5
-0.408,-0.374,-0.225,5
-0.47,-0.379,-0.172,5
-0.531,-0.371,-0.219,5
-0.581,-0.399,-0.094,5
-0.605,-0.393,-0.059,5
-0.575,-0.41,-0.01,5
-0.539,-0.429,0.077,5
-0.467,-0.395,0.013,5
-0.386,-0.33,-0.207,4
-0.339,-0.228,-0.376,5
-0.158,-0.183,-0.213,5
-0.009,-0.113,-0.278,5
0.112,-0.076,-0.462,5
0.174,-0.051,-0.579,5
0.212,0.022,-0.659,5
0.29,0.05,-0.589,5
0.347,0.041,-0.439,5
0.343,0.045,-0.533,5
0.321,0.105,-0.527,5
0.371,0.086,-0.375,5
0.394,0.013,-0.433,5
0.415,-0.074,-0.54,5
0.451,-0.122,-0.59,5
0.415,-0.153,-0.634,5
0.334,-0.116,-0.76,5
0.253,-0.04,-0.52,5
0.202,-0.045,-0.412,5
0.122,-0.036,-0.53,4
0.118,-0.036,-0.607,5
0.093,-0.041,-0.593,5
0.088,-0.041,-0.659,5
0.036,-0.02,-0.55,5
0.054,-0.009,-0.62,5
0.049,0.021,-0.622,5
0.104,0.019,-0.297,5
0.111,-0.008,-0.177,5
0.151,-0.033,-0.142,5
0.209,-0.116,-0.011,5
0.163,-0.152,-0.109,5
0.116,-0.141,0.056,5
0.113,-0.14,0.162,5
0.11,-0.078,0.124,5
0.086,-0.01,0.112,5
0.017,0.007,0.032,5
-0.014,-0.018,-0.014,5
-0.094,-0.047,0.077,4
-0.136,-0.076,0.113,5
-0.248,-0.03,0.002,5
-0.348,0.002,0.325,5
-0.382,0.041,0.418,5
-0.43,0.071,0.432,5
-0.421,0.034,0.427,5
-0.461,0.048,0.372,5
-0.441,0.082,0.309,5
-0.384,0.073,0.316,5
-0.371,0.088,0.285,5
-0.364,0.174,0.179,5
-0.297,0.242,0.113,5
-0.212,0.209,0.085,5
-0.165,0.244,0.08,5
-0.092,0.224,0.09,5
0.024,0.228,0.106,5
0.146,0.269,0.083,5
0.296,0.255,-0.062,5
0.275,0.316,-0.129,4
0.26,0.396,0.042,5
0.26,0.426,-0.004,5
0.242,0.439,-0.112,5
0.248,0.434,-0.152,5
0.249,0.403,-0.288,5
0.237,0.38,-0.341,5
0.166,0.364,-0.298,5
0.149,0.34,-0.29,5
0.091,0.315,-0.218,5
0.073,0.292,-0.166,5
0.062,0.258,-0.106,5
0.06,0.22,-0.117,5
0.097,0.146,-0.058,5
0.13,0.075,-0.03,5
0.16,0.111,-0.053,5
0.192,0.082,-0.074,5
0.181,0.096,-0.234,5
0.137,0.168,-0.15,4
0.153,0.16,0.079,5
0.173,0.148,-0.023,5
0.142,0.099,0.005,5
0.193,0.089,-0.017,5
0.225,0.097,-0.023,5
0.181,0.096,-0.004,5
0.068,0.125,0.039,5
0.027,0.13,-0.007,5
-0.014,0.147,-0.007,5
-0.043,0.136,0.049,5
-0.034,0.11,0.066,5
-0.082,0.103,0.025,5
-0.065,0.084,-0.041,5
0.044,0.058,-0.111,5
0.013,0.139,-0.263,5
0.029,0.151,-0.082,5
0.061,0.114,0.098,5
0.149,0.034,0.067,5
0.203,0.009,0.051,4
0.282,-0.021,-0.026,5
0.301,-0.002,-0.075,5
0.31,-0.028,-0.038,5
0.3,-0.033,-0.016,5
0.253,0.025,0.075,5
0.236,0.005,0.188,5
0.273,0.035,0.191,5
0.198,0.031,0.18,5
0.144,-0.014,0.166,5
0.194,0.017,0.124,5
0.196,0.024,0.09,5
0.189,0.043,0.029,5
0.149,0.06,-0.012,5
0.018,0.093,-0.049,5
-0.074,0.088,0.011,5
-0.131,-0.011,0.005,5
-0.208,-0.122,0.044,5
-0.226,-0.273,0.134,5
-0.29,-0.366,0.289,4
-0.282,-0.463,0.656,5
-0.245,-0.499,0.909,5
-0.324,-0.427,1.017,5
-0.378,-0.389,1.001,5
-0.383,-0.389,0.854,5
-0.392,-0.402,0.678,5
-0.405,-0.357,0.575,5
-0.472,-0.308,0.44,5
-0.502,-0.243,0.293,5
-0.469,-0.188,0.225,5
-0.47,-0.109,0.12,5
-0.483,-0.029,0.052,5
-0.417,-0.005,0.047,5
-0.307,0.012,0.016,5
-0.229,0.002,0.053,5
-0.094,-0.023,0.177,5
-0.045,-0.09,0.22,5
-0.041,-0.098,0.258,5
-0.088,-0.118,0.362,4
-0.127,-0.136,0.571,5
-0.162,-0.144,0.768,5
-0.176,-0.186,0.963,5
-0.175,-0.219,1.065,5
-0.196,-0.214,1.204,5
-0.19,-0.219,1.195,5
-0.214,-0.304,1.106,5
-0.132,-0.429,0.84,5
0.087,-0.567,0.377,5
0.315,-0.756,-0.207,5
0.568,-0.84,-0.777,5
0.8,-0.795,-1.281,5
0.974,-0.594,-1.459,5
0.829,-0.242,-1.308,5
0.759,0.053,-0.841,5
0.705,0.086,-0.986,5
0.458,0.039,-0.241,5
0.231,0.031,0.929,5
0.139,-0.092,1.362,4
0.021,-0.294,1.622,5
-0.139,-0.558,1.912,5
-0.388,-0.941,1.906,5
-0.703,-1.377,1.789,5
-0.796,-1.653,1.821,5
-0.897,-1.798,1.764,5
-0.967,-1.847,1.441,5
-1.073,-1.752,0.965,5
-1.448,-1.569,0.58,5
-1.493,-1.282,0.56,5
-1.163,-0.921,0.448,5
-0.788,-0.704,0.214,5
-0.67,-0.492,-0.164,5
-0.659,-0.343,-0.527,5
-0.597,-0.197,-0.746,5
-0.331,-0.018,-0.637,5
-0.095,0.061,-0.582,5
0.09,0.154,-0.536,4
0.232,0.225,-0.496,5
0.312,0.34,-0.442,5
0.363,0.5,-0.488,5
0.365,0.652,-0.629,5
0.333,0.815,-0.656,5
0.304,0.919,-0.759,5
0.282,1.03,-0.993,5
0.374,1.039,-0.885,5
0.531,0.987,-0.728,5
0.551,0.94,-0.719,5
0.617,0.88,-0.794,5
0.594,0.831,-0.788,5
0.577,0.739,-0.644,5
0.571,0.596,-0.455,5
0.536,0.429,-0.327,5
0.482,0.248,-0.282,5
0.425,0.141,-0.275,5
0.361,0.045,-0.187,5
0.252,-0.075,-0.138,4
0.196,-0.192,-0.176,5
0.09,-0.337,-0.201,5
0.042,-0.381,-0.16,5
-0.129,-0.442,-0.122,5
-0.241,-0.436,-0.05,5
-0.303,-0.401,0.023,5
-0.286,-0.4,0.086,5
-0.278,-0.381,0.077,5
-0.281,-0.339,0.048,5
-0.257,-0.344,0.026,5
-0.236,-0.314,-0.032,5
-0.212,-0.261,-0.085,5
-0.165,-0.226,-0.098,5
-0.122,-0.225,-0.109,5
-0.114,-0.254,-0.129,5
-0.056,-0.246,-0.099,5
0.001,-0.264,-0.11,5
0.009,-0.272,-0.108,5
0.017,-0.284,-0.097,4
0.024,-0.234,-0.122,5
0.069,-0.197,-0.217,5
0.105,-0.152,-0.251,5
0.125,-0.18,-0.321,5
0.19,-0.153,-0.41,5
0.209,-0.112,-0.511,5
0.257,-0.036,-0.61,5
0.27,0.018,-0.657,5
0.317,0.073,-0.695,5
0.371,0.139,-0.78,5
0.364,0.189,-0.741,5
0.341,0.231,-0.671,5
0.371,0.272,-0.6,5
0.351,0.301,-0.531,5
0.325,0.31,-0.4,5
0.223,0.317,-0.283,5
0.084,0.307,-0.164,5
0.007,0.242,-0.087,4
-0.101,0.179,0.037,5
-0.31,0.152,0.132,5
-0.452,0.137,0.235,5
-0.514,0.089,0.358,5
-0.588,0.067,0.387,5
-0.585,0.039,0.391,5
-0.6,0.052,0.344,5
-0.57,0.073,0.206,5
-0.53,0.117,0.116,5
-0.507,0.153,0.066,5
-0.409,0.18,-0.073,5
-0.282,0.162,-0.234,5
-0.15,0.215,-0.241,5
-0.049,0.275,-0.238,5
0.02,0.343,-0.331,5
0.117,0.386,-0.414,5
0.131,0.399,-0.416,5
0.075,0.449,-0.447,5
0.283,0.448,-0.338,4
0.513,0.437,-0.248,5
0.505,0.419,-0.206,5
0.368,0.42,-0.233,5
0.219,0.391,-0.171,5
0.197,0.387,-0.162,5
0.151,0.344,-0.116,5
0.059,0.326,-0.014,5
0.027,0.272,0.021,5
-0.009,0.245,0.023,5
0.012,0.229,-0.047,5
-0.035,0.176,0.004,5
-0.088,0.141,0.008,5
-0.148,0.118,0.029,5
-0.159,0.098,0.022,5
-0.143,0.092,0.067,5
-0.15,0.074,0.086,5
-0.144,0.058,0.099,5
-0.129,0.052,0.041,5
-0.091,0.09,0.016,4
-0.06,0.072,-0.037,5
-0.019,0.044,-0.011,5
0.016,0.048,-0.092,5
0.01,0.056,-0.104,5
-0.011,0.055,-0.085,5
-0.04,0.088,-0.09,5
-0.054,0.139,-0.089,5
-0.078,0.104,-0.123,5
-0.139,0.145,-0.124,5
-0.138,0.169,-0.111,5
-0.142,0.161,-0.113,5
-0.162,0.128,-0.098,5
-0.141,0.192,-0.096,5
-0.14,0.208,-0.078,5
-0.092,0.191,-0.053,5
-0.009,0.181,-0.035,5
0.0,0.184,-0.018,5
0.03,0.161,0.017,4
0.083,0.154,0.015,5
0.109,0.151,0.053,5
0.132,0.132,0.082,5
0.089,0.093,0.134,5
0.063,0.092,0.133,5
0.043,0.053,0.107,5
-0.007,0.064,0.096,5
-0.076,0.14,0.035,5
-0.128,0.169,-0.037,5
-0.223,0.182,-0.098,5
-0.218,0.241,-0.157,5
-0.239,0.265,-0.18,5
-0.254,0.277,-0.213,5
-0.237,0.314,-0.222,5
-0.218,0.334,-0.174,5
-0.123,0.348,-0.148,5
-0.028,0.309,-0.081,5
0.047,0.282,0.055,5
0.089,0.271,0.118,4
0.106,0.218,0.163,5
0.091,0.17,0.181,5
0.099,0.162,0.201,5
0.098,0.15,0.242,5
0.071,0.109,0.222,5
0.059,0.102,0.212,5
0.062,0.105,0.182,5
0.125,0.125,0.143,5
0.108,0.155,0.098,5
0.11,0.187,0.075,5
0.138,0.203,0.107,5
0.201,0.174,0.113,5
0.302,0.139,0.016,5
0.354,0.13,0.023,5
0.379,0.138,0.0,5
0.379,0.146,0.063,5
0.341,0.153,0.113,5
0.337,0.146,0.054,5
0.321,0.179,0.001,4
0.34,0.174,-0.024,5
0.336,0.165,-0.155,5
0.26,0.196,-0.256,5
0.26,0.206,-0.058,5
0.255,0.173,-0.03,5
0.238,0.181,-0.032,5
0.244,0.163,-0.028,5
0.267,0.142,-0.09,5
0.275,0.137,-0.085,5
0.252,0.106,-0.047,5
0.244,0.095,-0.072,5
0.215,0.124,-0.039,5
0.185,0.121,0.02,5
0.149,0.074,0.104,5
0.182,0.006,0.184,5
0.219,-0.071,0.261,5
0.24,-0.098,0.368,5
0.259,-0.145,0.465,4
0.324,-0.186,0.522,5
0.395,-0.249,0.573,5
0.446,-0.431,0.524,5
0.505,-0.629,0.403,5
0.639,-0.872,0.194,5
0.636,-1.074,0.002,5
0.52,-1.199,-0.156,5
0.365,-1.191,-0.21,5
0.104,-1.038,-0.055,5
-0.185,-0.809,0.294,5
-0.395,-0.633,0.748,5
-0.511,-0.531,1.117,5
-0.572,-0.508,1.449,5
-0.631,-0.509,1.989,5
-0.697,-0.596,2.393,5
-0.756,-0.536,2.512,5
-0.853,-0.435,2.584,5
-0.983,-0.366,2.61,5
-1.062,-0.376,2.474,4
-0.96,-0.39,2.136,5
-0.846,-0.347,1.677,5
-0.637,-0.261,1.147,5
-0.34,-0.174,0.924,5
0.0,-0.208,0.474,5
0.292,-0.153,-0.171,5
0.504,-0.069,-0.572,5
0.682,-0.036,-0.907,5
0.812,-0.071,-1.101,5
0.95,0.043,-1.422,5
0.907,0.228,-1.344,5
0.877,0.24,-1.382,5
0.897,0.194,-1.386,5
0.841,0.14,-1.196,5
0.779,0.07,-0.977,5
0.74,-0.009,-0.737,5
0.717,-0.077,-0.512,5
0.611,-0.138,-0.25,5
0.485,-0.219,-0.001,4
0.299,-0.301,0.115,5
0.14,-0.348,0.176,5
-0.076,-0.369,0.236,5
-0.232,-0.315,0.213,5
-0.398,-0.249,0.178,5
-0.475,-0.207,0.031,5
-0.531,-0.165,-0.053,5
-0.577,-0.114,-0.185,5
-0.622,-0.046,-0.322,5
-0.586,0.039,-0.393,5
-0.476,0.104,-0.617,5
-0.484,0.219,-0.766,5
-0.349,0.287,-0.78,5
-0.202,0.272,-0.749,5
-0.074,0.296,-0.795,5
0.005,0.37,-0.909,5
0.048,0.449,-0.887,5
0.06,0.439,-0.768,5
0.08,0.36,-0.696,4
0.15,0.316,-0.652,5
0.16,0.271,-0.514,5
0.149,0.244,-0.415,5
0.112,0.176,-0.36,5
0.023,0.18,-0.285,5
-0.008,0.158,-0.252,5
-0.055,0.159,-0.206,5
-0.17,0.126,-0.176,5
-0.23,0.096,-0.18,5
-0.285,0.078,-0.223,5
-0.299,0.087,-0.187,5
-0.347,0.1,-0.207,5
-0.429,0.137,-0.247,5
-0.373,0.093,-0.222,5
-0.327,0.067,-0.239,5
-0.234,0.047,-0.314,5
-0.133,0.012,-0.356,5
-0.016,-0.023,-0.398,5
0.118,-0.037,-0.487,4
0.201,0.004,-0.542,5
0.28,0.0,-0.591,5
0.347,0.021,-0.627,5
0.39,0.01,-0.594,5
0.411,0.005,-0.586,5
0.383,-0.012,-0.597,5
0.396,-0.037,-0.571,5
0.357,-0.046,-0.467,5
0.239,-0.067,-0.399,5
0.094,-0.073,-0.264,5
-0.043,-0.07,-0.203,5
-0.181,-0.076,-0.174,5
-0.314,-0.077,-0.122,5
-0.412,-0.099,-0.114,5
-0.418,-0.12,-0.085,5
-0.471,-0.142,-0.077,5
-0.514,-0.145,-0.039,5
-0.523,-0.113,-0.069,5
-0.497,-0.093,-0.071,4
-0.451,-0.097,-0.06,5
-0.397,-0.104,-0.058,5
-0.362,-0.09,-0.013,5
-0.265,-0.093,0.073,5
-0.144,-0.071,0.049,5
-0.086,-0.042,0.095,5
-0.026,0.004,0.03,5
0.006,0.0,-0.007,5
0.027,0.012,-0.015,5
0.102,0.045,-0.022,5
0.044,0.075,-0.037,5
0.031,0.094,0.044,5
-0.006,0.071,0.065,5
-0.053,0.051,0.041,5
-0.116,0.003,0.119,5
-0.182,-0.035,0.154,5
-0.22,-0.027,0.023,5
-0.267,0.013,0.279,5
-0.275,-0.013,0.466,4
-0.225,-0.042,0.415,5
-0.194,-0.076,0.348,5
-0.14,-0.133,0.343,5
0.019,-0.116,0.391,5
0.091,-0.1,0.442,5
0.094,-0.008,0.372,5
0.132,0.048,0.296,5
0.141,0.078,0.275,5
0.118,0.152,0.269,5
0.205,0.171,0.126,5
0.266,0.201,-0.123,5
0.24,0.315,-0.055,5
0.298,0.361,0.066,5
0.376,0.415,0.004,5
0.385,0.43,-0.052,5
0.398,0.404,-0.047,5
0.501,0.394,-0.081,5
0.528,0.393,-0.051,4
0.523,0.44,-0.055,5
0.501,0.452,-0.105,5
0.541,0.441,-0.155,5
0.491,0.418,-0.157,5
0.455,0.441,-0.21,5
0.379,0.479,-0.309,5
0.255,0.474,-0.378,5
0.165,0.483,-0.443,5
0.088,0.49,-0.485,5
-0.015,0.476,-0.505,5
-0.043,0.458,-0.519,5
-0.065,0.443,-0.493,5
-0.028,0.42,-0.474,5
0.025,0.425,-0.362,5
-0.024,0.4,-0.244,5
-0.038,0.36,-0.194,5
-0.034,0.294,-0.105,5
-0.035,0.243,-0.064,5
0.036,0.201,-0.002,4
0.08,0.168,0.049,5
0.137,0.207,0.035,5
0.188,0.208,0.002,5
0.212,0.222,-0.187,5
0.156,0.26,-0.173,5
0.184,0.26,-0.104,5
0.221,0.264,-0.154,5
0.156,0.28,-0.082,5
0.093,0.27,-0.082,5
0.015,0.208,-0.04,5
0.004,0.114,-0.143,5
-0.051,0.051,-0.181,5
0.065,0.067,0.004,5
0.153,0.078,0.116,5
0.181,0.126,0.186,5
0.047,0.165,0.245,5
-0.091,0.179,0.216,5
-0.25,0.074,0.134,4
-0.276,0.02,0.147,5
-0.253,-0.033,-0.052,5
-0.236,-0.056,-0.069,5
-0.204,-0.067,0.041,5
-0.218,-0.108,0.174,5
-0.17,-0.119,0.368,5
-0.175,-0.219,0.482,5
-0.14,-0.348,0.611,5
-0.178,-0.399,0.756,5
-0.216,-0.454,0.793,5
-0.298,-0.477,0.8,5
-0.332,-0.404,0.741,5
-0.355,-0.363,0.632,5
-0.367,-0.392,0.505,5
-0.373,-0.417,0.398,5
-0.332,-0.405,0.324,5
-0.29,-0.399,0.313,5
-0.334,-0.355,0.415,5
-0.357,-0.363,0.58,4
-0.351,-0.421,0.647,5
-0.398,-0.491,0.738,5
-0.423,-0.472,0.953,5
-0.462,-0.485,1.081,5
-0.442,-0.475,1.202,5
-0.467,-0.497,1.254,5
-0.446,-0.568,1.361,5
-0.483,-0.58,1.419,5
-0.473,-0.638,1.419,5
-0.435,-0.729,1.312,5
-0.365,-0.82,1.055,5
-0.191,-0.902,0.64,5
0.133,-0.95,0.033,5
0.473,-0.876,-0.754,5
0.641,-0.586,-1.191,5
0.732,-0.135,-1.184,5
0.81,0.244,-0.799,5
0.772,0.482,-0.245,4
0.63,0.576,-0.168,5
0.58,0.54,0.326,5
0.63,0.309,0.595,5
0.567,-0.014,0.531,5
0.445,-0.271,0.9,5
0.241,-0.52,1.026,5
0.114,-0.735,0.699,5
0.033,-0.881,0.267,5
-0.107,-0.888,0.089,5
-0.187,-0.764,0.016,5
-0.345,-0.533,0.044,5
-0.59,-0.217,0.001,5
-0.742,0.093,-0.041,5
-0.772,0.286,-0.046,5
-0.725,0.348,-0.106,5
-0.661,0.335,-0.194,5
-0.612,0.267,-0.265,5
-0.559,0.244,-0.187,5
-0.52,0.215,-0.112,4
-0.494,0.203,-0.058,5
-0.432,0.199,0.042,5
-0.458,0.201,0.102,5
-0.433,0.142,0.062,5
-0.407,0.171,0.012,5
-0.366,0.223,0.028,5
-0.351,0.274,0.034,5
-0.363,0.294,0.009,5
-0.293,0.269,-0.012,5
-0.168,0.216,-0.115,5
-0.117,0.138,-0.086,5
-0.062,0.12,-0.025,5
0.008,0.112,0.015,5
0.089,0.114,0.052,5
0.257,0.094,0.051,5
0.356,0.046,0.05,5
0.428,-0.014,0.024,5
0.501,-0.069,-0.051,5
0.606,-0.118,-0.029,4
0.584,-0.162,-0.004,5
0.573,-0.193,0.043,5
0.55,-0.213,0.034,5
0.538,-0.252,0.091,5
0.437,-0.278,0.121,5
0.342,-0.293,0.087,5
0.264,-0.333,0.108,5
0.096,-0.39,0.132,5
-0.047,-0.416,0.244,5
-0.098,-0.495,0.336,5
-0.187,-0.518,0.431,5
-0.255,-0.54,0.401,5
-0.298,-0.598,0.438,5
-0.354,-0.572,0.481,5
-0.366,-0.528,0.351,5
-0.351,-0.497,0.156,5
-0.303,-0.438,-0.044,5
-0.243,-0.33,-0.285,4
-0.149,-0.202,-0.506,5
-0.07,-0.117,-0.744,5
0.023,-0.011,-0.86,5
0.042,0.089,-0.942,5
0.124,0.205,-1.037,5
0.185,0.266,-1.08,5
0.226,0.283,-1.101,5
0.247,0.276,-1.094,5
0.278,0.291,-1.045,5
0.302,0.314,-0.889,5
0.263,0.308,-0.8,5
0.202,0.303,-0.776,5
0.113,0.225,-0.655,5
0.084,0.22,-0.594,5
0.024,0.228,-0.565,5
-0.046,0.214,-0.525,5
-0.037,0.201,-0.533,5
-0.033,0.185,-0.544,5
-0.021,0.171,-0.503,4
-0.036,0.167,-0.504,5
-0.063,0.163,-0.467,5
-0.095,0.147,-0.42,5
-0.056,0.106,-0.421,5
-0.003,0.095,-0.383,5
0.07,0.064,-0.319,5
0.067,0.032,-0.3,5
0.086,0.029,-0.279,5
0.103,0.052,-0.251,5
0.166,0.042,-0.208,5
0.176,0.021,-0.23,5
0.184,-0.002,-0.233,5
0.221,0.014,-0.27,5
0.186,0.056,-0.321,5
0.146,0.115,-0.332,5
0.097,0.147,-0.342,5
0.061,0.175,-0.359,5
0.016,0.218,-0.409,5
0.041,0.222,-0.411,4
-0.04,0.269,-0.426,5
-0.079,0.242,-0.353,5
-0.08,0.239,-0.344,5
-0.115,0.293,-0.314,5
-0.194,0.276,-0.248,5
-0.183,0.283,-0.227,5
-0.195,0.268,-0.161,5
-0.214,0.245,-0.154,5
-0.227,0.264,-0.095,5
-0.247,0.246,-0.017,5
-0.283,0.213,0.031,5
-0.337,0.226,0.08,5
-0.307,0.177,0.149,5
-0.311,0.129,0.203,5
-0.31,0.112,0.213,5
-0.24,0.032,0.243,5
-0.173,-0.026,0.254,5
-0.229,0.04,0.232,5
-0.163,0.044,0.162,5
-0.121,0.044,0.102,4
-0.061,0.027,0.045,5
-0.051,0.037,-0.019,5
-0.011,0.038,-0.069,5
0.011,0.042,-0.04,5
0.044,0.103,-0.019,5
0.078,0.08,-0.013,5
0.127,0.093,0.009,5
0.153,0.088,0.0,5
0.18,0.096,0.06,5
0.175,0.069,0.11,5
0.166,0.024,0.189,5
0.163,0.03,0.261,5
0.094,-0.02,0.252,5
0.068,0.016,0.253,5
0.035,0.006,0.244,5
-0.002,0.018,0.25,5
-0.006,0.042,0.277,5
0.019,-0.004,0.262,5
-0.012,-0.03,0.283,4
0.001,-0.031,0.307,5
-0.002,-0.015,0.336,5
0.023,-0.078,0.363,5
0.068,-0.118,0.382,5
0.104,-0.097,0.327,5
0.12,-0.087,0.299,5
0.09,-0.053,0.226,5
0.099,0.008,0.156,5
0.076,0.015,0.166,5
0.038,0.04,0.171,5
0.056,0.044,0.128,5
0.115,0.04,0.124,5
0.133,0.079,0.111,5
0.103,0.088,0.126,5
0.071,0.088,0.161,5
0.055,0.07,0.166,5
0.006,0.042,0.18,5
0.006,0.055,0.192,4
-0.067,0.058,0.237,5
-0.073,0.082,0.239,5
-0.087,0.096,0.159,5
-0.165,0.129,0.087,5
-0.247,0.142,0.018,5
-0.184,0.179,-0.052,5
-0.153,0.209,-0.12,5
-0.116,0.235,-0.103,5
-0.039,0.199,-0.136,5
0.024,0.2,-0.049,5
0.108,0.176,-0.036,5
0.205,0.141,-0.023,5
0.292,0.14,0.034,5
0.379,0.109,0.013,5
0.444,0.115,0.021,5
0.43,0.082,-0.028,5
0.495,0.069,-0.072,5
0.467,0.036,-0.044,5
0.403,0.028,-0.031,4
0.363,0.017,-0.006,5
0.283,-0.001,0.007,5
0.194,-0.01,0.04,5
0.175,-0.026,0.054,5
0.08,-0.062,0.074,5
0.016,-0.073,0.036,5
-0.019,-0.087,0.076,5
-0.091,-0.096,0.068,5
-0.077,-0.047,0.048,5
-0.091,-0.068,0.095,5
-0.06,-0.031,0.116,5
-0.028,0.001,0.087,5
0.017,-0.011,0.057,5
0.019,-0.018,0.047,5
0.086,-0.042,0.132,5
0.138,-0.098,0.21,5
0.223,-0.166,0.266,5
0.399,-0.296,0.188,5
0.402,-0.176,0.307,4
0.392,-0.154,0.457,5
0.409,-0.246,0.334,5
0.493,-0.446,0.262,5
0.512,-0.673,0.08,5
0.487,-0.877,-0.078,5
0.395,-1.022,-0.242,5
0.269,-1.062,-0.343,5
0.139,-1.037,-0.356,5
-0.102,-0.925,-0.269,5
-0.282,-0.798,-0.013,5
-0.465,-0.653,0.271,5
-0.629,-0.476,0.645,5
-0.678,-0.368,0.943,5
-0.701,-0.228,1.176,5
-0.67,-0.132,1.308,5
-0.603,-0.062,1.324,5
-0.452,-0.086,1.252,5
-0.226,-0.159,1.045,4
0.003,-0.251,0.897,5
0.205,-0.278,0.687,5
0.327,-0.259,0.605,5
0.492,-0.237,0.48,5
0.607,-0.183,0.406,5
0.701,-0.096,0.344,5
0.747,-0.043,0.223,5
0.703,-0.052,0.145,5
0.684,-0.059,0.143,5
0.586,-0.036,0.198,5
0.484,0.001,0.277,5
0.354,0.022,0.297,5
0.241,-0.022,0.267,5
0.126,-0.058,0.206,5
0.014,-0.104,0.164,5
-0.021,-0.158,0.173,5
-0.122,-0.168,0.13,5
-0.218,-0.208,0.121,5
-0.252,-0.221,0.087,4
-0.27,-0.246,0.079,5
-0.29,-0.239,0.053,5
-0.339,-0.228,0.022,5
-0.339,-0.184,-0.039,5
-0.327,-0.217,-0.122,5
-0.277,-0.169,-0.204,5
-0.253,-0.105,-0.257,5
-0.15,-0.047,-0.326,5
-0.092,-0.047,-0.341,5
-0.027,-0.033,-0.458,5
0.087,-0.008,-0.511,5
0.212,-0.003,-0.611,5
0.307,0.026,-0.649,5
0.397,0.041,-0.709,5
0.469,0.097,-0.806,5
0.5,0.169,-0.932,5
0.536,0.2,-0.994,5
0.521,0.223,-1.088,5
0.568,0.2,-1.074,4
0.572,0.163,-1.019,5
0.532,0.173,-0.938,5
0.405,0.207,-0.862,5
0.304,0.203,-0.737,5
0.252,0.17,-0.603,5
0.106,0.153,-0.512,5
-0.007,0.151,-0.4,5
-0.088,0.153,-0.313,5
-0.196,0.146,-0.251,5
-0.288,0.149,-0.153,5
-0.324,0.078,-0.086,5
-0.334,0.074,-0.082,5
-0.353,0.032,-0.108,5
-0.365,0.029,-0.123,5
-0.376,0.039,-0.136,5
-0.312,0.057,-0.23,5
-0.242,0.081,-0.363,5
-0.205,0.116,-0.473,5
-0.059,0.126,-0.559,4
0.071,0.156,-0.615,5
0.089,0.149,-0.657,5
0.188,0.195,-0.738,5
0.247,0.214,-0.729,5
0.235,0.227,-0.738,5
0.272,0.265,-0.746,5
0.249,0.221,-0.68,5
0.202,0.199,-0.668,5
0.161,0.235,-0.644,5
0.114,0.246,-0.541,5
0.073,0.251,-0.426,5
-0.003,0.252,-0.362,5
-0.063,0.24,-0.326,5
-0.091,0.241,-0.306,5
-0.103,0.209,-0.219,5
-0.14,0.192,-0.141,5
-0.1,0.203,-0.088,5
-0.125,0.178,-0.08,5
-0.16,0.152,-0.028,4
-0.157,0.175,0.03,5
-0.197,0.158,0.001,5
-0.216,0.12,-0.067,5
-0.272,0.082,-0.099,5
-0.283,0.074,-0.12,5
-0.277,0.071,-0.108,5
-0.322,0.06,-0.148,5
-0.294,0.062,-0.211,5
-0.273,0.056,-0.207,5
-0.181,0.063,-0.191,5
-0.103,0.048,-0.154,5
-0.067,0.0,-0.139,5
-0.008,-0.038,-0.082,5
0.065,-0.111,0.029,5
0.007,-0.126,0.116,5
0.015,-0.135,0.014,5
-0.111,-0.074,0.008,5
-0.259,-0.067,0.361,4
-0.419,-0.034,0.376,5
-0.471,-0.074,0.334,5
-0.558,-0.075,0.348,5
-0.636,-0.076,0.357,5
-0.645,-0.073,0.338,5
-0.645,-0.083,0.339,5
-0.62,-0.091,0.43,5
-0.592,-0.061,0.559,5
-0.537,-0.124,0.658,5
-0.466,-0.171,0.726,5
-0.394,-0.202,0.8,5
-0.337,-0.237,0.866,5
-0.316,-0.227,0.9,5
-0.323,-0.2,0.918,5
-0.321,-0.175,0.848,5
-0.354,-0.14,0.767,5
-0.344,-0.152,0.652,5
-0.335,-0.15,0.591,5
-0.366,-0.079,0.566,4
-0.369,-0.032,0.518,5
-0.319,-0.025,0.397,5
-0.222,-0.022,0.267,5
-0.131,0.022,0.128,5
-0.01,0.098,0.055,5
0.063,0.105,-0.001,5
0.199,0.107,-0.074,5
0.317,0.101,-0.097,5
0.41,0.147,-0.13,5
0.481,0.218,-0.165,5
0.528,0.261,-0.178,5
0.497,0.265,-0.16,5
0.468,0.282,-0.2,5
0.374,0.322,-0.249,5
0.242,0.333,-0.254,5
0.11,0.351,-0.177,5
0.047,0.351,-0.19,5
-0.077,0.333,-0.209,5
-0.108,0.287,-0.197,4
-0.136,0.297,-0.138,5
-0.105,0.254,-0.133,5
-0.095,0.254,-0.133,5
-0.072,0.307,-0.115,5
0.016,0.31,-0.125,5
0.148,0.322,-0.121,5
0.245,0.299,-0.178,5
0.298,0.329,-0.246,5
0.311,0.348,-0.243,5
0.263,0.339,-0.275,5
0.241,0.348,-0.243,5
0.221,0.317,-0.214,5
0.126,0.294,-0.193,5
-0.007,0.282,-0.174,5
-0.135,0.314,-0.135,5
-0.178,0.287,-0.095,5
-0.186,0.245,-0.017,5
-0.215,0.182,0.075,5
-0.245,0.142,0.063,4
-0.216,0.119,0.099,5
-0.181,0.086,0.197,5
-0.15,0.043,0.225,5
-0.088,0.021,0.224,5
-0.079,-0.002,0.232,5
-0.088,-0.014,0.17,5
-0.053,-0.069,0.101,5
0.011,-0.066,0.082,5
0.032,-0.025,0.078,5
0.089,-0.018,0.083,5
0.119,-0.042,-0.002,5
0.189,-0.064,-0.023,5
0.256,-0.088,-0.012,5
0.291,-0.057,-0.037,5
0.365,-0.047,-0.063,5
0.35,0.017,-0.035,5
0.358,0.02,-0.057,5
0.378,-0.016,-0.073,5
0.345,-0.027,-0.122,4
0.28,0.018,-0.105,5
0.2,0.072,-0.168,5
0.085,0.147,-0.233,5
-0.03,0.145,-0.317,5
-0.148,0.156,-0.342,5
-0.241,0.179,-0.372,5
-0.393,0.178,-0.369,5
-0.543,0.186,-0.268,5
-0.653,0.176,-0.142,5
-0.76,0.146,0.018,5
-0.835,0.045,0.163,5
-0.962,-0.028,0.358,5
-1.043,-0.115,0.529,5
-1.094,-0.198,0.635,5
-1.174,-0.248,0.8,5
-1.207,-0.352,0.953,5
-1.203,-0.442,1.211,5
-1.156,-0.514,1.452,5
-1.135,-0.613,1.634,4
-1.004,-0.642,1.729,5
-0.856,-0.707,1.845,5
-0.624,-0.826,1.777,5
-0.23,-0.955,1.517,5
0.206,-1.122,1.227,5
0.526,-1.1,0.661,5
0.904,-0.982,0.133,5
1.124,-0.741,0.008,5
1.167,-0.365,-0.009,5
1.291,-0.182,0.099,5
1.227,-0.177,0.05,5
1.108,-0.103,-0.118,5
0.847,-0.028,0.268,5
0.555,0.0,0.75,5
0.237,-0.043,0.903,5
0.002,-0.176,1.028,5
-0.183,-0.292,1.218,5
-0.307,-0.396,1.239,4
-0.418,-0.495,0.99,5
-0.428,-0.419,0.688,5
-0.368,-0.304,0.43,5
-0.344,-0.196,0.128,5
-0.245,0.004,-0.28,5
-0.147,0.171,-0.571,5
-0.089,0.275,-0.837,5
0.061,0.321,-1.072,5
0.171,0.301,-1.258,5
0.24,0.254,-1.287,5
0.332,0.246,-1.202,5
0.446,0.187,-0.974,5
0.604,0.056,-0.713,5
0.75,-0.061,-0.611,5
0.847,-0.175,-0.683,5
0.922,-0.261,-0.654,5
0.942,-0.295,-0.597,5
0.904,-0.339,-0.645,5
0.869,-0.275,-0.667,4
0.769,-0.165,-0.66,5
0.658,-0.05,-0.611,5
0.484,0.049,-0.589,5
0.289,0.122,-0.577,5
0.092,0.14,-0.558,5
-0.11,0.134,-0.408,5
-0.289,0.069,-0.203,5
-0.484,0.019,-0.002,5
-0.578,-0.029,0.234,5
-0.632,-0.082,0.392,5
-0.573,-0.1,0.417,5
-0.494,-0.081,0.376,5
-0.376,-0.082,0.355,5
-0.213,-0.013,0.225,5
-0.062,0.091,0.039,5
0.0,0.168,-0.163,5
0.033,0.289,-0.267,5
0.099,0.329,-0.266,5
0.171,0.33,-0.252,4
0.128,0.319,-0.331,5
0.046,0.261,-0.31,5
-0.117,0.213,-0.219,5
-0.239,0.136,-0.119,5
-0.28,0.062,-0.069,5
-0.376,-0.021,-0.088,5
-0.485,-0.027,-0.118,5
-0.514,-0.05,-0.084,5
-0.459,-0.037,-0.037,5
-0.43,-0.08,-0.012,5
-0.464,-0.081,-0.036,5
-0.457,-0.081,-0.05,5
-0.484,-0.065,-0.144,5
-0.526,-0.049,-0.147,5
-0.53,-0.023,-0.141,5
-0.52,0.034,-0.131,5
-0.532,0.087,-0.131,5
-0.475,0.104,-0.174,5
-0.363,0.132,-0.122,4
-0.193,0.106,-0.092,5
-0.01,0.061,-0.027,5
0.124,0.033,0.009,5
0.193,0.013,0.043,5
0.308,0.024,0.086,5
0.341,0.022,0.107,5
0.35,0.028,0.097,5
0.337,0.012,0.07,5
0.325,-0.027,0.149,5
0.305,-0.076,0.143,5
0.231,-0.09,0.077,5
0.182,-0.141,0.082,5
0.121,-0.161,0.069,5
0.083,-0.197,0.067,5
0.01,-0.164,0.03,5
-0.106,-0.156,-0.037,5
-0.143,-0.154,-0.124,5
-0.206,-0.147,-0.189,4
-0.289,-0.115,-0.248,5
-0.243,-0.06,-0.296,5
-0.193,-0.015,-0.37,5
-0.117,0.007,-0.341,5
-0.028,0.006,-0.355,5
0.099,-0.028,-0.306,5
0.326,-0.073,-0.194,5
0.526,-0.074,-0.097,5
0.616,0.019,-0.065,5
0.744,0.012,0.134,5
0.764,-0.035,0.125,5
0.709,0.023,0.078,5
0.612,0.047,0.079,5
0.383,-0.009,0.118,5
0.077,-0.034,0.154,5
-0.261,-0.043,0.151,5
-0.563,-0.034,0.183,5
-0.756,-0.061,0.135,5
-0.857,-0.051,0.134,5
-0.905,-0.08,0.151,4
-0.784,-0.128,0.149,5
-0.723,-0.18,0.198,5
-0.539,-0.183,0.187,5
-0.373,-0.156,0.177,5
-0.167,-0.154,0.168,5
0.116,-0.194,0.186,5
0.328,-0.136,0.15,5
0.476,-0.032,0.01,5
0.627,0.091,-0.068,5
0.81,0.104,0.067,5
0.785,0.132,-0.051,5
0.754,0.188,-0.114,5
0.631,0.229,-0.094,5
0.486,0.258,-0.042,5
0.286,0.275,-0.02,5
0.137,0.261,-0.005,5
-0.027,0.213,0.007,5
-0.188,0.157,0.024,4
-0.272,0.137,0.064,5
-0.387,0.093,0.114,5
-0.417,0.01,0.137,5
-0.333,-0.08,0.227,5
-0.187,-0.124,0.247,5
-0.056,-0.137,0.214,5
0.103,-0.093,0.106,5
0.24,-0.045,0.117,5
0.354,0.036,-0.01,5
0.434,0.14,-0.229,5
0.688,0.143,-0.154,5
0.891,0.107,-0.199,5
0.966,0.127,-0.244,5
1.123,0.084,-0.202,5
1.144,0.058,-0.173,5
1.125,0.044,-0.199,5
1.042,0.039,-0.209,5
0.878,0.061,-0.261,5
0.635,0.055,-0.253,4
0.494,0.002,-0.219,5
0.311,0.019,-0.218,5
0.129,0.004,-0.132,5
-0.051,-0.026,-0.106,5
-0.175,-0.023,-0.086,5
-0.266,-0.077,-0.047,5
-0.312,-0.09,0.043,5
-0.363,-0.124,0.116,5
-0.395,-0.103,0.186,5
-0.42,-0.097,0.245,5
-0.452,-0.083,0.289,5
-0.415,-0.062,0.286,5
-0.365,-0.008,0.283,5
-0.54,0.082,0.04,5
-0.464,0.147,-0.287,5
-0.241,0.223,-0.133,5
-0.152,0.295,0.043,5
-0.033,0.274,-0.016,5
0.029,0.195,-0.152,4
0.035,0.201,-0.305,5
-0.019,0.229,-0.288,5
-0.082,0.288,-0.168,5
-0.16,0.293,-0.082,5
-0.213,0.294,-0.057,5
-0.23,0.256,-0.107,5
-0.358,0.166,-0.144,5
-0.4,0.076,-0.065,5
-0.394,0.081,0.04,5
-0.35,0.038,0.144,5
-0.264,0.004,0.198,5
-0.198,-0.042,0.17,5
-0.135,-0.055,0.079,5
-0.066,-0.05,0.058,5
0.0,-0.045,0.057,5
0.078,-0.045,0.073,5
0.113,-0.019,0.052,5
0.158,0.03,0.056,4
0.245,0.035,0.037,5
0.242,0.032,-0.004,5
0.248,0.085,-0.077,5
0.275,0.093,-0.125,5
0.252,0.11,-0.238,5
0.222,0.125,-0.248,5
0.243,0.181,-0.34,5
0.262,0.189,-0.526,5
0.231,0.196,-0.555,5
0.174,0.249,-0.538,5
0.156,0.298,-0.433,5
0.123,0.263,-0.402,5
0.107,0.185,-0.297,5
0.057,0.094,-0.164,5
0.03,0.063,0.05,5
0.044,-0.007,0.127,5
0.07,-0.024,0.153,5
0.063,-0.069,0.189,5
0.022,-0.083,0.252,4
0.011,-0.053,0.27,5
-0.015,-0.065,0.2,5
0.011,-0.089,0.119,5
0.01,-0.024,0.051,5
-0.007,0.029,-0.022,5
0.023,0.026,-0.076,5
0.038,0.058,-0.128,5
0.077,0.031,-0.154,5
0.087,0.015,-0.143,5
0.104,-0.007,-0.137,5
0.085,-0.033,-0.05,5
0.08,-0.085,-0.006,5
0.107,-0.059,-0.01,5
0.113,-0.071,0.0,5
0.098,-0.051,-0.005,5
0.092,-0.063,-0.008,5
0.044,-0.043,-0.051,5
0.061,-0.069,-0.084,5
0.094,-0.092,-0.046,4
0.14,-0.105,0.083,5
0.113,-0.081,0.118,5
0.067,-0.099,0.084,5
0.082,-0.132,0.046,5
0.078,-0.149,0.149,5
-0.028,-0.078,0.043,5
-0.094,0.037,-0.499,5
-0.059,0.05,-0.216,5
-0.07,0.054,0.029,5
-0.162,0.001,0.168,5
-0.128,-0.084,0.367,5
-0.051,-0.158,0.278,5
-0.024,-0.237,0.418,5
0.038,-0.248,0.458,5
0.085,-0.253,0.395,5
0.051,-0.215,0.369,5
0.037,-0.154,0.302,5
0.012,-0.126,0.198,5
0.002,-0.079,0.079,4
0.032,-0.015,0.106,5
0.016,0.024,0.061,5
-0.032,0.052,0.024,5
0.013,0.043,0.022,5
0.02,0.03,0.058,5
0.092,0.031,0.078,5
0.117,0.079,0.062,5
0.122,0.05,0.073,5
0.11,0.032,0.165,5
0.121,0.02,0.23,5
0.1,0.014,0.254,5
0.116,0.034,0.276,5
0.139,0.009,0.283,5
0.103,0.025,0.25,5
0.131,0.053,0.255,5
0.144,0.022,0.234,5
0.177,0.041,0.15,5
0.164,0.088,0.118,5
0.156,0.114,0.098,4
0.192,0.124,-0.01,5
0.022,0.168,-0.121,5
-0.147,0.272,-0.299,5
-0.107,0.322,-0.398,5
-0.075,0.376,-0.406,5
0.01,0.325,-0.425,5
0.026,0.254,-0.357,5
-0.028,0.224,-0.218,5
-0.076,0.172,-0.105,5
-0.133,0.137,-0.069,5
-0.211,0.08,-0.062,5
-0.297,0.068,0.021,5
-0.336,0.035,0.019,5
-0.35,0.027,0.099,5
-0.315,0.003,0.166,5
-0.292,-0.027,0.141,5
-0.259,-0.067,0.114,5
-0.19,-0.086,0.085,5
-0.093,-0.069,0.107,4
-0.045,-0.027,0.1,5
0.015,-0.016,0.082,5
0.009,-0.006,0.073,5
0.038,0.003,0.023,5
0.047,0.011,0.059,5
0.034,-0.024,0.023,5
0.061,-0.026,-0.038,5
0.05,0.002,-0.073,5
0.015,0.015,-0.066,5
-0.024,-0.003,-0.033,5
0.016,0.0,-0.047,5
0.019,-0.007,-0.064,5
-0.004,-0.037,-0.036,5
-0.021,0.001,-0.106,5
-0.044,-0.016,-0.121,5
-0.044,-0.01,-0.143,5
-0.083,-0.013,-0.107,5
-0.109,0.026,-0.105,4
-0.145,0.019,-0.164,5
-0.157,0.026,-0.182,5
-0.158,0.01,-0.254,5
-0.134,0.013,-0.216,5
-0.043,0.008,-0.207,5
-0.017,-0.027,-0.199,5
0.005,-0.067,-0.188,5
0.048,-0.069,-0.199,5
0.069,-0.071,-0.175,5
0.049,-0.072,-0.162,5
0.035,-0.056,-0.145,5
0.028,-0.051,-0.191,5
0.016,-0.063,-0.146,5
0.014,-0.052,-0.11,5
0.004,-0.055,-0.112,5
-0.064,-0.05,-0.062,5
-0.071,-0.049,-0.017,5
-0.111,-0.035,0.006,5
-0.147,-0.023,-0.046,4
-0.145,0.008,-0.063,5
-0.148,0.025,-0.069,5
-0.146,0.048,-0.062,5
-0.101,-0.003,-0.155,5
-0.087,0.022,-0.161,5
-0.091,0.007,-0.102,5
-0.077,0.006,-0.074,5
-0.083,-0.007,-0.007,5
-0.023,-0.002,-0.01,5
0.009,-0.044,-0.013,5
0.021,-0.005,0.0,5
-0.015,-0.005,-0.042,5
0.029,-0.026,-0.034,5
0.013,-0.036,0.029,5
0.042,-0.007,0.0,5
0.025,-0.002,0.069,5
0.074,-0.027,0.062,5
0.036,-0.024,0.077,5
0.024,-0.026,0.139,4
0.03,-0.062,0.159,5
0.036,-0.078,0.178,5
-0.01,-0.109,0.186,5
0.029,-0.063,0.176,5
0.017,-0.083,0.137,5
0.067,-0.087,0.11,5
0.043,-0.079,0.133,5
0.026,-0.096,0.081,5
0.045,-0.065,0.082,5
0.036,-0.059,0.147,5
0.037,-0.135,0.179,5
0.059,-0.121,0.209,5
0.061,-0.096,0.218,5
0.06,-0.121,0.235,5
0.071,-0.117,0.229,5
0.051,-0.127,0.201,5
0.02,-0.101,0.142,5
-0.029,-0.104,0.124,5
-0.034,-0.094,0.155,4
-0.018,-0.089,0.109,5
-0.029,-0.136,0.102,5
-0.061,-0.075,0.07,5
0.009,-0.059,0.029,5
0.064,-0.044,0.047,5
0.066,-0.014,0.056,5
0.068,-0.017,0.028,5
0.053,-0.019,0.047,5
0.043,-0.009,0.068,5
-0.008,-0.016,0.083,5
-0.041,-0.01,0.131,5
-0.093,-0.009,0.186,5
-0.036,-0.034,0.194,5
-0.046,-0.031,0.178,5
-0.058,-0.028,0.221,5
-0.057,-0.042,0.194,5
-0.068,0.0,0.136,5
-0.035,0.043,0.11,4
-0.075,0.022,0.051,5
-0.033,0.045,0.063,5
-0.012,0.084,0.044,5
-0.046,0.062,0.035,5
-0.015,0.099,0.027,5
-0.009,0.15,-0.005,5
-0.008,0.139,0.012,5
0.0,0.112,-0.066,5
0.0,0.096,-0.094,5
0.009,0.095,-0.101,5
0.021,0.086,-0.108,5
0.027,0.081,-0.115,5
0.055,0.082,-0.12,5
0.114,0.082,-0.134,5
0.137,0.078,-0.138,5
0.123,0.07,-0.159,5
0.15,0.059,-0.151,5
0.126,0.053,-0.171,5
0.122,0.03,-0.119,4
0.101,0.036,-0.098,5
0.052,-0.001,-0.089,5
0.012,-0.018,-0.037,5
-0.053,-0.042,-0.003,5
-0.103,-0.051,0.027,5
-0.149,-0.072,0.02,5
-0.151,-0.03,0.078,5
-0.127,-0.048,0.049,5
-0.128,-0.039,-0.054,5
-0.115,-0.027,-0.066,5
-0.06,-0.054,-0.085,5
-0.097,-0.031,-0.103,5
-0.07,-0.02,-0.118,5
-0.05,-0.022,-0.149,5
-0.019,-0.02,-0.13,5
0.042,-0.013,-0.117,5
0.059,-0.008,-0.144,5
0.079,-0.033,-0.168,5
0.093,0.0,-0.134,4
0.109,0.026,-0.104,5
0.081,0.006,-0.063,5
0.107,0.009,-0.009,5
0.122,0.004,-0.017,5
0.076,0.008,-0.007,5
0.064,0.007,-0.006,5
0.031,0.037,0.054,5
0.033,0.011,0.083,5
0.012,0.001,0.07,5
-0.014,0.01,0.033,5
-0.017,0.009,-0.017,5
0.005,0.0,-0.011,5
-0.024,0.034,-0.057,5
-0.009,0.069,-0.042,5
-0.025,0.041,-0.06,5
-0.036,0.006,-0.019,5
-0.019,-0.011,0.008,5
0.034,0.002,-0.048,5
0.06,0.041,-0.022,4
0.084,0.063,-0.071,5
0.106,0.052,-0.107,5
0.083,0.068,-0.109,5
0.117,0.053,-0.103,5
0.11,0.104,-0.088,5
0.099,0.08,-0.101,5
0.115,0.111,-0.112,5
0.073,0.104,-0.11,5
0.074,0.085,-0.137,5
0.024,0.102,-0.128,5
-0.029,0.122,-0.115,5
-0.052,0.093,-0.112,5
-0.021,0.092,-0.097,5
-0.019,0.1,-0.061,5
0.0,0.086,-0.081,5
-0.004,0.064,-0.017,5
0.017,0.04,0.036,5
-0.014,0.036,0.006,5
-0.043,0.046,0.088,4
-0.017,0.024,0.083,5
-0.028,-0.004,0.075,5
-0.034,-0.038,0.015,5
-0.017,-0.034,0.031,5
-0.02,-0.03,0.019,5
-0.001,-0.036,-0.007,5
0.007,-0.037,0.001,5
0.024,-0.059,-0.028,5
0.03,-0.096,-0.038,5
0.061,-0.073,-0.022,5
0.072,-0.083,-0.093,5
0.043,-0.075,-0.075,5
0.009,-0.089,-0.076,5
0.012,-0.054,-0.085,5
-0.018,-0.07,-0.034,5
-0.034,-0.037,-0.043,5
-0.052,-0.051,-0.03,5
-0.098,-0.089,0.058,5
-0.149,-0.119,0.121,4
-0.142,-0.15,0.187,5
-0.163,-0.161,0.228,5
-0.151,-0.14,0.227,5
-0.157,-0.161,0.256,5
-0.098,-0.209,0.278,5
-0.097,-0.167,0.276,5
-0.126,-0.141,0.257,5
-0.148,-0.101,0.265,5
-0.111,-0.078,0.247,5
-0.083,-0.066,0.205,5
-0.088,-0.029,0.155,5
-0.066,-0.022,0.105,5
-0.059,-0.02,0.064,5
-0.066,0.0,0.088,5
-0.034,-0.018,0.066,5
-0.026,-0.042,0.072,5
0.032,-0.042,0.125,5
0.037,-0.042,0.104,5
0.072,-0.094,0.098,4
0.104,-0.058,0.092,5
0.119,-0.035,0.066,5
0.159,-0.057,0.072,5
0.164,-0.073,0.095,5
0.182,-0.049,0.077,5
0.134,-0.035,0.065,5
0.116,-0.04,0.032,5
0.1,0.019,0.008,5
0.12,-0.004,-0.009,5
0.121,0.035,-0.064,5
0.109,0.083,-0.041,5
0.102,0.105,-0.05,5
0.053,0.098,-0.019,5
0.018,0.11,-0.03,5
0.037,0.099,-0.048,5
0.06,0.124,-0.035,5
-0.001,0.124,-0.07,5
-0.023,0.099,-0.037,5
-0.064,0.102,-0.046,4
-0.087,0.104,-0.093,5
-0.079,0.107,-0.067,5
-0.071,0.04,-0.051,5
-0.042,0.062,-0.068,5
0.004,0.064,-0.091,5
0.038,0.062,-0.112,5
0.03,0.039,-0.122,5
0.049,0.056,-0.136,5
0.104,0.042,-0.204,5
0.063,0.038,-0.248,5
0.044,-0.013,-0.279,5
0.035,0.018,-0.213,5
0.002,-0.004,-0.131,5
0.014,-0.043,-0.006,5
0.047,-0.094,0.05,5
0.03,-0.132,0.088,5
0.04,-0.171,0.092,5
0.083,-0.192,0.139,5
0.083,-0.147,0.258,4
0.096,-0.094,0.258,5
0.069,-0.067,0.125,5
0.084,-0.056,0.043,5
0.071,0.018,-0.025,5
0.034,0.029,-0.087,5
0.013,0.043,-0.082,5
0.003,0.09,-0.113,5
-0.044,0.124,-0.11,5
-0.043,0.099,-0.151,5
-0.052,0.089,-0.097,5
-0.038,0.132,-0.079,5
-0.021,0.123,-0.092,5
-0.041,0.136,-0.109,5
-0.088,0.118,-0.111,5
-0.058,0.128,-0.121,5
-0.043,0.158,-0.161,5
-0.061,0.203,-0.153,5
-0.054,0.213,-0.146,5
-0.01,0.165,-0.153,4
-0.078,0.132,-0.091,5
-0.096,0.118,-0.086,5
-0.104,0.098,-0.094,5
-0.098,0.049,-0.063,5
-0.045,0.005,-0.022,5
-0.057,-0.007,-0.012,5
-0.056,0.001,0.006,5
-0.067,-0.002,0.01,5
-0.087,-0.015,0.013,5
-0.026,0.003,0.012,5
-0.032,0.007,-0.01,5
-0.025,0.041,-0.057,5
-0.044,0.062,-0.09,5
0.012,0.06,-0.089,5
0.032,0.089,-0.063,5
-0.035,0.063,-0.022,5
-0.036,0.061,-0.003,5
-0.045,0.085,0.014,4
-0.062,0.076,0.056,5
-0.064,0.043,0.089,5
-0.11,0.034,0.08,5
-0.124,0.009,0.063,5
-0.082,-0.008,0.096,5
-0.039,-0.076,0.133,5
-0.014,-0.112,0.15,5
0.043,-0.1,0.182,5
0.039,-0.099,0.151,5
0.043,-0.076,0.175,5
0.039,-0.068,0.144,5
-0.003,-0.057,0.039,5
0.018,-0.008,-0.024,5
0.016,0.03,-0.086,5
0.01,0.049,-0.09,5
-0.011,0.061,-0.133,5
0.006,0.102,-0.15,5
0.001,0.049,-0.148,5
0.014,0.048,-0.103,4
0.017,0.052,-0.084,5
0.041,-0.021,-0.05,5
0.054,-0.088,0.011,5
0.066,-0.105,0.087,5
0.016,-0.107,0.186,5
-0.041,-0.14,0.219,5
-0.062,-0.173,0.197,5
-0.073,-0.13,0.186,5
-0.135,-0.108,0.18,5
-0.182,-0.071,0.11,5
-0.194,-0.047,0.108,5
-0.209,-0.051,0.119,5
-0.222,-0.063,0.085,5
-0.14,-0.065,0.098,5
-0.117,-0.085,0.136,5
-0.049,-0.042,0.165,5
-0.04,0.005,0.144,5
-0.045,-0.016,0.13,5
-0.036,-0.053,0.082,4
0.001,-0.061,0.07,5
-0.028,-0.012,0.084,5
-0.038,0.036,0.089,5
-0.034,0.062,0.015,5
-0.203,0.254,-1.196,5
0.053,0.276,-1.314,5
0.013,0.322,-0.355,5
0.034,0.311,-0.065,5
0.198,0.155,-0.076,5
0.342,-0.079,-0.025,5
0.42,-0.235,0.054,5
0.464,-0.224,0.031,5
0.456,-0.193,-0.001,5
0.398,-0.152,-0.022,5
0.315,-0.098,-0.08,5
0.279,-0.076,-0.107,5
0.161,-0.094,-0.083,5
0.149,-0.119,-0.096,5
0.168,-0.167,-0.138,4
0.13,-0.172,-0.193,5
0.16,-0.185,-0.2,5
0.2,-0.158,-0.18,5
0.102,-0.129,-0.127,5
0.092,-0.176,-0.054,5
0.07,-0.193,-0.057,5
0.046,-0.161,-0.03,5
0.028,-0.184,0.136,5
0.034,-0.195,0.182,5
0.026,-0.197,0.22,5
0.088,-0.203,0.267,5
0.066,-0.192,0.271,5
0.09,-0.108,0.386,5
0.068,-0.114,0.446,5
0.052,-0.12,0.557,5
0.069,-0.086,0.591,5
0.131,-0.095,0.549,5
0.148,-0.042,0.546,4
0.154,0.008,0.535,5
0.148,0.055,0.464,5
0.15,0.084,0.4,5
0.152,0.153,0.339,5
0.184,0.194,0.197,5
0.239,0.23,-0.003,5
0.125,0.375,-0.468,5
-0.167,0.549,-0.675,5
-0.167,0.507,-0.414,5
-0.215,0.435,-0.071,5
-0.263,0.296,0.237,5
-0.172,0.133,0.343,5
-0.025,0.0,0.377,5
0.019,-0.125,0.482,5
0.069,-0.164,0.567,5
0.032,-0.156,0.523,5
-0.043,-0.115,0.488,5
-0.052,-0.099,0.435,5
-0.021,-0.085,0.361,4
0.028,-0.016,0.256,5
0.064,-0.036,0.166,5
0.135,-0.028,0.123,5
0.164,0.004,0.068,5
0.144,0.025,0.048,5
0.09,0.087,0.004,5
0.021,0.126,-0.068,5
-0.036,0.083,-0.031,5
-0.11,0.058,-0.019,5
-0.172,0.004,0.029,5
-0.22,-0.034,0.108,5
-0.275,-0.082,0.162,5
-0.355,-0.113,0.279,5
-0.397,-0.144,0.393,5
-0.465,-0.121,0.432,5
-0.531,-0.148,0.474,5
-0.581,-0.133,0.423,5
-0.833,0.013,-0.252,5
-0.651,0.055,-0.106,4
-0.396,-0.006,0.3,5
-0.197,-0.01,0.016,5
0.063,-0.086,-0.231,5

# Completed @Sat May 02 15:50:17 GMT+08:00 2020
