# Accelerometer Data File
# Started @Sat May 02 15:48:14 GMT+08:00 2020
#
#
# sensor Vendor: BOSCH
# sensor Name: BMI160 Accelerometer
# sensor Resolution: 0.0023956299m/sec^2; Max Range: 156.9064; Min Delay: 5000 microseconds
# The sensor's attributes are the result hardware and the Android capabilities.
# It means that the Android may not utilize all features provided by the hardware.
#
# Some devices and Android versions save battery too much so the device may go to sleep.
# It just happens after couple of minutes from turning off the scree and it is easy to find it out.
#
# The following file provides the data from accelerometer in the m/s^2 format.
# The diff value is just a time delta between the samples
#
#
# data format:
# so we have 4 columns with values separated by the ","
# X,Y,Z,time_from_previous_sample(ms)

# sensor speed set to:FASTEST
# units set to: m/sec^2
# gravity  filtered out
# Accuracy: HIGH
0.906,0.018,8.732,0
0.859,0.081,7.82,4
0.816,0.09,7.055,5
0.773,0.098,6.311,5
0.734,0.131,5.606,5
0.695,0.127,5.02,5
0.626,0.131,4.466,5
0.559,0.14,4.006,5
0.503,0.139,3.593,5
0.474,0.116,3.234,5
0.427,0.126,2.889,5
0.423,0.087,2.626,5
0.406,0.048,2.397,5
0.391,0.005,2.179,5
0.369,0.026,1.991,5
0.32,0.002,1.788,5
0.266,0.027,1.639,5
0.226,0.016,1.475,5
0.178,-0.049,1.354,5
0.147,-0.122,1.231,5
0.102,-0.127,1.134,4
0.04,-0.14,1.068,5
0.006,-0.139,1.004,5
-0.028,-0.134,0.916,5
-0.064,-0.133,0.846,5
-0.135,-0.167,0.753,5
-0.169,-0.176,0.695,5
-0.225,-0.137,0.638,5
-0.224,-0.115,0.57,5
-0.232,-0.095,0.526,5
-0.179,-0.12,0.43,5
-0.139,-0.112,0.383,5
-0.043,-0.07,0.396,5
-0.017,-0.02,0.331,5
0.031,-0.001,0.319,5
0.084,0.037,0.279,5
0.136,0.042,0.203,5
0.148,0.051,0.14,5
0.163,0.067,0.091,5
0.143,0.043,0.035,5
0.077,0.056,-0.002,5
0.034,0.05,-0.037,4
0.018,0.054,-0.024,5
-0.035,0.044,-0.026,5
-0.109,0.014,-0.01,5
-0.162,0.004,0.033,5
-0.189,-0.017,0.025,5
-0.196,-0.02,0.023,5
-0.181,-0.013,0.046,5
-0.141,0.021,0.054,5
-0.101,0.058,0.036,5
-0.048,0.078,0.006,5
-0.034,0.113,-0.002,5
0.016,0.145,-0.015,5
0.04,0.117,-0.03,5
0.079,0.119,-0.006,5
0.071,0.146,0.011,5
0.051,0.157,0.023,5
0.041,0.137,-0.03,5
0.054,0.097,-0.031,5
0.049,0.087,0.018,5
0.035,0.053,0.038,5
0.066,0.06,-0.008,4
0.029,0.071,-0.037,5
0.061,0.082,-0.064,5
0.038,0.043,-0.049,5
0.042,0.047,-0.039,5
0.098,0.073,-0.048,5
0.14,0.048,-0.005,5
0.161,0.043,-0.082,5
0.222,-0.007,-0.061,5
0.2,0.027,0.001,5
0.171,-0.009,0.026,5
0.154,-0.056,0.075,5
0.182,-0.08,0.089,5
0.151,-0.059,0.102,5
0.131,-0.062,0.109,5
0.083,-0.09,0.119,5
0.079,-0.129,0.168,5
0.02,-0.137,0.16,5
-0.046,-0.098,0.161,5
-0.089,-0.118,0.123,4
-0.071,-0.128,0.128,5
-0.06,-0.115,0.089,5
-0.058,-0.103,-0.009,5
-0.069,-0.119,-0.021,5
-0.011,-0.072,-0.023,5
0.045,-0.061,0.043,5
0.088,-0.055,0.06,5
0.084,-0.01,0.058,5
0.093,-0.001,0.078,5
0.066,-0.001,0.161,5
0.021,0.016,0.175,5
-0.024,0.01,0.218,5
-0.034,0.0,0.14,5
-0.031,0.017,0.195,5
-0.071,0.029,0.154,5
-0.033,-0.012,0.117,5
-0.017,-0.015,0.101,5
-0.041,0.011,0.095,5
-0.028,0.023,0.09,5
-0.021,0.042,0.033,4
0.01,0.059,0.0,5
0.005,0.084,-0.038,5
-0.003,0.088,-0.069,5
0.043,0.135,-0.096,5
0.099,0.161,-0.1,5
0.128,0.149,-0.193,5
0.167,0.151,-0.238,5
0.254,0.144,-0.245,5
0.263,0.147,-0.233,5
0.267,0.137,-0.27,5
0.248,0.123,-0.269,5
0.237,0.068,-0.212,5
0.217,0.0,-0.126,5
0.144,-0.007,-0.07,5
0.108,-0.011,-0.076,5
0.054,-0.023,-0.055,5
0.018,-0.02,0.005,5
0.008,-0.001,0.022,5
-0.074,-0.1,-0.031,5
-0.144,-0.133,-0.015,4
-0.19,-0.137,0.024,5
-0.197,-0.115,0.061,5
-0.259,-0.09,0.123,5
-0.211,-0.124,0.085,5
-0.229,-0.103,0.016,5
-0.318,-0.106,-0.027,5
-0.325,-0.117,0.009,5
-0.31,-0.075,0.017,5
-0.236,-0.05,-0.014,5
-0.169,-0.058,-0.065,5
-0.036,-0.082,-0.049,5
0.032,-0.095,0.011,5
0.119,-0.082,-0.041,5
0.197,-0.047,-0.046,5
0.191,0.004,-0.05,5
0.176,0.059,-0.006,5
0.21,0.01,-0.057,5
0.219,0.013,-0.043,5
0.201,0.042,-0.047,5
0.181,0.042,-0.081,4
0.202,0.055,-0.017,5
0.117,0.02,0.1,5
0.028,-0.02,0.228,5
0.012,-0.053,0.197,5
0.011,-0.043,0.117,5
-0.011,-0.056,0.109,5
-0.092,-0.055,0.176,5
-0.039,-0.058,0.343,5
-0.035,-0.073,0.145,5
-0.049,-0.044,-0.114,5
-0.07,-0.001,0.0,5
-0.059,0.063,0.103,5
-0.057,0.069,0.093,5
-0.06,0.049,0.084,5
-0.019,0.018,-0.036,5
-0.052,0.055,-0.131,5
-0.111,0.084,-0.054,5
-0.13,0.136,-0.022,5
-0.19,0.131,0.057,5
-0.189,0.079,0.163,4
-0.178,0.058,0.246,5
-0.156,0.022,0.23,5
-0.188,-0.026,0.181,5
-0.135,-0.024,0.227,5
-0.168,0.016,0.192,5
-0.203,0.019,0.211,5
-0.161,0.03,0.25,5
-0.158,0.044,0.118,5
-0.168,0.07,0.076,5
-0.168,0.089,0.046,5
-0.186,0.136,0.016,5
-0.159,0.165,-0.084,5
-0.173,0.192,-0.149,5
-0.087,0.207,-0.177,5
-0.013,0.221,-0.159,5
-0.025,0.25,-0.229,5
-0.009,0.333,-0.336,5
0.09,0.313,-0.285,5
0.102,0.286,-0.261,5
0.101,0.287,-0.222,4
0.103,0.276,-0.221,5
0.123,0.222,-0.19,5
0.128,0.2,-0.115,5
0.115,0.167,-0.017,5
0.078,0.142,0.001,5
0.023,0.089,0.035,5
0.02,0.084,0.057,5
0.018,0.041,0.069,5
0.029,0.037,0.062,5
0.065,0.029,0.03,5
0.071,-0.008,0.027,5
0.168,-0.002,0.024,5
0.155,0.005,-0.038,5
0.144,-0.007,-0.051,5
0.19,0.036,-0.016,5
0.171,-0.006,-0.023,5
0.197,-0.001,-0.012,5
0.177,0.011,0.027,5
0.155,0.023,0.007,5
0.152,0.055,0.028,5
0.059,0.007,0.012,4
0.006,0.032,-0.001,5
-0.037,0.007,0.041,5
-0.033,0.006,0.063,5
-0.094,0.01,0.048,5
-0.102,-0.012,0.017,5
-0.087,0.027,0.05,5
-0.07,0.007,0.036,5
-0.059,-0.01,0.046,5
-0.074,-0.035,0.062,5
-0.058,-0.04,0.082,5
-0.031,-0.027,0.065,5
-0.066,-0.05,0.084,5
-0.043,-0.045,0.05,5
-0.017,-0.092,0.045,5
0.01,-0.07,0.01,5
0.022,-0.054,0.009,5
0.067,-0.04,-0.06,5
0.09,-0.053,-0.097,5
0.103,-0.048,-0.117,4
0.127,-0.052,-0.118,5
0.144,-0.042,-0.15,5
0.147,-0.064,-0.139,5
0.227,-0.053,-0.142,5
0.222,-0.074,-0.137,5
0.208,-0.053,-0.119,5
0.196,-0.057,-0.098,5
0.202,-0.055,-0.054,5
0.216,-0.084,-0.074,5
0.182,-0.114,-0.024,5
0.155,-0.124,0.008,5
0.113,-0.133,0.016,5
0.068,-0.12,-0.011,5
-0.003,-0.155,-0.001,5
-0.041,-0.148,0.037,5
-0.05,-0.146,0.055,5
-0.127,-0.153,0.045,5
-0.157,-0.168,0.062,5
-0.146,-0.177,0.056,5
-0.101,-0.155,0.007,5
-0.117,-0.135,0.011,4
-0.114,-0.143,-0.028,5
-0.085,-0.137,0.025,5
-0.085,-0.102,0.066,5
-0.081,-0.122,0.02,5
-0.103,-0.11,-0.002,5
-0.058,-0.107,0.049,5
-0.056,-0.127,0.052,5
0.013,-0.11,0.0,5
-0.009,-0.094,-0.047,5
0.047,-0.081,-0.029,5
0.047,-0.072,-0.013,5
0.05,-0.035,0.009,5
0.097,-0.019,-0.004,5
0.092,-0.021,0.047,5
0.087,-0.027,0.012,5
0.1,-0.012,0.024,5
0.12,0.019,0.077,5
0.155,-0.012,0.074,5
0.161,-0.007,0.045,5
0.123,0.014,-0.01,4
0.128,0.013,-0.001,5
0.072,0.025,-0.001,5
0.035,0.074,-0.005,5
0.01,0.088,-0.004,5
-0.02,0.114,-0.051,5
-0.053,0.111,0.018,5
-0.091,0.069,0.055,5
-0.077,0.084,0.079,5
-0.104,0.088,0.097,5
-0.085,0.101,0.087,5
-0.094,0.104,0.057,5
-0.149,0.102,0.077,5
-0.091,0.062,0.082,5
-0.069,0.077,0.083,5
-0.032,0.099,0.096,5
0.001,0.068,0.125,5
-0.029,0.074,0.19,5
-0.043,0.049,0.197,5
-0.082,0.044,0.143,5
-0.069,0.027,0.111,4
-0.084,0.011,0.087,5
-0.101,0.045,0.095,5
-0.121,0.092,0.047,5
-0.096,0.065,-0.017,5
-0.104,0.054,0.023,5
-0.132,0.075,0.025,5
-0.162,0.11,-0.007,5
-0.124,0.095,0.006,5
-0.116,0.103,0.005,5
-0.091,0.105,0.022,5
-0.03,0.103,0.028,5
0.032,0.102,-0.013,5
0.063,0.1,0.083,5
0.165,0.081,-0.007,5
0.217,0.095,-0.079,5
0.208,0.077,-0.08,5
0.226,0.142,-0.115,5
0.225,0.188,-0.146,5
0.271,0.191,-0.127,5
0.27,0.202,-0.123,4
0.252,0.186,-0.132,5
0.239,0.197,-0.123,5
0.19,0.152,-0.107,5
0.153,0.171,-0.131,5
0.172,0.115,-0.126,5
0.155,0.108,-0.135,5
0.118,0.075,-0.104,5
0.106,0.068,-0.171,5
0.087,0.074,-0.171,5
0.104,0.071,-0.184,5
0.085,0.042,-0.183,5
0.102,0.051,-0.178,5
0.088,0.054,-0.216,5
0.122,0.057,-0.25,5
0.075,0.086,-0.26,5
0.102,0.056,-0.225,5
0.152,0.063,-0.246,5
0.124,0.061,-0.221,5
0.073,0.016,-0.173,5
0.083,0.032,-0.164,4
0.018,0.02,-0.135,5
0.008,0.022,-0.126,5
-0.026,0.029,-0.091,5
-0.05,0.008,-0.074,5
-0.088,-0.022,-0.083,5
-0.113,-0.002,-0.049,5
-0.197,0.01,-0.044,5
-0.224,0.0,-0.027,5
-0.297,0.009,0.022,5
-0.314,0.017,0.055,5
-0.309,0.062,0.066,5
-0.364,0.039,0.051,5
-0.362,0.056,0.067,5
-0.412,0.055,0.043,5
-0.392,0.028,0.095,5
-0.413,0.016,0.146,5
-0.359,-0.01,0.204,5
-0.306,-0.026,0.266,5
-0.258,-0.037,0.265,5
-0.176,-0.033,0.359,4
-0.154,-0.012,0.289,5
-0.078,-0.054,0.342,5
-0.019,-0.062,0.329,5
0.008,-0.064,0.326,5
0.024,-0.036,0.238,5
0.048,-0.006,0.171,5
0.095,0.002,0.179,5
0.137,0.006,0.11,5
0.102,0.031,0.025,5
0.087,0.037,-0.037,5
0.091,0.033,-0.054,5
0.073,0.051,-0.027,5
0.131,0.059,-0.072,5
0.096,-0.002,-0.056,5
0.065,0.01,-0.038,5
0.132,-0.003,-0.081,5
0.14,-0.054,-0.082,5
0.078,-0.044,-0.099,5
0.062,-0.031,-0.081,5
0.043,-0.045,-0.116,4
0.03,0.006,-0.138,5
0.014,0.018,-0.043,5
0.056,-0.017,-0.224,5
0.003,0.022,-0.331,5
0.002,0.041,-0.297,5
-0.044,0.067,-0.315,5
-0.087,0.056,-0.292,5
-0.117,0.107,-0.246,5
-0.136,0.126,-0.204,5
-0.079,0.096,-0.127,5
-0.101,0.056,-0.158,5
-0.065,0.068,-0.194,5
-0.08,0.087,-0.204,5
-0.132,0.087,-0.162,5
-0.08,0.117,-0.142,5
-0.064,0.088,-0.132,5
-0.049,0.101,-0.153,5
-0.087,0.112,-0.146,5
-0.091,0.144,-0.101,5
-0.112,0.125,-0.061,4
-0.144,0.147,-0.068,5
-0.203,0.137,-0.039,5
-0.234,0.132,-0.014,5
-0.228,0.131,-0.03,5
-0.296,0.109,0.007,5
-0.348,0.124,0.058,5
-0.365,0.095,0.138,5
-0.341,0.059,0.21,5
-0.35,0.049,0.241,5
-0.315,0.018,0.256,5
-0.223,-0.026,0.247,5
-0.218,-0.032,0.21,5
-0.183,-0.011,0.189,5
-0.169,-0.045,0.2,5
-0.105,-0.04,0.188,5
-0.06,-0.053,0.139,5
0.014,-0.078,0.13,5
0.112,-0.044,0.056,5
0.161,-0.014,0.003,5
0.209,0.0,-0.031,5
0.236,-0.004,-0.01,4
0.26,-0.003,-0.018,5
0.285,0.013,-0.046,5
0.24,-0.026,-0.007,5
0.246,-0.036,0.006,5
0.225,-0.02,0.027,5
0.229,-0.018,0.002,5
0.21,-0.012,0.049,5
0.211,-0.036,0.019,5
0.177,-0.015,0.017,5
0.15,-0.005,-0.006,5
0.126,-0.013,-0.005,5
0.118,-0.012,0.038,5
0.106,-0.032,0.034,5
0.139,-0.029,0.082,5
0.12,-0.052,0.091,5
0.117,-0.068,0.108,5
0.14,-0.053,0.114,5
0.152,-0.09,0.142,5
0.154,-0.081,0.136,5
0.173,-0.086,0.118,4
0.164,-0.103,0.098,5
0.126,-0.058,0.139,5
0.113,-0.074,0.151,5
0.085,-0.062,0.158,5
0.076,-0.056,0.112,5
0.012,-0.037,0.057,5
0.003,-0.055,-0.012,5
-0.036,0.01,-0.006,5
-0.071,0.022,-0.001,5
-0.15,0.028,-0.075,5
-0.161,0.047,-0.084,5
-0.166,0.042,-0.028,5
-0.18,0.059,0.004,5
-0.183,0.058,0.003,5
-0.156,0.043,-0.005,5
-0.119,0.078,-0.021,5
-0.051,0.022,-0.015,5
-0.02,0.011,0.016,5
0.037,0.032,0.018,5
0.098,0.029,0.025,4
0.131,0.017,0.027,5
0.097,0.02,0.016,5
0.07,0.048,0.023,5
0.084,0.043,0.016,5
0.067,0.047,-0.006,5
0.056,0.042,-0.031,5
0.046,0.008,-0.028,5
0.028,-0.022,0.008,5
0.056,-0.011,0.007,5
0.041,-0.036,0.037,5
0.011,-0.041,0.072,5
-0.019,-0.024,0.09,5
0.021,-0.043,0.077,5
0.023,-0.073,0.074,5
0.016,-0.074,0.053,5
0.032,-0.05,0.031,5
0.05,-0.07,0.032,5
0.041,-0.037,-0.005,5
0.063,-0.021,-0.03,5
0.065,-0.044,-0.019,4
0.11,-0.023,0.008,5
0.159,-0.025,-0.005,5
0.143,-0.039,0.0,5
0.142,0.007,0.012,5
0.128,0.006,0.011,5
0.123,-0.015,-0.011,5
0.124,0.003,0.011,5
0.043,-0.005,-0.002,5
0.06,0.003,0.001,5
0.002,-0.005,-0.011,5
-0.019,-0.017,0.028,5
-0.025,0.018,0.025,5
-0.053,-0.013,0.04,5
-0.086,0.0,0.032,5
-0.078,-0.029,-0.018,5
-0.066,0.025,-0.003,5
-0.029,0.031,0.035,5
0.021,-0.019,0.053,5
0.092,-0.013,0.048,5
0.082,0.001,-0.017,4
0.113,0.018,-0.002,5
0.153,0.033,0.04,5
0.129,0.047,0.002,5
0.09,0.055,-0.002,5
0.03,0.071,-0.006,5
-0.02,0.103,-0.027,5
-0.039,0.067,-0.063,5
-0.104,0.064,-0.013,5
-0.115,0.071,-0.081,5
-0.125,0.059,-0.094,5
-0.104,0.036,-0.02,5
-0.132,0.028,-0.044,5
-0.123,0.047,-0.074,5
-0.098,0.033,-0.028,5
-0.084,0.013,-0.021,5
-0.032,0.033,-0.036,5
0.0,0.043,-0.049,5
0.039,0.017,-0.07,5
0.087,0.002,-0.128,5
0.095,0.045,-0.098,4
0.133,0.079,-0.092,5
0.089,0.084,-0.07,5
0.093,0.037,-0.046,5
0.088,0.012,-0.041,5
0.11,-0.002,-0.041,5
0.133,-0.027,-0.024,5
0.085,-0.059,-0.009,5
0.077,-0.062,0.008,5
0.047,-0.06,0.02,5
0.068,-0.023,0.049,5
0.096,-0.047,0.013,5
0.073,-0.059,-0.013,5
0.07,-0.053,-0.042,5
0.029,-0.044,-0.012,5
-0.033,-0.039,-0.049,5
-0.026,-0.018,-0.031,5
-0.015,-0.012,-0.08,5
-0.047,0.006,-0.132,5
-0.09,0.009,-0.145,5
-0.137,0.017,-0.147,4
-0.149,0.024,-0.137,5
-0.138,0.047,-0.115,5
-0.155,0.073,-0.155,5
-0.195,0.087,-0.1,5
-0.202,0.082,-0.108,5
-0.22,0.074,-0.097,5
-0.207,0.071,-0.061,5
-0.199,0.029,-0.042,5
-0.222,0.026,-0.012,5
-0.191,-0.001,0.01,5
-0.168,0.007,0.039,5
-0.134,-0.006,0.091,5
-0.112,-0.031,0.086,5
-0.1,-0.037,0.112,5
-0.052,-0.024,0.088,5
-0.025,0.007,0.096,5
-0.005,-0.044,0.082,5
0.007,-0.031,0.078,5
0.05,-0.028,0.066,5
0.049,-0.012,0.029,5
0.079,-0.032,0.0,4
0.109,-0.025,0.005,5
0.124,-0.065,0.004,5
0.112,-0.067,-0.06,5
0.131,-0.026,-0.032,5
0.113,-0.011,-0.051,5
0.059,-0.009,-0.046,5
0.014,0.012,-0.024,5
0.043,0.011,-0.06,5
0.021,0.01,-0.054,5
-0.036,0.022,-0.036,5
-0.05,0.019,-0.062,5
-0.049,0.035,0.0,5
-0.04,0.018,0.0,5
-0.049,0.025,-0.013,5
-0.026,0.001,-0.02,5
-0.05,0.018,-0.014,5
-0.036,0.007,-0.012,5
-0.006,0.002,-0.045,5
0.045,0.024,-0.045,5
0.058,0.004,-0.066,4
0.078,0.016,-0.107,5
0.061,0.032,-0.122,5
0.059,0.033,-0.106,5
0.04,0.051,-0.061,5
0.041,0.033,-0.063,5
0.054,0.025,-0.022,5
0.057,0.036,-0.037,5
-0.004,0.032,0.082,5
-0.021,-0.013,0.117,5
-0.044,-0.016,-0.097,5
-0.066,-0.014,-0.087,5
-0.094,0.051,-0.087,5
-0.097,0.127,-0.087,5
-0.135,0.149,-0.121,5
-0.113,0.194,-0.087,5
-0.144,0.201,-0.014,5
-0.087,0.172,-0.107,5
-0.013,0.163,-0.127,5
0.065,0.19,-0.105,5
0.075,0.206,-0.09,4
0.081,0.219,-0.073,5
0.111,0.21,-0.108,5
0.091,0.163,-0.171,5
0.104,0.182,-0.106,5
0.124,0.202,0.003,5
0.184,0.19,-0.074,5
0.127,0.232,-0.239,5
0.14,0.187,-0.151,5
0.139,0.116,-0.161,5
0.061,0.126,-0.063,5
0.046,0.161,-0.078,5
-0.053,0.218,-0.273,5
-0.004,0.183,-0.086,5
0.025,0.217,-0.039,5
0.027,0.26,0.016,5
-0.026,0.29,0.161,5
-0.032,0.265,0.024,5
-0.033,0.273,0.0,5
0.038,0.233,0.142,5
0.125,0.179,0.279,4
0.017,0.196,0.264,5
-0.108,0.241,0.25,5
-0.076,0.217,0.281,5
-0.034,0.178,0.309,5
0.012,0.199,0.192,5
0.148,0.153,0.117,5
0.215,0.103,0.135,5
0.267,0.101,0.031,5
0.266,0.113,0.041,5
0.283,0.08,0.041,5
0.306,0.085,0.024,5
0.323,0.076,0.021,5
0.299,0.038,-0.001,5
0.299,0.03,0.041,5
0.274,0.018,0.093,5
0.156,0.029,0.101,5
0.041,0.035,0.116,5
-0.031,0.053,0.122,5
-0.088,0.026,0.144,5
-0.144,-0.023,0.173,4
-0.181,-0.038,0.156,5
-0.327,-0.021,0.2,5
-0.333,-0.058,0.271,5
-0.386,-0.073,0.257,5
-0.416,-0.083,0.313,5
-0.409,-0.075,0.337,5
-0.428,-0.076,0.291,5
-0.403,-0.073,0.292,5
-0.423,-0.07,0.297,5
-0.398,-0.002,0.319,5
-0.427,0.049,0.309,5
-0.436,0.078,0.321,5
-0.491,0.092,0.34,5
-0.485,0.13,0.306,5
-0.48,0.177,0.284,5
-0.445,0.151,0.195,5
-0.387,0.162,0.171,5
-0.327,0.189,0.159,5
-0.285,0.196,0.125,5
-0.166,0.215,0.057,4
-0.124,0.197,0.025,5
-0.129,0.225,0.057,5
-0.094,0.241,0.069,5
-0.089,0.187,0.027,5
-0.015,0.138,0.102,5
-0.005,0.09,0.174,5
0.003,0.081,0.023,5
0.016,0.068,0.042,5
0.001,0.027,0.051,5
0.018,-0.001,0.024,5
-0.004,-0.039,0.004,5
0.017,-0.083,0.086,5
0.028,-0.143,0.017,5
-0.043,-0.163,-0.031,5
-0.021,-0.212,-0.011,5
0.023,-0.238,-0.006,5
0.077,-0.266,-0.095,5
0.043,-0.287,-0.138,5
0.056,-0.301,-0.206,5
0.119,-0.318,-0.28,4
0.077,-0.308,-0.316,5
0.074,-0.294,-0.384,5
0.105,-0.252,-0.457,5
0.194,-0.24,-0.528,5
0.278,-0.211,-0.6,5
0.319,-0.207,-0.596,5
0.403,-0.204,-0.64,5
0.445,-0.192,-0.597,5
0.469,-0.177,-0.572,5
0.487,-0.159,-0.48,5
0.412,-0.109,-0.389,5
0.345,-0.068,-0.298,5
0.323,-0.044,-0.178,5
0.317,-0.095,-0.074,5
0.298,-0.107,0.006,5
0.169,-0.101,0.087,5
0.118,-0.147,0.151,5
0.015,-0.184,0.197,5
0.009,-0.2,0.289,5
0.008,-0.24,0.307,4
-0.065,-0.272,0.302,5
-0.075,-0.292,0.272,5
-0.068,-0.31,0.193,5
-0.065,-0.327,0.131,5
-0.046,-0.294,0.1,5
0.018,-0.273,0.047,5
0.094,-0.241,-0.021,5
0.14,-0.196,-0.118,5
0.243,-0.159,-0.184,5
0.339,-0.139,-0.269,5
0.417,-0.086,-0.315,5
0.423,-0.077,-0.305,5
0.484,-0.039,-0.305,5
0.517,-0.035,-0.322,5
0.509,-0.062,-0.277,5
0.544,-0.043,-0.219,5
0.489,-0.021,-0.214,5
0.453,-0.006,-0.188,5
0.361,-0.018,-0.143,5
0.32,-0.021,-0.129,4
0.219,-0.023,-0.073,5
0.158,-0.003,-0.031,5
0.061,0.043,-0.002,5
0.033,0.048,0.027,5
-0.038,0.082,0.0,5
-0.043,0.095,-0.018,5
-0.052,0.12,-0.042,5
0.004,0.168,-0.024,5
0.06,0.173,-0.022,5
0.093,0.186,-0.011,5
0.148,0.154,0.002,5
0.176,0.147,0.041,5
0.232,0.167,0.036,5
0.239,0.189,0.037,5
0.241,0.17,0.029,5
0.212,0.166,0.022,5
0.148,0.197,0.063,5
0.124,0.151,0.108,5
0.06,0.11,0.145,5
0.033,0.095,0.165,5
0.003,0.055,0.187,4
-0.035,0.054,0.224,5
-0.126,0.023,0.176,5
-0.139,-0.013,0.201,5
-0.177,-0.025,0.237,5
-0.237,-0.04,0.287,5
-0.286,-0.053,0.245,5
-0.279,-0.03,0.276,5
-0.286,-0.019,0.3,5
-0.287,-0.051,0.301,5
-0.241,-0.093,0.27,5
-0.17,-0.105,0.239,5
-0.092,-0.095,0.163,5
-0.061,-0.077,0.039,5
-0.077,-0.078,-0.046,5
-0.043,-0.074,-0.071,5
0.012,-0.071,-0.176,5
0.049,-0.085,-0.193,5
0.092,-0.055,-0.316,5
0.212,-0.05,-0.457,4
0.277,-0.062,-0.54,5
0.253,-0.077,-0.577,5
0.215,-0.087,-0.583,5
0.133,-0.091,-0.473,5
0.072,-0.09,-0.383,5
-0.055,-0.155,-0.176,5
-0.174,-0.247,0.06,5
-0.32,-0.183,0.3,5
-0.555,-0.126,0.713,5
-0.702,-0.075,1.181,5
-0.848,-0.037,1.511,5
-0.991,-0.038,1.838,5
-1.09,-0.085,2.085,5
-1.11,-0.133,2.183,5
-1.142,-0.227,2.206,5
-1.062,-0.317,2.045,5
-0.865,-0.431,1.78,5
-0.632,-0.474,1.499,5
-0.422,-0.487,1.116,5
-0.246,-0.434,0.599,4
-0.023,-0.309,0.16,5
0.107,-0.179,-0.157,5
0.213,-0.044,-0.378,5
0.286,0.106,-0.512,5
0.327,0.285,-0.771,5
0.384,0.321,-0.707,5
0.501,0.336,-0.731,5
0.498,0.389,-1.05,5
0.573,0.414,-1.053,5
0.598,0.425,-0.948,5
0.59,0.399,-0.71,5
0.552,0.368,-0.566,5
0.527,0.301,-0.604,5
0.483,0.314,-0.647,5
0.348,0.36,-0.617,5
0.383,0.406,-0.478,5
0.422,0.395,-0.559,5
0.418,0.39,-0.482,5
0.458,0.304,-0.377,5
0.425,0.226,-0.508,5
0.426,0.152,-0.56,4
0.457,0.054,-0.59,5
0.475,-0.01,-0.544,5
0.493,-0.083,-0.511,5
0.529,-0.182,-0.439,5
0.494,-0.271,-0.291,5
0.453,-0.352,-0.193,5
0.382,-0.416,-0.044,5
0.296,-0.534,0.127,5
0.185,-0.597,0.295,5
0.037,-0.679,0.442,5
-0.117,-0.693,0.527,5
-0.204,-0.744,0.703,5
-0.266,-0.778,0.728,5
-0.269,-0.756,0.65,5
-0.277,-0.753,0.568,5
-0.189,-0.73,0.438,5
-0.109,-0.67,0.269,5
-0.055,-0.611,0.048,5
0.001,-0.559,-0.132,5
0.057,-0.511,-0.309,4
0.176,-0.413,-0.42,5
0.301,-0.285,-0.512,5
0.374,-0.162,-0.671,5
0.362,-0.068,-0.716,5
0.369,0.02,-0.602,5
0.375,0.082,-0.528,5
0.295,0.126,-0.42,5
0.196,0.113,-0.3,5
0.108,0.119,-0.231,5
0.011,0.094,-0.122,5
-0.063,0.067,-0.01,5
-0.199,0.056,0.05,5
-0.252,0.059,0.161,5
-0.3,0.045,0.175,5
-0.417,0.036,0.209,5
-0.457,0.015,0.18,5
-0.489,0.031,0.11,5
-0.522,0.071,0.03,5
-0.538,0.107,0.105,5
-0.502,0.143,0.0,4
-0.438,0.194,-0.116,5
-0.36,0.222,-0.208,5
-0.294,0.298,-0.325,5
-0.252,0.316,-0.361,5
-0.205,0.332,-0.342,5
-0.141,0.32,-0.347,5
-0.118,0.297,-0.385,5
-0.02,0.254,-0.368,5
0.007,0.22,-0.245,5
0.015,0.142,-0.199,5
0.017,0.097,-0.171,5
0.033,0.07,-0.132,5
0.068,0.059,-0.196,5
0.079,0.036,-0.31,5
0.135,0.006,-0.331,5
0.109,0.04,-0.474,5
0.046,0.071,-0.517,5
0.063,0.098,-0.586,5
0.078,0.123,-0.666,5
0.139,0.093,-0.728,4
0.168,0.092,-0.733,5
0.177,0.117,-0.694,5
0.168,0.123,-0.672,5
0.182,0.089,-0.579,5
0.206,0.084,-0.413,5
0.207,0.024,-0.32,5
0.204,0.035,-0.111,5
0.153,0.048,-0.001,5
0.108,0.009,0.093,5
0.075,0.004,0.221,5
0.007,-0.004,0.32,5
-0.044,-0.012,0.348,5
-0.04,-0.011,0.313,5
-0.066,-0.023,0.338,5
-0.094,-0.016,0.313,5
-0.132,-0.002,0.32,5
-0.17,-0.027,0.249,5
-0.239,-0.033,0.242,5
-0.245,-0.004,0.222,5
-0.229,-0.029,0.247,4
-0.215,-0.018,0.196,5
-0.172,-0.016,0.151,5
-0.12,-0.006,0.067,5
-0.052,-0.009,-0.008,5
-0.043,0.012,-0.02,5
0.038,0.032,-0.083,5
0.073,0.029,-0.122,5
0.118,0.048,-0.131,5
0.11,0.069,-0.096,5
0.121,0.045,-0.082,5
0.13,0.049,-0.126,5
0.138,0.009,-0.096,5
0.008,0.008,-0.069,5
-0.056,0.02,-0.062,5
-0.115,0.005,-0.017,5
-0.138,-0.02,-0.058,5
-0.232,-0.031,-0.052,5
-0.291,-0.084,-0.138,5
-0.326,-0.05,-0.193,5
-0.384,-0.053,-0.195,4
-0.406,-0.022,-0.188,5
-0.326,0.009,-0.187,5
-0.294,0.06,-0.159,5
-0.23,0.089,-0.161,5
-0.129,0.08,-0.196,5
-0.116,0.085,-0.146,5
-0.049,0.098,-0.071,5
-0.014,0.105,-0.03,5
-0.012,0.112,-0.018,5
0.001,0.113,-0.003,5
-0.015,0.149,0.0,5
-0.048,0.152,-0.007,5
-0.091,0.18,-0.041,5
-0.09,0.183,-0.028,5
-0.09,0.173,-0.008,5
-0.081,0.186,-0.033,5
-0.081,0.236,-0.077,5
-0.133,0.221,-0.078,5
-0.154,0.216,-0.023,5
-0.152,0.221,-0.055,4
-0.068,0.254,0.006,5
-0.013,0.229,0.07,5
0.026,0.21,0.11,5
0.075,0.207,0.108,5
0.141,0.164,0.144,5
0.152,0.178,0.117,5
0.15,0.22,0.118,5
0.131,0.259,0.162,5
0.212,0.181,0.232,5
0.148,0.215,0.114,5
0.004,0.223,0.059,5
-0.043,0.184,0.097,5
-0.065,0.195,0.1,5
-0.14,0.215,0.098,5
-0.152,0.249,0.032,5
-0.115,0.276,0.003,5
-0.026,0.291,0.042,5
0.036,0.266,0.072,5
0.084,0.266,0.039,5
0.114,0.243,-0.011,4
0.142,0.215,-0.053,5
0.192,0.241,-0.005,5
0.182,0.255,0.012,5
0.176,0.251,0.084,5
0.141,0.265,0.067,5
0.14,0.212,0.181,5
0.096,0.152,0.27,5
0.039,0.124,0.308,5
-0.05,0.081,0.501,5
-0.157,0.112,0.701,5
-0.215,0.062,0.833,5
-0.232,0.008,0.94,5
-0.204,-0.108,1.04,5
-0.197,-0.153,1.129,5
-0.199,-0.241,1.288,5
-0.114,-0.325,1.306,5
-0.025,-0.486,1.291,5
0.149,-0.644,1.244,5
0.436,-0.782,1.021,5
0.754,-0.963,0.587,4
0.959,-1.039,0.088,5
1.057,-0.969,-0.157,5
0.977,-0.687,-0.339,5
0.814,-0.342,-0.309,5
0.634,0.01,-0.175,5
0.471,0.388,0.01,5
0.347,0.543,0.129,5
0.234,0.584,0.133,5
0.133,0.516,0.219,5
-0.064,0.473,0.559,5
-0.071,0.331,0.779,5
0.026,0.104,1.055,5
0.019,-0.134,1.302,5
-0.211,-0.314,1.25,5
-0.405,-0.459,1.198,5
-0.274,-0.651,1.25,5
-0.147,-0.706,1.0,5
-0.21,-0.726,1.31,5
-0.336,-0.696,1.416,5
-0.367,-0.644,0.916,4
-0.282,-0.592,0.415,5
-0.22,-0.456,-0.073,5
-0.163,-0.294,-0.355,5
-0.078,-0.118,-0.462,5
0.015,0.066,-0.652,5
0.117,0.193,-0.876,5
0.092,0.298,-0.922,5
0.096,0.35,-0.898,5
0.03,0.406,-0.878,5
-0.101,0.481,-0.673,5
-0.19,0.463,-0.481,5
-0.266,0.439,-0.278,5
-0.269,0.347,-0.276,5
-0.273,0.256,-0.283,5
-0.241,0.145,-0.259,5
-0.178,0.126,-0.31,5
-0.052,0.1,-0.331,5
0.034,0.155,-0.483,5
0.151,0.182,-0.607,5
0.213,0.19,-0.607,4
0.261,0.171,-0.744,5
0.278,0.24,-0.756,5
0.319,0.199,-0.784,5
0.27,0.213,-0.787,5
0.234,0.239,-0.773,5
0.129,0.198,-0.678,5
0.051,0.178,-0.486,5
-0.018,0.104,-0.39,5
-0.067,0.012,-0.338,5
-0.13,-0.023,-0.213,5
-0.194,-0.046,-0.179,5
-0.244,-0.05,-0.135,5
-0.236,-0.041,-0.1,5
-0.217,-0.05,-0.073,5
-0.247,-0.062,-0.035,5
-0.222,-0.034,-0.088,5
-0.265,-0.005,-0.075,5
-0.268,-0.013,-0.119,5
-0.293,-0.016,-0.137,5
-0.333,-0.027,-0.171,4
-0.368,-0.02,-0.158,5
-0.353,-0.057,-0.185,5
-0.391,-0.094,-0.231,5
-0.416,-0.128,-0.225,5
-0.414,-0.132,-0.147,5
-0.346,-0.149,-0.149,5
-0.286,-0.164,-0.182,5
-0.184,-0.148,-0.163,5
-0.118,-0.167,-0.225,5
-0.067,-0.194,-0.288,5
-0.009,-0.226,-0.229,5
0.004,-0.208,-0.241,5
0.051,-0.213,-0.26,5
0.029,-0.196,-0.182,5
0.0,-0.249,-0.06,5
-0.034,-0.233,-0.063,5
-0.112,-0.24,-0.048,5
-0.122,-0.28,-0.069,5
-0.145,-0.261,-0.04,5
-0.186,-0.278,0.157,4
-0.099,-0.237,0.055,5
-0.084,-0.239,0.036,5
-0.041,-0.284,-0.035,5
-0.007,-0.23,-0.083,5
-0.015,-0.224,0.139,5
0.02,-0.24,0.078,5
0.057,-0.251,0.001,5
0.107,-0.286,-0.028,5
0.139,-0.231,-0.137,5
0.156,-0.204,-0.171,5
0.162,-0.115,-0.171,5
0.154,-0.086,-0.231,5
0.173,-0.047,-0.329,5
0.186,0.013,-0.374,5
0.184,0.055,-0.401,5
0.213,0.079,-0.404,5
0.166,0.127,-0.368,5
0.128,0.14,-0.374,5
0.094,0.109,-0.319,5
0.136,0.059,-0.326,5
0.092,0.032,-0.293,4
0.078,0.011,-0.234,5
0.053,-0.028,-0.09,5
-0.011,-0.085,-0.007,5
-0.049,-0.107,0.01,5
-0.117,-0.122,0.095,5
-0.127,-0.131,0.154,5
-0.157,-0.144,0.165,5
-0.155,-0.151,0.17,5
-0.195,-0.11,0.183,5
-0.171,-0.112,0.156,5
-0.072,-0.083,0.024,5
-0.086,-0.036,0.013,5
-0.164,-0.007,0.02,5
-0.139,0.019,-0.08,5
-0.082,0.038,-0.111,5
-0.043,0.043,-0.195,5
-0.022,0.069,-0.309,5
0.031,0.071,-0.312,5
0.002,0.12,-0.225,5
-0.01,0.138,-0.172,4
-0.091,0.145,-0.138,5
-0.103,0.122,-0.076,5
-0.076,0.093,0.021,5
-0.072,0.096,0.053,5
-0.125,0.121,0.095,5
-0.152,0.174,0.06,5
-0.055,0.148,0.192,5
0.071,0.137,0.237,5
0.102,0.158,0.101,5
0.053,0.181,-0.003,5
0.104,0.21,0.096,5
0.085,0.193,0.103,5
-0.052,0.226,-0.001,5
-0.034,0.212,0.059,5
0.016,0.177,0.044,5
-0.045,0.224,0.001,5
-0.114,0.198,0.035,5
-0.107,0.199,0.07,4
-0.066,0.214,-0.018,5
-0.059,0.218,-0.063,5
-0.044,0.196,-0.048,5
-0.006,0.185,-0.099,5
0.003,0.24,-0.21,5
-0.018,0.298,-0.288,5
-0.055,0.341,-0.345,5
-0.006,0.324,-0.393,5
0.058,0.27,-0.422,5
0.065,0.235,-0.479,5
0.024,0.237,-0.474,5
0.06,0.205,-0.371,5
0.084,0.197,-0.2,5
0.175,0.216,-0.042,5
0.235,0.203,0.043,5
0.28,0.196,0.129,5
0.364,0.137,0.22,5
0.358,0.076,0.271,5
0.275,0.034,0.489,5
0.208,0.018,0.673,5
0.106,-0.009,0.722,4
-0.068,-0.116,0.775,5
-0.186,-0.203,0.736,5
-0.318,-0.235,0.697,5
-0.441,-0.22,0.657,5
-0.501,-0.211,0.557,5
-0.558,-0.177,0.445,5
-0.502,-0.146,0.379,5
-0.409,-0.118,0.16,5
-0.213,-0.059,-0.101,5
0.079,0.019,-0.164,5
0.399,0.116,-0.208,5
0.626,0.148,-0.195,5
0.753,0.176,-0.21,5
0.811,0.171,-0.202,5
0.76,0.193,-0.053,5
0.77,0.165,0.103,5
0.715,0.114,0.217,5
0.566,0.021,0.307,5
0.462,-0.101,0.303,5
0.364,-0.25,0.302,4
0.28,-0.385,0.233,5
0.269,-0.532,0.089,5
0.311,-0.806,-0.095,5
0.336,-1.07,-0.28,5
0.311,-1.161,-0.497,5
0.133,-1.097,-0.236,5
-0.155,-0.935,0.041,5
-0.488,-0.721,0.317,5
-0.78,-0.558,0.75,5
-1.008,-0.468,0.934,5
-1.144,-0.344,1.008,5
-1.159,-0.21,1.244,5
-1.146,-0.099,1.438,5
-0.984,-0.02,1.462,5
-0.748,-0.052,1.299,5
-0.496,-0.107,1.147,5
-0.18,-0.058,0.933,5
0.066,-0.06,0.719,5
0.245,-0.037,0.522,5
0.423,0.017,0.367,4
0.479,0.029,0.347,5
0.47,0.004,0.334,5
0.371,-0.008,0.335,5
0.166,0.039,0.418,5
-0.125,0.035,0.458,5
-0.281,-0.067,0.503,5
-0.442,-0.176,0.547,5
-0.514,-0.262,0.54,5
-0.566,-0.326,0.434,5
-0.54,-0.302,0.244,5
-0.718,-0.246,0.164,5
-0.565,-0.295,0.376,5
-0.456,-0.295,0.278,5
-0.411,-0.223,-0.003,5
-0.327,-0.239,-0.15,5
-0.272,-0.215,-0.148,5
-0.185,-0.232,-0.133,5
-0.05,-0.295,-0.081,5
0.148,-0.408,-0.107,5
0.353,-0.531,-0.092,4
0.568,-0.62,-0.065,5
0.739,-0.64,-0.149,5
0.881,-0.623,-0.203,5
0.999,-0.548,-0.243,5
1.093,-0.489,-0.309,5
1.1,-0.444,-0.421,5
1.051,-0.357,-0.538,5
1.019,-0.252,-0.704,5
0.938,-0.201,-0.806,5
0.801,-0.168,-0.906,5
0.726,-0.151,-0.923,5
0.631,-0.106,-0.9,5
0.486,-0.142,-0.737,5
0.347,-0.154,-0.529,5
0.243,-0.173,-0.377,5
0.133,-0.229,-0.249,5
0.02,-0.279,-0.133,5
-0.032,-0.346,-0.073,5
-0.107,-0.415,-0.052,5
-0.118,-0.459,0.047,4
-0.157,-0.444,0.107,5
-0.211,-0.404,0.079,5
-0.224,-0.35,-0.083,5
-0.27,-0.307,-0.131,5
-0.368,-0.246,-0.178,5
-0.4,-0.131,-0.255,5
-0.533,0.002,-0.247,5
-0.57,0.11,-0.287,5
-0.543,0.211,-0.323,5
-0.571,0.31,-0.282,5
-0.587,0.314,-0.219,5
-0.554,0.364,-0.163,5
-0.511,0.388,-0.138,5
-0.469,0.345,-0.197,5
-0.396,0.267,-0.156,5
-0.253,0.215,-0.144,5
-0.176,0.15,-0.113,5
-0.094,0.1,-0.088,5
0.04,0.052,-0.062,5
0.1,0.025,-0.06,4
0.06,0.087,0.027,5
-0.014,0.117,0.089,5
0.025,0.161,0.127,5
0.014,0.171,0.054,5
-0.06,0.21,-0.024,5
-0.054,0.193,-0.026,5
0.007,0.2,-0.058,5
0.023,0.214,-0.108,5
0.043,0.21,-0.11,5
0.086,0.197,-0.056,5
0.168,0.199,-0.11,5
0.19,0.214,-0.134,5
0.188,0.248,-0.155,5
0.255,0.314,-0.213,5
0.29,0.351,-0.247,5
0.304,0.355,-0.24,5
0.299,0.44,-0.224,5
0.287,0.478,-0.21,5
0.206,0.559,-0.176,5
0.216,0.654,-0.223,4
0.185,0.697,-0.248,5
0.115,0.743,-0.348,5
0.052,0.772,-0.361,5
-0.004,0.773,-0.333,5
-0.116,0.79,-0.352,5
-0.078,0.763,-0.291,5
-0.006,0.717,-0.331,5
-0.083,0.645,-0.444,5
-0.117,0.615,-0.421,5
-0.162,0.588,-0.456,5
-0.154,0.568,-0.467,5
-0.177,0.563,-0.485,5
-0.259,0.48,-0.479,5
-0.241,0.437,-0.5,5
-0.204,0.419,-0.549,5
-0.274,0.442,-0.55,5
-0.268,0.527,-0.547,5
-0.272,0.526,-0.527,5
-0.3,0.559,-0.53,5
-0.352,0.546,-0.524,4
-0.304,0.505,-0.489,5
-0.243,0.476,-0.479,5
-0.185,0.454,-0.513,5
-0.136,0.426,-0.483,5
-0.114,0.37,-0.456,5
-0.111,0.35,-0.385,5
-0.061,0.324,-0.368,5
0.035,0.266,-0.327,5
0.036,0.213,-0.264,5
0.045,0.166,-0.177,5
0.092,0.158,-0.138,5
0.066,0.138,-0.132,5
0.037,0.094,-0.037,5
0.0,0.067,0.004,5
-0.103,0.052,0.051,5
-0.145,-0.009,-0.043,5
-0.242,-0.025,-0.022,5
-0.304,-0.031,0.027,5
-0.364,-0.058,0.097,5
-0.388,-0.026,0.135,4
-0.388,-0.019,0.143,5
-0.345,-0.03,0.103,5
-0.267,-0.062,0.157,5
-0.111,-0.055,0.128,5
-0.009,-0.028,0.103,5
0.146,-0.043,0.209,5
0.286,0.004,0.162,5
0.439,0.008,0.111,5
0.507,-0.018,0.251,5
0.633,-0.025,0.29,5
0.681,-0.022,0.171,5
0.73,-0.016,0.132,5
0.669,-0.027,0.192,5
0.611,-0.067,0.108,5
0.472,-0.125,-0.027,5
0.348,-0.108,-0.11,5
0.205,-0.119,-0.211,5
0.025,-0.111,-0.229,5
-0.102,-0.096,-0.184,5
-0.242,-0.095,-0.187,4
-0.339,-0.128,-0.194,5
-0.335,-0.146,-0.179,5
-0.388,-0.166,-0.127,5
-0.37,-0.214,-0.088,5
-0.312,-0.196,-0.01,5
-0.28,-0.142,0.076,5
-0.239,-0.167,0.068,5
-0.164,-0.21,0.109,5
-0.091,-0.215,0.089,5
-0.056,-0.198,0.102,5
-0.094,-0.174,0.074,5
-0.058,-0.135,0.063,5
-0.065,-0.07,0.048,5
-0.063,-0.054,0.017,5
-0.052,-0.066,-0.048,5
-0.008,0.017,0.003,5
-0.007,0.128,0.123,5
0.066,0.167,0.262,5
0.072,0.176,0.438,5
0.047,0.158,0.597,5
0.056,0.069,0.796,4
0.136,-0.053,0.936,5
0.256,-0.276,0.89,5
0.485,-0.593,0.576,5
0.742,-0.982,-0.049,5
1.082,-1.345,-0.772,5
1.271,-1.456,-1.238,5
1.165,-1.19,-1.313,5
0.661,-0.726,-0.535,5
0.108,-0.412,0.112,5
-0.406,-0.263,0.704,5
-0.9,-0.189,1.125,5
-1.189,-0.2,1.495,5
-1.471,-0.331,2.087,5
-2.203,-0.376,2.4,5
-2.465,-0.597,2.69,5
-2.464,-0.847,2.852,5
-2.369,-1.047,2.743,5
-2.291,-1.205,2.525,5
-2.054,-1.244,2.29,5
-1.719,-1.111,2.177,4
-1.293,-0.823,1.938,5
-0.831,-0.521,1.787,5
-0.291,-0.24,1.561,5
0.456,-0.087,1.254,5
1.105,0.089,0.753,5
1.567,0.291,0.355,5
1.975,0.408,0.134,5
2.282,0.497,0.0,5
2.54,0.632,-0.085,5
2.67,0.685,-0.305,5
2.653,0.69,-0.335,5
2.517,0.703,-0.185,5
2.373,0.671,-0.054,5
2.179,0.548,0.049,5
2.051,0.433,0.182,5
1.958,0.291,0.207,5
1.84,0.201,0.212,5
1.686,0.099,0.204,5
1.578,-0.009,0.175,5
1.347,-0.064,-0.001,4
1.208,-0.14,0.054,5
1.091,-0.186,0.023,5
0.956,-0.163,-0.164,5
0.774,-0.129,-0.35,5
0.623,-0.039,-0.556,5
0.535,0.02,-0.69,5
0.443,0.1,-0.832,5
0.394,0.185,-1.021,5
0.359,0.261,-1.082,5
0.319,0.308,-1.151,5
0.334,0.277,-1.161,5
0.318,0.318,-1.26,5
0.239,0.33,-1.298,5
0.133,0.314,-1.297,5
0.008,0.291,-1.185,5
-0.117,0.288,-1.105,5
-0.226,0.276,-1.055,5
-0.363,0.218,-1.048,5
-0.508,0.205,-0.995,5
-0.698,0.141,-0.926,4
-0.749,0.114,-0.885,5
-0.82,0.086,-0.96,5
-0.894,0.051,-1.071,5
-0.968,0.098,-1.106,5
-1.0,0.105,-1.099,5
-1.06,0.077,-1.101,5
-1.044,0.07,-1.111,5
-0.944,0.011,-1.009,5
-0.893,0.005,-0.848,5
-0.89,-0.007,-0.659,5
-0.852,-0.024,-0.576,5
-0.823,-0.004,-0.518,5
-0.788,-0.06,-0.423,5
-0.813,-0.062,-0.342,5
-0.796,-0.06,-0.213,5
-0.85,-0.102,-0.058,5
-0.825,-0.109,-0.009,5
-0.82,-0.119,0.064,5
-0.803,-0.176,0.157,5
-0.796,-0.21,0.201,4
-0.755,-0.262,0.246,5
-0.684,-0.249,0.299,5
-0.572,-0.25,0.359,5
-0.459,-0.225,0.418,5
-0.297,-0.25,0.398,5
-0.215,-0.281,0.349,5
-0.15,-0.266,0.379,5
-0.148,-0.278,0.376,5
-0.129,-0.276,0.407,5
-0.108,-0.287,0.461,5
-0.123,-0.271,0.441,5
-0.123,-0.266,0.401,5
-0.158,-0.252,0.374,5
-0.198,-0.235,0.28,5
-0.217,-0.233,0.256,5
-0.239,-0.214,0.149,5
-0.288,-0.163,0.112,5
-0.302,-0.107,0.032,5
-0.259,-0.088,-0.005,5
-0.212,-0.062,0.004,4
-0.152,-0.069,-0.026,5
-0.115,-0.062,-0.01,5
-0.047,0.004,0.02,5
-0.047,-0.017,0.095,5
-0.133,-0.033,0.146,5
-0.119,0.03,0.153,5
-0.146,0.061,0.168,5
-0.187,0.077,0.173,5
-0.194,0.078,0.142,5
-0.149,0.079,0.124,5
-0.13,0.101,0.051,5
-0.113,0.073,-0.005,5
-0.123,0.088,-0.047,5
-0.093,0.109,-0.038,5
-0.08,0.12,-0.052,5
-0.093,0.133,-0.016,5
0.019,0.146,-0.092,5
0.094,0.131,-0.195,5
0.042,0.118,-0.184,5
0.05,0.111,-0.144,4
0.14,0.125,-0.108,5
0.096,0.121,-0.14,5
0.104,0.148,-0.187,5
0.054,0.142,-0.064,5
0.04,0.115,-0.011,5
-0.015,0.077,-0.044,5
-0.052,0.095,-0.005,5
-0.077,0.051,-0.013,5
-0.069,0.033,0.009,5
-0.028,0.056,0.021,5
0.004,0.037,0.045,5
0.069,0.007,-0.045,5
0.113,0.002,-0.079,5
0.132,0.049,-0.02,5
0.132,0.053,-0.018,5
0.14,0.065,-0.055,5
0.148,0.08,-0.019,5
0.146,0.106,-0.034,5
0.118,0.13,-0.035,5
0.132,0.156,-0.057,4
0.106,0.149,-0.146,5
0.082,0.155,-0.149,5
0.074,0.179,-0.181,5
0.067,0.23,-0.211,5
0.0,0.233,-0.224,5
-0.03,0.252,-0.193,5
0.041,0.262,-0.195,5
0.02,0.231,-0.245,5
-0.016,0.204,-0.211,5
-0.01,0.231,-0.216,5
0.025,0.251,-0.151,5
-0.003,0.264,-0.136,5
0.053,0.238,-0.14,5
0.052,0.24,-0.203,5
0.064,0.255,-0.157,5
0.083,0.22,-0.184,5
0.032,0.216,-0.196,5
0.05,0.237,-0.159,5
0.067,0.243,-0.147,5
0.03,0.202,-0.202,4
-0.003,0.225,-0.259,5
-0.007,0.211,-0.211,5
-0.006,0.203,-0.16,5
0.007,0.178,-0.174,5
0.036,0.143,-0.165,5
0.011,0.137,-0.127,5
0.049,0.128,-0.106,5
0.108,0.128,-0.121,5
0.128,0.089,-0.057,5
0.154,0.037,-0.043,5
0.173,0.042,-0.008,5
0.129,0.038,0.035,5
0.091,0.06,0.096,5
0.008,0.088,0.116,5
-0.078,0.079,0.135,5
-0.113,0.054,0.169,5
-0.136,0.031,0.203,5
-0.157,0.028,0.144,5
-0.249,0.03,0.138,5
-0.267,0.061,0.181,4
-0.262,0.033,0.154,5
-0.244,0.039,0.186,5
-0.254,0.065,0.258,5
-0.268,0.032,0.193,5
-0.206,0.008,0.169,5
-0.186,0.02,0.178,5
-0.124,-0.003,0.199,5
-0.116,0.005,0.296,5
-0.083,0.009,0.331,5
-0.053,0.051,0.332,5
-0.073,0.05,0.394,5
-0.083,0.045,0.414,5
-0.053,-0.006,0.42,5
-0.052,-0.022,0.49,5
-0.077,-0.02,0.571,5
-0.125,-0.053,0.63,5
-0.164,-0.065,0.778,5
-0.23,-0.101,1.01,5
-0.276,-0.199,1.151,5
-0.274,-0.399,1.191,4
-0.203,-0.712,1.166,5
-0.075,-1.072,1.067,5
0.005,-1.434,0.896,5
0.008,-1.692,0.664,5
0.029,-1.751,0.434,5
-0.042,-1.584,0.55,5
-0.232,-1.296,0.809,5
-0.476,-0.917,0.978,5
-0.648,-0.627,1.182,5
-0.717,-0.435,1.327,5
-0.714,-0.305,1.259,5
-0.617,-0.279,1.085,5
-0.516,-0.186,0.886,5
-0.339,-0.077,0.664,5
-0.086,0.024,0.317,5
0.228,0.031,-0.106,5
0.472,0.084,-0.535,5
0.649,0.191,-0.921,5
0.731,0.349,-1.191,5
0.8,0.594,-1.296,4
0.767,0.81,-1.282,5
0.79,0.984,-1.253,5
0.797,1.088,-1.175,5
0.773,1.16,-1.144,5
0.683,1.221,-1.016,5
0.545,1.137,-0.906,5
0.461,1.062,-0.863,5
0.419,0.956,-0.777,5
0.321,0.856,-0.544,5
0.259,0.693,-0.373,5
0.172,0.572,-0.262,5
0.103,0.454,-0.146,5
-0.022,0.357,-0.04,5
0.022,0.244,-0.015,5
0.007,0.202,-0.095,5
-0.058,0.117,-0.129,5
-0.203,0.097,-0.047,5
-0.32,0.065,0.0,5
-0.37,-0.035,0.082,5
-0.531,-0.139,0.056,4
-0.637,-0.207,0.098,5
-0.664,-0.272,0.192,5
-0.675,-0.31,0.319,5
-0.608,-0.348,0.322,5
-0.568,-0.373,0.281,5
-0.533,-0.413,0.287,5
-0.398,-0.402,0.263,5
-0.263,-0.388,0.288,5
-0.082,-0.379,0.319,5
0.033,-0.384,0.24,5
0.189,-0.359,0.216,5
0.317,-0.34,0.16,5
0.436,-0.315,0.178,5
0.539,-0.331,0.152,5
0.627,-0.332,0.085,5
0.62,-0.316,0.115,5
0.563,-0.306,0.121,5
0.524,-0.323,0.16,5
0.415,-0.376,0.187,5
0.318,-0.365,0.255,4
0.256,-0.419,0.259,5
0.178,-0.454,0.272,5
0.109,-0.482,0.323,5
0.08,-0.516,0.351,5
0.003,-0.559,0.389,5
-0.005,-0.559,0.341,5
0.0,-0.529,0.303,5
0.017,-0.454,0.225,5
0.015,-0.366,0.129,5
0.031,-0.308,0.026,5
0.101,-0.255,-0.092,5
0.129,-0.195,-0.204,5
0.134,-0.133,-0.3,5
0.176,-0.055,-0.347,5
0.202,-0.002,-0.351,5
0.169,0.032,-0.355,5
0.203,0.085,-0.354,5
0.2,0.175,-0.34,5
0.141,0.188,-0.353,5
0.166,0.195,-0.348,4
0.123,0.227,-0.343,5
0.072,0.252,-0.369,5
-0.025,0.278,-0.401,5
-0.1,0.319,-0.378,5
-0.141,0.352,-0.405,5
-0.187,0.39,-0.416,5
-0.177,0.377,-0.409,5
-0.181,0.391,-0.454,5
-0.15,0.421,-0.452,5
-0.1,0.4,-0.51,5
-0.056,0.438,-0.511,5
-0.007,0.407,-0.55,5
0.109,0.4,-0.616,5
0.167,0.408,-0.658,5
0.176,0.414,-0.699,5
0.245,0.394,-0.767,5
0.259,0.42,-0.807,5
0.22,0.447,-0.821,5
0.176,0.419,-0.786,5
0.111,0.377,-0.811,4
0.057,0.365,-0.743,5
-0.008,0.32,-0.668,5
-0.111,0.305,-0.563,5
-0.138,0.262,-0.571,5
-0.206,0.214,-0.501,5
-0.25,0.188,-0.438,5
-0.264,0.148,-0.355,5
-0.263,0.107,-0.294,5
-0.22,0.109,-0.217,5
-0.206,0.103,-0.234,5
-0.224,0.075,-0.228,5
-0.267,0.08,-0.222,5
-0.261,0.111,-0.23,5
-0.274,0.096,-0.229,5
-0.259,0.077,-0.275,5
-0.233,0.083,-0.282,5
-0.253,0.091,-0.236,5
-0.215,0.104,-0.191,5
-0.185,0.08,-0.111,5
-0.145,0.107,-0.044,4
-0.113,0.096,0.041,5
-0.106,0.065,0.11,5
-0.112,0.041,0.22,5
-0.105,0.024,0.28,5
-0.095,0.03,0.273,5
-0.077,0.031,0.315,5
-0.052,0.002,0.309,5
-0.103,0.015,0.244,5
-0.079,-0.024,0.206,5
-0.119,-0.009,0.16,5
-0.124,-0.012,0.049,5
-0.103,-0.02,0.022,5
-0.08,0.029,-0.052,5
-0.093,0.047,-0.094,5
-0.097,0.064,-0.102,5
-0.173,0.105,-0.079,5
-0.143,0.159,-0.127,5
-0.103,0.182,-0.032,5
-0.136,0.168,0.009,5
-0.118,0.186,0.09,4
-0.119,0.176,0.154,5
-0.159,0.158,0.212,5
-0.104,0.142,0.251,5
-0.111,0.093,0.286,5
-0.143,0.088,0.292,5
-0.141,0.084,0.271,5
-0.118,0.088,0.248,5
-0.115,0.092,0.193,5
-0.108,0.13,0.196,5
-0.028,0.169,0.154,5
-0.086,0.191,0.152,5
-0.099,0.258,0.119,5
-0.11,0.245,0.12,5
-0.099,0.212,0.1,5
-0.089,0.199,0.081,5
-0.106,0.205,0.069,5
-0.061,0.249,0.023,5
-0.025,0.259,-0.043,5
0.003,0.237,-0.091,5
0.02,0.291,-0.12,4
0.026,0.318,-0.199,5
0.084,0.346,-0.209,5
0.063,0.398,-0.205,5
0.056,0.418,-0.236,5
0.102,0.415,-0.191,5
0.152,0.382,-0.107,5
0.18,0.348,0.027,5
0.171,0.348,0.051,5
0.162,0.266,0.192,5
0.129,0.088,0.44,5
0.28,-0.157,0.685,5
0.407,-0.443,0.849,5
0.392,-0.541,0.975,5
0.387,-0.594,1.252,5
0.236,-0.66,1.459,5
0.294,-0.796,1.468,5
0.321,-0.902,1.386,5
0.302,-0.941,1.157,5
0.297,-0.898,1.106,5
0.259,-0.86,1.051,5
0.246,-0.735,0.924,4
0.29,-0.64,0.716,5
0.365,-0.529,0.398,5
0.332,-0.45,0.143,5
0.286,-0.297,-0.051,5
0.365,-0.186,-0.223,5
0.411,-0.051,-0.274,5
0.387,0.061,-0.32,5
0.473,0.068,-0.404,5
0.641,0.065,-0.476,5
0.758,0.02,-0.389,5
0.842,0.014,-0.191,5
0.93,0.0,-0.081,5
1.048,-0.008,0.021,5
1.128,-0.046,0.032,5
1.106,-0.007,0.08,5
1.034,0.066,0.167,5
0.991,0.124,0.275,5
0.909,0.193,0.312,5
0.715,0.256,0.384,4
0.596,0.26,0.389,5
0.549,0.17,0.389,5
0.537,0.097,0.354,5
0.475,0.027,0.34,5
0.513,-0.07,0.315,5
0.514,-0.179,0.124,5
0.57,-0.291,-0.116,5
0.543,-0.236,-0.298,5
0.476,-0.16,-0.454,5
0.191,-0.036,-0.615,5
-0.18,0.074,-0.416,5
-0.503,0.157,-0.482,5
-0.883,0.227,-0.313,5
-1.191,0.308,-0.088,5
-1.469,0.342,0.11,5
-1.701,0.316,0.413,5
-1.85,0.224,0.583,5
-1.949,0.042,0.801,5
-2.0,-0.082,0.897,5
-1.933,-0.241,1.053,5
-1.714,-0.385,1.111,4
-1.495,-0.485,1.061,5
-1.264,-0.419,0.817,5
-1.068,-0.308,0.666,5
-0.798,-0.195,0.746,5
-0.593,-0.025,0.357,5
-0.378,0.076,0.325,5
-0.185,0.167,-0.068,5
0.017,0.297,-0.527,5
0.115,0.405,-0.685,5
0.271,0.442,-0.712,5
0.352,0.467,-0.653,5
0.355,0.42,-0.597,5
0.363,0.365,-0.64,5
0.452,0.264,-0.529,5
0.493,0.173,-0.394,5
0.452,0.104,-0.234,5
0.489,-0.026,0.099,5
0.478,-0.205,0.304,5
0.452,-0.395,0.438,5
0.402,-0.558,0.54,4
0.323,-0.709,0.603,5
0.17,-0.832,0.685,5
0.058,-0.9,0.681,5
-0.041,-0.905,0.6,5
-0.149,-0.896,0.449,5
-0.156,-0.824,0.279,5
-0.157,-0.771,0.044,5
-0.18,-0.707,-0.235,5
-0.192,-0.61,-0.453,5
-0.134,-0.523,-0.567,5
-0.056,-0.437,-0.665,5
0.091,-0.371,-0.728,5
0.284,-0.33,-0.784,5
0.402,-0.271,-0.865,5
0.552,-0.196,-0.891,5
0.656,-0.19,-0.884,5
0.75,-0.149,-0.838,5
0.752,-0.1,-0.75,5
0.746,-0.072,-0.761,5
0.809,-0.061,-0.616,4
0.793,-0.042,-0.477,5
0.791,-0.111,-0.403,5
0.695,-0.169,-0.415,5
0.595,-0.221,-0.364,5
0.454,-0.276,-0.25,5
0.313,-0.317,-0.135,5
0.166,-0.324,-0.104,5
0.024,-0.369,-0.081,5
-0.085,-0.419,-0.042,5
-0.18,-0.463,-0.029,5
-0.209,-0.503,-0.001,5
-0.305,-0.552,0.024,5
-0.373,-0.557,0.069,5
-0.332,-0.514,0.075,5
-0.255,-0.462,0.115,5
-0.264,-0.438,0.095,5
-0.251,-0.372,0.034,5
-0.243,-0.352,-0.008,5
-0.279,-0.339,-0.02,4
-0.328,-0.279,0.063,5
-0.339,-0.178,0.091,5
-0.335,-0.13,0.035,5
-0.34,-0.069,-0.037,5
-0.332,-0.019,-0.098,5
-0.316,0.0,-0.191,5
-0.267,0.055,-0.189,5
-0.296,0.075,-0.209,5
-0.293,0.107,-0.27,5
-0.285,0.161,-0.377,5
-0.256,0.205,-0.46,5
-0.287,0.227,-0.452,5
-0.249,0.243,-0.442,5
-0.242,0.253,-0.509,5
-0.247,0.241,-0.553,5
-0.24,0.247,-0.545,5
-0.263,0.235,-0.482,5
-0.194,0.229,-0.404,5
-0.179,0.24,-0.355,5
-0.156,0.229,-0.237,5
-0.145,0.223,-0.166,4
-0.178,0.218,-0.08,5
-0.147,0.209,-0.021,5
-0.188,0.193,0.028,5
-0.26,0.178,-0.004,5
-0.256,0.177,-0.047,5
-0.286,0.198,-0.055,5
-0.391,0.26,-0.006,5
-0.438,0.221,-0.023,5
-0.442,0.208,-0.072,5
-0.427,0.221,-0.056,5
-0.475,0.229,-0.025,5
-0.479,0.262,-0.027,5
-0.483,0.279,-0.007,5
-0.405,0.273,-0.027,5
-0.321,0.28,-0.033,5
-0.259,0.299,-0.077,5
-0.181,0.256,-0.07,5
-0.055,0.269,-0.119,5
0.036,0.303,-0.158,5
0.153,0.294,-0.186,5
0.219,0.338,-0.232,4
0.253,0.326,-0.286,5
0.366,0.314,-0.313,5
0.372,0.335,-0.282,5
0.413,0.297,-0.301,5
0.389,0.293,-0.236,5
0.345,0.289,-0.165,5
0.311,0.282,-0.119,5
0.297,0.254,-0.055,5
0.276,0.207,-0.024,5
0.257,0.152,0.077,5
0.24,0.132,0.082,5
0.22,0.089,0.151,5
0.172,0.084,0.179,5
0.146,0.093,0.192,5
0.106,0.096,0.172,5
0.134,0.1,0.159,5
0.142,0.098,0.152,5
0.106,0.097,0.141,5
0.151,0.13,0.136,5
0.106,0.117,0.1,4
0.117,0.14,0.086,5
0.127,0.156,0.095,5
0.131,0.166,0.124,5
0.131,0.163,0.133,5
0.139,0.168,0.115,5
0.177,0.164,0.117,5
0.181,0.16,0.126,5
0.193,0.166,0.178,5
0.23,0.197,0.152,5
0.181,0.216,0.188,5
0.18,0.233,0.2,5
0.158,0.253,0.171,5
0.133,0.227,0.167,5
0.072,0.2,0.18,5
0.022,0.24,0.166,5
-0.1,0.281,0.059,5
-0.228,0.3,0.002,5
-0.317,0.356,-0.032,4
-0.281,0.368,-0.098,5
-0.382,0.331,-0.135,5
-0.408,0.328,-0.113,5
-0.32,0.326,-0.102,5
-0.267,0.289,-0.044,5
-0.227,0.255,0.015,5
-0.144,0.251,0.061,5
-0.065,0.269,0.15,5
-0.05,0.264,0.156,5
-0.027,0.259,0.166,5
-0.003,0.28,0.219,5
-0.05,0.287,0.223,5
-0.084,0.28,0.192,5
-0.131,0.277,0.168,5
-0.217,0.276,0.19,5
-0.243,0.269,0.158,5
-0.305,0.277,0.142,5
-0.261,0.236,0.175,5
-0.278,0.191,0.231,5
-0.354,0.185,0.169,4
-0.37,0.128,0.234,5
-0.277,0.063,0.301,5
-0.267,0.074,0.405,5
-0.214,0.041,0.399,5
-0.124,-0.014,0.333,5
-0.038,-0.039,0.343,5
0.021,-0.005,0.282,5
0.083,0.017,0.258,5
0.148,0.058,0.22,5
0.207,0.078,0.073,5
0.272,0.096,-0.003,5
0.314,0.112,-0.028,5
0.351,0.127,-0.077,5
0.351,0.101,-0.095,5
0.333,0.052,-0.103,5
0.295,0.017,-0.071,5
0.279,-0.066,-0.068,5
0.259,-0.12,0.045,5
0.182,-0.202,0.106,5
0.176,-0.277,0.168,4
0.232,-0.396,0.147,5
0.347,-0.554,0.046,5
0.445,-0.723,-0.018,5
0.599,-0.845,-0.124,5
0.651,-0.898,-0.202,5
0.629,-0.851,-0.276,5
0.558,-0.71,-0.223,5
0.558,-0.639,0.014,5
0.459,-0.64,0.211,5
0.413,-0.614,0.371,5
0.376,-0.566,0.536,5
0.287,-0.518,0.689,5
0.189,-0.531,0.862,5
0.084,-0.546,1.025,5
0.067,-0.565,1.061,5
-0.034,-0.521,0.985,5
-0.112,-0.508,0.804,5
-0.174,-0.414,0.664,5
-0.187,-0.278,0.558,5
-0.203,-0.125,0.425,4
-0.079,0.024,0.184,5
0.001,0.121,-0.04,5
0.048,0.234,-0.174,5
0.121,0.348,-0.286,5
0.131,0.473,-0.274,5
0.117,0.512,-0.269,5
0.101,0.564,-0.289,5
0.044,0.538,-0.26,5
0.048,0.441,-0.204,5
0.03,0.358,-0.132,5
0.006,0.232,-0.024,5
-0.041,0.157,0.103,5
0.031,0.007,0.023,5
0.045,-0.1,-0.025,5
-0.088,-0.163,0.075,5
-0.234,-0.22,0.102,5
-0.155,-0.297,0.187,5
-0.221,-0.332,-0.029,5
-0.445,-0.338,-0.074,5
-0.435,-0.369,-0.032,5
-0.413,-0.422,-0.076,4
-0.419,-0.492,-0.042,5
-0.377,-0.516,-0.06,5
-0.326,-0.538,-0.105,5
-0.349,-0.57,-0.056,5
-0.28,-0.547,0.065,5
-0.213,-0.57,0.089,5
-0.136,-0.548,0.187,5
-0.001,-0.54,0.147,5
0.058,-0.499,0.137,5
0.091,-0.397,0.179,5
0.19,-0.34,0.234,5
0.244,-0.289,0.293,5
0.314,-0.256,0.289,5
0.347,-0.247,0.243,5
0.356,-0.201,0.245,5
0.398,-0.164,0.216,5
0.422,-0.13,0.082,5
0.44,-0.087,-0.042,5
0.431,-0.039,-0.167,4
0.418,-0.044,-0.275,5
0.423,-0.022,-0.394,5
0.424,-0.011,-0.531,5
0.403,-0.006,-0.599,5
0.341,-0.001,-0.651,5
0.299,-0.014,-0.68,5
0.217,0.013,-0.677,5
0.191,0.029,-0.678,5
0.172,0.013,-0.688,5
0.146,0.007,-0.654,5
0.136,0.002,-0.592,5
0.083,0.002,-0.559,5
0.053,0.014,-0.581,5
0.031,0.026,-0.591,5
-0.053,0.019,-0.541,5
-0.143,0.056,-0.504,5
-0.146,0.089,-0.492,5
-0.183,0.089,-0.486,5
-0.182,0.097,-0.45,5
-0.159,0.1,-0.414,4
-0.199,0.056,-0.355,5
-0.145,0.05,-0.315,5
-0.066,0.032,-0.288,5
-0.089,0.059,-0.276,5
-0.093,0.092,-0.262,5
-0.088,0.147,-0.3,5
-0.084,0.137,-0.296,5
-0.028,0.145,-0.331,5
-0.034,0.173,-0.384,5
-0.125,0.229,-0.414,5
-0.168,0.284,-0.403,5
-0.156,0.268,-0.302,5
-0.157,0.25,-0.315,5
-0.18,0.229,-0.279,5
-0.149,0.176,-0.204,5
-0.087,0.158,-0.158,5
-0.057,0.19,-0.129,5
-0.064,0.214,-0.163,5
-0.036,0.201,-0.151,5
0.001,0.181,-0.145,4
-0.011,0.206,-0.156,5
-0.036,0.211,-0.205,5
-0.123,0.212,-0.193,5
-0.097,0.225,-0.174,5
-0.144,0.181,-0.139,5
-0.103,0.141,-0.112,5
-0.102,0.166,-0.084,5
-0.061,0.14,-0.101,5
-0.072,0.1,-0.031,5
-0.104,0.108,-0.006,5
-0.145,0.114,-0.018,5
-0.139,0.111,0.004,5
-0.112,0.117,0.0,5
-0.114,0.157,-0.008,5
-0.137,0.215,-0.081,5
-0.136,0.271,-0.107,5
-0.187,0.291,-0.101,5
-0.164,0.318,-0.09,5
-0.113,0.303,-0.068,5
-0.119,0.277,-0.044,4
-0.167,0.284,0.02,5
-0.176,0.307,0.069,5
-0.176,0.328,0.101,5
-0.266,0.338,0.095,5
-0.261,0.309,0.12,5
-0.261,0.312,0.138,5
-0.269,0.311,0.094,5
-0.251,0.327,0.055,5
-0.221,0.269,0.027,5
-0.195,0.251,0.042,5
-0.136,0.23,-0.065,5
-0.08,0.25,-0.14,5
-0.016,0.255,-0.07,5
0.106,0.208,-0.041,5
0.164,0.247,-0.106,5
0.16,0.261,-0.134,5
0.166,0.235,-0.112,5
0.141,0.207,-0.071,5
0.083,0.221,-0.038,5
0.028,0.207,-0.03,5
-0.026,0.182,0.028,4
-0.092,0.181,0.086,5
-0.182,0.202,0.129,5
-0.181,0.152,0.176,5
-0.206,0.149,0.206,5
-0.207,0.108,0.259,5
-0.221,0.067,0.328,5
-0.272,0.069,0.29,5
-0.253,0.058,0.317,5
-0.288,0.043,0.311,5
-0.233,-0.02,0.315,5
-0.201,-0.035,0.249,5
-0.19,0.006,0.198,5
-0.188,0.074,0.131,5
-0.165,0.11,0.113,5
-0.071,0.125,0.158,5
-0.008,0.173,0.125,5
0.048,0.203,0.099,5
0.125,0.243,0.076,5
0.139,0.322,0.112,4
0.103,0.358,0.058,5
0.114,0.374,0.095,5
0.086,0.35,0.146,5
0.034,0.358,0.183,5
0.017,0.374,0.207,5
-0.052,0.371,0.303,5
-0.099,0.338,0.337,5
-0.11,0.287,0.342,5
-0.142,0.232,0.368,5
-0.193,0.2,0.362,5
-0.16,0.167,0.403,5
-0.2,0.133,0.371,5
-0.198,0.111,0.317,5
-0.173,0.061,0.264,5
-0.16,0.051,0.272,5
-0.08,0.007,0.223,5
-0.024,0.019,0.183,5
0.016,0.03,0.152,5
0.058,-0.015,0.154,5
0.129,0.007,0.139,4
0.172,-0.031,0.12,5
0.202,-0.106,0.156,5
0.182,-0.125,0.17,5
0.19,-0.117,0.093,5
0.218,-0.123,0.066,5
0.235,-0.145,0.021,5
0.173,-0.139,-0.028,5
0.177,-0.151,-0.059,5
0.189,-0.123,-0.049,5
0.218,-0.132,-0.087,5
0.248,-0.119,-0.122,5
0.257,-0.094,-0.096,5
0.223,-0.084,-0.113,5
0.179,-0.08,-0.119,5
0.174,-0.068,-0.102,5
0.157,-0.078,-0.075,5
0.081,-0.049,-0.033,5
0.021,-0.031,-0.025,5
-0.032,-0.032,-0.036,4
-0.098,-0.068,-0.075,5
-0.144,-0.091,-0.055,5
-0.121,-0.108,-0.032,5
-0.117,-0.118,-0.098,5
-0.149,-0.124,-0.105,5
-0.181,-0.12,-0.051,5
-0.111,-0.134,-0.055,5
-0.057,-0.207,-0.006,5
0.017,-0.332,-0.126,5
0.062,-0.467,-0.294,5
0.125,-0.61,-0.536,5
0.237,-0.752,-0.759,5
0.382,-0.797,-0.984,5
0.4,-0.648,-1.119,5
0.312,-0.476,-0.998,5
0.113,-0.389,-0.644,5
-0.087,-0.402,-0.261,5
-0.354,-0.482,0.204,5
-0.616,-0.555,0.778,5
-0.964,-0.672,1.356,4
-1.285,-0.781,1.909,5
-1.592,-0.901,2.442,5
-1.847,-1.061,2.608,5
-1.955,-1.205,2.532,5
-1.794,-1.334,2.542,5
-1.352,-1.369,2.555,5
-1.35,-1.249,1.972,5
-1.348,-1.124,1.568,5
-1.067,-1.025,1.075,5
-0.456,-0.732,0.661,5
0.239,-0.47,0.319,5
0.569,-0.276,-0.013,5
0.921,-0.029,-0.266,5
1.273,0.107,-0.352,5
1.598,0.174,-0.36,5
1.809,0.281,-0.431,5
1.882,0.318,-0.5,5
1.849,0.329,-0.51,5
1.707,0.287,-0.455,5
1.601,0.203,-0.375,4
1.458,0.083,-0.406,5
1.239,0.045,-0.495,5
0.99,-0.002,-0.471,5
0.753,-0.049,-0.424,5
0.553,-0.083,-0.339,5
0.291,-0.161,-0.292,5
0.033,-0.235,-0.28,5
-0.086,-0.276,-0.295,5
-0.176,-0.279,-0.382,5
-0.292,-0.281,-0.326,5
-0.319,-0.27,-0.285,5
-0.248,-0.221,-0.343,5
-0.206,-0.178,-0.308,5
-0.194,-0.082,-0.282,5
-0.179,0.007,-0.447,5
-0.114,0.088,-0.528,5
-0.029,0.178,-0.44,5
0.021,0.234,-0.405,5
0.057,0.296,-0.528,5
0.043,0.418,-0.682,4
0.082,0.449,-0.67,5
0.142,0.413,-0.633,5
0.124,0.371,-0.725,5
0.064,0.416,-0.484,5
0.088,0.336,-0.302,5
0.023,0.345,-0.285,5
-0.095,0.332,-0.019,5
-0.163,0.226,-0.004,5
-0.224,0.151,0.073,5
-0.34,0.089,0.233,5
-0.37,0.075,0.184,5
-0.428,0.029,0.282,5
-0.549,0.065,0.435,5
-0.593,0.02,0.305,5
-0.676,-0.007,0.313,5
-0.66,-0.101,0.321,5
-0.667,-0.186,0.358,5
-0.73,-0.189,0.236,5
-0.752,-0.235,0.251,5
-0.672,-0.241,0.351,4
-0.588,-0.204,0.264,5
-0.499,-0.201,0.16,5
-0.375,-0.138,-0.023,5
-0.282,-0.059,-0.111,5
-0.146,-0.002,-0.148,5
-0.015,0.041,-0.215,5
0.132,0.101,-0.284,5
0.313,0.143,-0.389,5
0.445,0.18,-0.432,5
0.491,0.244,-0.47,5
0.545,0.284,-0.522,5
0.59,0.282,-0.574,5
0.583,0.266,-0.598,5
0.46,0.265,-0.655,5
0.371,0.222,-0.598,5
0.312,0.199,-0.607,5
0.199,0.141,-0.593,5
0.097,0.096,-0.383,5
0.01,0.057,-0.319,5
-0.128,-0.039,-0.205,4
-0.266,-0.078,-0.081,5
-0.429,-0.1,-0.056,5
-0.472,-0.138,0.031,5
-0.52,-0.197,0.114,5
-0.533,-0.186,0.089,5
-0.544,-0.184,0.149,5
-0.451,-0.196,0.242,5
-0.397,-0.202,0.158,5
-0.383,-0.156,0.068,5
-0.25,-0.184,0.212,5
-0.203,-0.165,0.139,5
-0.17,-0.118,0.048,5
-0.08,-0.115,0.125,5
-0.041,-0.086,0.056,5
-0.029,0.012,0.033,5
0.072,0.028,0.133,5
0.13,-0.021,0.129,5
0.039,0.062,0.034,5
0.096,0.025,0.117,5
0.138,-0.067,0.195,4
0.063,-0.095,0.18,5
-0.058,-0.15,0.266,5
-0.134,-0.212,0.334,5
-0.19,-0.225,0.365,5
-0.21,-0.267,0.449,5
-0.27,-0.258,0.503,5
-0.273,-0.241,0.543,5
-0.268,-0.303,0.476,5
-0.249,-0.337,0.428,5
-0.125,-0.364,0.386,5
-0.044,-0.314,0.347,5
-0.013,-0.21,0.312,5
-0.051,-0.15,0.251,5
-0.029,-0.07,0.165,5
0.085,-0.08,0.187,5
0.279,-0.038,0.1,5
0.441,-0.017,0.004,5
0.462,0.07,-0.134,5
0.471,0.089,-0.228,5
0.519,0.136,-0.192,4
0.48,0.144,-0.143,5
0.367,0.147,-0.008,5
0.382,0.089,-0.076,5
0.396,0.071,-0.146,5
0.356,0.017,0.053,5
0.264,-0.105,0.267,5
0.126,-0.107,0.262,5
0.01,-0.139,0.189,5
-0.042,-0.125,0.264,5
-0.081,-0.165,0.341,5
-0.051,-0.157,0.234,5
-0.089,-0.05,0.129,5
-0.128,-0.063,0.185,5
-0.102,-0.056,0.175,5
-0.048,-0.223,0.114,5
0.132,-0.192,-0.465,5
-0.061,0.162,0.046,5
-0.223,0.327,0.403,5
-0.201,0.243,0.113,5
-0.056,0.029,0.02,4
-0.05,-0.016,-0.012,5
-0.131,0.045,0.027,5
-0.277,0.096,0.15,5
-0.263,0.108,0.191,5
-0.215,0.114,0.12,5
-0.15,0.068,-0.016,5
-0.096,0.092,-0.092,5
-0.13,0.108,-0.152,5
-0.143,0.136,-0.162,5
-0.055,0.14,-0.159,5
-0.019,0.16,-0.139,5
-0.026,0.205,-0.172,5
0.049,0.206,-0.215,5
0.091,0.172,-0.258,5
0.156,0.202,-0.267,5
0.2,0.208,-0.21,5
0.167,0.213,-0.163,5
0.125,0.226,-0.16,5
0.147,0.221,-0.114,5
0.132,0.168,-0.098,4
0.114,0.156,-0.148,5
0.172,0.114,-0.168,5
0.202,0.09,-0.186,5
0.152,0.042,-0.18,5
0.046,0.046,-0.145,5
-0.057,0.042,-0.16,5
-0.159,0.033,-0.028,5
-0.225,0.0,-0.034,5
-0.271,-0.008,-0.022,5
-0.309,-0.016,-0.019,5
-0.304,-0.04,-0.078,5
-0.342,-0.049,-0.07,5
-0.338,-0.035,-0.106,5
-0.283,-0.036,-0.082,5
-0.207,0.001,-0.096,5
-0.083,0.014,-0.12,5
0.08,-0.008,-0.095,5
0.171,0.026,-0.094,5
0.292,0.062,-0.094,5
0.405,0.039,-0.145,5
0.424,0.009,-0.147,4
0.403,0.06,-0.193,5
0.389,0.071,-0.169,5
0.346,0.068,-0.191,5
0.251,0.091,-0.193,5
0.2,0.069,-0.144,5
0.404,-0.062,-0.06,5
0.506,-0.09,-0.093,5
0.507,-0.085,-0.166,5
0.529,-0.094,-0.296,5
0.571,-0.08,-0.374,5
0.574,-0.081,-0.53,5
0.482,-0.081,-0.546,5
0.352,-0.021,-0.591,5
0.188,0.04,-0.687,5
0.031,0.028,-0.657,5
-0.057,0.003,-0.569,5
-0.086,-0.013,-0.474,5
-0.138,-0.012,-0.336,5
-0.227,0.023,-0.207,5
-0.33,0.025,-0.079,4
-0.396,-0.029,0.07,5
-0.442,-0.039,0.145,5
-0.527,-0.03,0.277,5
-0.582,-0.001,0.314,5
-0.584,0.019,0.222,5
-0.582,0.035,0.187,5
-0.644,0.048,0.095,5
-0.636,0.095,0.042,5
-0.62,0.146,-0.008,5
-0.558,0.166,-0.081,5
-0.493,0.184,-0.12,5
-0.379,0.161,-0.16,5
-0.272,0.14,-0.174,5
-0.223,0.148,-0.165,5
-0.184,0.159,-0.161,5
-0.101,0.134,-0.059,5
-0.078,0.099,-0.049,5
-0.035,0.094,-0.009,5
-0.027,0.071,0.034,5
-0.02,0.06,0.073,4
0.015,0.049,0.057,5
0.014,-0.002,0.138,5
-0.026,-0.066,0.137,5
-0.027,-0.103,0.201,5
0.013,-0.136,0.336,5
0.059,-0.156,0.384,5
0.096,-0.167,0.471,5
0.164,-0.163,0.436,5
0.23,-0.194,0.401,5
0.31,-0.218,0.4,5
0.283,-0.191,0.399,5
0.307,-0.181,0.436,5
0.315,-0.176,0.427,5
0.331,-0.184,0.415,5
0.323,-0.122,0.364,5
0.282,-0.063,0.358,5
0.241,-0.026,0.344,5
0.239,-0.015,0.262,5
0.236,0.0,0.214,5
0.2,0.007,0.128,4
0.231,0.054,0.076,5
0.217,0.1,0.112,5
0.221,0.094,0.049,5
0.194,0.076,0.018,5
0.231,0.094,0.0,5
0.294,0.072,-0.034,5
0.321,0.108,-0.07,5
0.319,0.14,-0.102,5
0.343,0.165,-0.091,5
0.42,0.153,-0.155,5
0.331,0.193,-0.222,5
0.315,0.204,-0.122,5
0.335,0.21,-0.092,5
0.276,0.201,-0.122,5
0.283,0.203,-0.11,5
0.259,0.17,-0.086,5
0.164,0.122,0.03,5
0.134,0.114,0.078,5
0.065,0.12,0.114,5
0.002,0.061,0.063,4
-0.031,0.033,0.061,5
-0.071,0.012,0.103,5
-0.103,-0.009,0.135,5
-0.071,0.034,0.169,5
-0.081,0.043,0.113,5
-0.116,0.022,0.068,5
-0.122,0.011,0.031,5
-0.131,0.005,0.01,5
-0.118,0.005,-0.024,5
-0.119,0.004,-0.065,5
-0.073,-0.013,-0.114,5
-0.07,0.001,-0.081,5
-0.075,0.026,-0.073,5
-0.038,-0.001,-0.096,5
-0.03,-0.001,-0.022,5
-0.022,-0.005,0.031,5
0.005,-0.005,0.037,5
-0.029,0.017,0.042,5
-0.069,0.028,0.072,5
-0.114,0.046,0.095,4
-0.171,0.068,0.098,5
-0.167,0.061,0.032,5
-0.168,0.046,0.007,5
-0.177,0.054,-0.01,5
-0.224,0.088,-0.004,5
-0.227,0.126,0.047,5
-0.23,0.152,0.008,5
-0.207,0.167,-0.027,5
-0.173,0.172,-0.101,5
-0.143,0.219,-0.199,5
-0.047,0.206,-0.235,5
-0.059,0.19,-0.259,5
-0.092,0.192,-0.233,5
-0.074,0.194,-0.201,5
-0.011,0.24,-0.198,5
0.015,0.19,-0.329,5
0.143,0.11,-0.744,5
0.219,0.121,-0.821,5
0.21,0.26,-0.514,5
0.172,0.277,-0.381,4
0.176,0.21,-0.399,5
0.171,0.129,-0.488,5
0.133,0.094,-0.457,5
0.115,0.068,-0.355,5
0.022,0.013,-0.315,5
-0.074,0.0,-0.223,5
-0.226,-0.06,-0.171,5
-0.35,-0.037,-0.007,5
-0.397,-0.05,0.152,5
-0.34,-0.084,0.18,5
-0.328,-0.076,0.222,5
-0.265,-0.09,0.222,5
-0.251,-0.106,0.204,5
-0.226,-0.074,0.144,5
-0.19,-0.054,0.117,5
-0.124,0.002,0.084,5
-0.12,0.028,0.11,5
-0.108,0.008,0.155,5
-0.063,-0.022,0.204,5
-0.013,-0.085,0.261,5
0.004,-0.085,0.368,4
0.069,-0.111,0.461,5
0.105,-0.16,0.501,5
0.198,-0.17,0.49,5
0.242,-0.153,0.389,5
0.192,-0.107,0.203,5
0.195,-0.075,0.075,5
-0.014,0.091,-0.151,5
-0.15,0.246,-0.451,5
-0.027,0.156,-0.556,5
0.009,0.124,-0.466,5
0.034,0.085,-0.312,5
0.086,0.034,-0.134,5
0.104,-0.016,0.081,5
0.119,-0.088,0.219,5
0.0,-0.118,0.292,5
-0.077,-0.149,0.353,5
-0.207,-0.16,0.34,5
-0.29,-0.17,0.314,5
-0.338,-0.127,0.248,4
-0.417,-0.093,0.202,5
-0.444,-0.075,0.164,5
-0.434,-0.102,0.118,5
-0.382,-0.091,0.093,5
-0.283,-0.087,0.058,5
-0.19,-0.099,0.082,5
-0.102,-0.072,0.061,5
-0.066,-0.056,0.038,5
-0.059,-0.068,0.042,5
-0.045,-0.052,0.0,5
0.049,-0.038,-0.047,5
0.074,-0.03,-0.107,5
0.08,0.006,-0.053,5
0.098,0.014,-0.091,5
0.161,-0.008,-0.112,5
0.235,-0.02,-0.066,5
0.199,-0.048,-0.012,5
0.201,-0.039,0.044,5
0.176,-0.056,0.074,5
0.154,-0.081,0.088,5
0.199,-0.094,0.11,4
0.244,-0.111,0.107,5
0.271,-0.117,0.131,5
0.283,-0.101,0.113,5
0.276,-0.056,0.072,5
0.222,-0.059,0.099,5
0.183,-0.01,0.072,5
0.221,-0.005,0.03,5
0.224,-0.043,0.01,5
0.176,-0.03,0.035,5
0.188,-0.005,0.031,5
0.17,-0.044,0.045,5
0.148,-0.009,0.054,5
0.155,-0.017,0.014,5
0.161,-0.041,0.004,5
0.136,-0.007,0.016,5
0.114,0.032,0.045,5
0.077,0.029,-0.032,5
0.108,0.017,-0.115,5
0.101,0.015,-0.086,5
0.104,0.027,-0.108,4
0.063,0.033,-0.118,5
0.074,0.047,-0.063,5
0.071,0.033,-0.061,5
0.098,0.008,-0.055,5
0.106,-0.009,-0.032,5
0.155,-0.021,-0.085,5
0.183,-0.04,-0.064,5
0.208,-0.058,-0.014,5
0.178,-0.056,-0.021,5
0.178,-0.042,0.001,5
0.138,-0.059,0.01,5
0.099,-0.079,-0.02,5
0.076,-0.063,-0.031,5
0.003,-0.048,-0.062,5
-0.061,-0.038,-0.06,5
-0.102,-0.06,-0.054,5
-0.182,-0.041,-0.027,5
-0.155,-0.063,-0.029,5
-0.135,-0.083,0.033,5
-0.117,-0.061,0.086,4
-0.11,-0.077,0.056,5
-0.069,-0.108,0.08,5
-0.032,-0.114,0.124,5
-0.046,-0.111,0.133,5
-0.007,-0.104,0.167,5
-0.006,-0.077,0.176,5
0.02,-0.052,0.137,5
0.0,-0.034,0.076,5
-0.012,-0.017,0.021,5
-0.006,-0.011,-0.045,5
-0.018,0.032,-0.101,5
-0.025,0.05,-0.099,5
-0.031,0.058,-0.102,5
-0.015,0.065,-0.096,5
0.003,0.072,-0.069,5
0.024,0.026,-0.097,5
0.078,-0.023,-0.014,5
0.087,0.025,-0.03,5
0.078,0.023,-0.035,5
0.105,-0.009,-0.01,4
0.116,-0.003,0.003,5
0.074,0.0,0.003,5
0.071,-0.007,-0.01,5
0.072,0.005,0.016,5
0.035,-0.012,0.023,5
0.04,-0.01,0.004,5
0.088,-0.052,-0.026,5
0.079,-0.047,-0.045,5
0.019,-0.047,-0.015,5
0.052,-0.025,-0.004,5
0.034,-0.026,0.03,5
-0.034,-0.045,0.074,5
-0.052,-0.084,0.058,5
-0.046,-0.093,0.052,5
-0.072,-0.07,0.047,5
-0.06,-0.106,-0.013,5
-0.097,-0.117,-0.007,5
-0.092,-0.101,-0.028,5
-0.096,-0.057,-0.068,4
-0.172,-0.021,-0.122,5
-0.142,-0.036,-0.101,5
-0.098,-0.015,-0.091,5
-0.109,0.003,-0.146,5
-0.051,0.041,-0.136,5
0.026,0.033,-0.144,5
0.011,0.017,-0.194,5
0.036,0.015,-0.179,5
0.049,0.039,-0.144,5
0.036,0.048,-0.142,5
0.019,0.069,-0.145,5
-0.016,0.071,-0.148,5
-0.075,0.055,-0.133,5
-0.076,0.019,-0.107,5
-0.112,0.048,-0.105,5
-0.118,0.025,-0.085,5
-0.114,0.031,-0.047,5
-0.133,0.02,-0.029,5
-0.146,0.026,-0.005,5
-0.101,0.019,0.029,4
-0.022,0.026,0.061,5
0.005,0.032,0.072,5
-0.003,0.033,0.086,5
0.031,0.012,0.082,5
0.024,0.015,0.078,5
-0.025,0.018,0.079,5
-0.005,0.012,0.127,5
-0.005,-0.014,0.118,5
0.025,-0.008,0.18,5
0.065,-0.033,0.119,5
0.128,-0.052,0.133,5
0.141,-0.064,0.158,5
0.135,-0.087,0.185,5
0.13,-0.074,0.184,5
0.13,-0.08,0.191,5
0.117,-0.054,0.198,5
0.131,-0.045,0.122,5
0.127,-0.066,0.114,5
0.131,-0.055,0.103,5
0.127,-0.071,0.032,4
0.101,-0.077,0.05,5
0.052,-0.078,0.097,5
0.068,-0.057,0.1,5
0.014,-0.043,0.103,5
0.017,-0.051,0.11,5
0.002,-0.033,0.108,5
0.032,-0.047,0.032,5
0.02,-0.072,0.029,5
0.018,-0.044,0.022,5
0.0,-0.035,-0.027,5
-0.039,-0.018,-0.029,5
-0.005,0.008,-0.017,5
0.0,0.016,-0.071,5
0.016,0.014,-0.112,5
0.006,0.047,-0.152,5
-0.015,0.047,-0.158,5
-0.044,0.068,-0.147,5
-0.056,0.091,-0.128,5
-0.012,0.108,-0.076,5
0.023,0.08,-0.021,5
0.038,0.076,0.002,4
0.073,0.03,0.057,5
0.083,0.018,0.052,5
0.113,0.012,0.042,5
0.05,0.024,0.021,5
0.015,0.034,0.001,5
-0.02,0.061,0.044,5
-0.04,0.046,0.048,5
-0.079,0.076,-0.003,5
-0.097,0.068,-0.033,5
-0.078,0.044,-0.068,5
-0.079,0.035,-0.04,5
-0.063,0.002,-0.031,5
-0.052,0.027,-0.028,5
-0.021,0.012,-0.043,5
-0.019,0.028,-0.064,5
0.0,0.051,-0.062,5
0.017,0.037,-0.077,5
0.071,0.037,-0.13,5
0.09,0.034,-0.121,5
0.115,0.043,-0.126,4
0.104,0.065,-0.079,5
0.115,0.075,-0.101,5
0.125,0.072,-0.044,5
0.129,0.022,-0.031,5
0.095,0.041,-0.062,5
0.051,0.02,-0.047,5
0.05,0.009,-0.021,5
-0.001,0.021,0.006,5
-0.044,0.015,-0.054,5
-0.074,0.035,-0.083,5
-0.067,0.027,-0.062,5
-0.095,-0.018,-0.055,5
-0.163,-0.02,-0.02,5
-0.176,-0.027,0.029,5
-0.154,0.001,0.004,5
-0.169,-0.02,0.012,5
-0.144,-0.022,0.046,5
-0.125,-0.05,-0.036,5
-0.065,-0.071,-0.036,4
-0.028,-0.072,-0.041,5
-0.025,-0.091,-0.015,5
-0.018,-0.06,-0.01,5
-0.004,-0.05,-0.034,5
0.056,-0.066,-0.074,5
0.111,-0.081,-0.067,5
0.095,-0.086,-0.077,5
0.099,-0.073,-0.065,5
0.106,-0.079,0.009,5
0.07,-0.075,0.03,5
0.071,-0.089,0.061,5
0.034,-0.11,0.133,5
-0.025,-0.142,0.167,5
-0.082,-0.162,0.154,5
-0.13,-0.146,0.173,5
-0.169,-0.127,0.156,5
-0.139,-0.071,0.179,5
-0.134,-0.068,0.088,5
-0.099,-0.07,0.027,5
-0.063,-0.063,0.02,5
-0.009,-0.035,0.035,4
0.025,-0.01,-0.01,5
0.074,-0.022,-0.035,5
0.11,0.001,-0.036,5
0.125,0.031,-0.015,5
0.16,0.088,0.0,5
0.256,0.023,-0.039,5
0.26,0.038,-0.039,5
0.243,0.047,-0.027,5
0.184,0.06,-0.02,5
0.135,0.084,-0.018,5
0.074,0.101,-0.007,5
0.032,0.074,-0.011,5
0.008,0.023,-0.04,5
-0.018,0.021,-0.049,5
-0.059,0.036,-0.001,5
-0.088,0.032,0.011,5
-0.109,0.046,0.014,5
-0.085,0.029,0.026,5
-0.098,-0.008,0.028,5
-0.088,0.009,0.042,4
-0.101,0.047,0.072,5
-0.091,0.029,0.052,5
-0.077,0.065,0.021,5
-0.07,0.05,0.036,5
-0.123,0.028,-0.001,5
-0.085,0.046,-0.044,5
-0.046,0.068,-0.014,5
-0.041,0.065,-0.042,5
-0.011,0.093,-0.025,5
0.002,0.062,0.011,5
-0.036,0.047,0.061,5
-0.106,0.068,0.103,5
-0.125,0.049,0.058,5
-0.182,0.065,0.061,5
-0.25,0.054,0.029,5
-0.302,0.045,0.026,5
-0.324,0.014,-0.023,5
-0.296,0.047,-0.012,5
-0.425,0.116,-1.256,5
0.336,0.134,-3.014,4
0.229,0.341,-1.062,5
-0.207,0.664,0.336,5
0.149,0.391,-0.244,5
0.651,-0.108,-0.78,5
0.478,-0.192,-0.262,5
0.099,-0.126,0.397,5
0.05,-0.212,0.426,5
0.066,-0.337,0.189,5
-0.077,-0.368,0.265,5
-0.22,-0.31,0.506,5
-0.306,-0.313,0.649,5
-0.383,-0.325,0.713,5
-0.31,-0.396,0.707,5
-0.206,-0.361,0.662,5
-0.198,-0.286,0.656,5
-0.208,-0.214,0.56,5
-0.144,-0.167,0.478,5
-0.07,-0.137,0.4,5
-0.084,-0.08,0.438,5
0.018,-0.02,0.394,5
0.072,0.028,0.307,4
0.138,0.025,0.268,5
0.18,0.036,0.28,5
0.236,0.032,0.308,5
0.32,-0.013,0.354,5
0.361,-0.09,0.388,5
0.407,-0.081,0.375,5
0.452,-0.055,0.281,5
0.454,-0.037,0.141,5
0.422,0.013,0.084,5
0.267,0.141,0.045,5
-0.732,0.649,-0.135,5
-0.685,0.717,-0.858,5
-0.056,0.262,-1.35,5
0.216,0.171,-1.163,5
0.362,0.279,-0.81,5
0.528,0.333,-0.401,5
0.661,0.239,-0.215,5
0.728,0.112,-0.072,5
0.776,-0.049,-0.013,4
0.742,-0.126,0.03,5
0.62,-0.105,0.044,5
0.467,-0.09,0.005,5
0.27,-0.068,-0.037,5
0.144,-0.04,-0.034,5
0.004,-0.049,0.008,5
-0.168,-0.078,0.054,5
-0.237,-0.092,0.122,5
-0.325,-0.117,0.183,5
-0.366,-0.097,0.277,5
-0.403,-0.126,0.322,5
-0.405,-0.122,0.346,5
-0.386,-0.092,0.402,5
-0.313,-0.061,0.353,5
-0.295,-0.06,0.322,5
-0.257,-0.028,0.247,5
-0.183,0.013,0.183,5
-0.174,0.037,0.079,5

# Completed @Sat May 02 15:48:27 GMT+08:00 2020
