# Accelerometer Data File
# Started @Sat May 02 15:47:18 GMT+08:00 2020
#
#
# sensor Vendor: BOSCH
# sensor Name: BMI160 Accelerometer
# sensor Resolution: 0.0023956299m/sec^2; Max Range: 156.9064; Min Delay: 5000 microseconds
# The sensor's attributes are the result hardware and the Android capabilities.
# It means that the Android may not utilize all features provided by the hardware.
#
# Some devices and Android versions save battery too much so the device may go to sleep.
# It just happens after couple of minutes from turning off the scree and it is easy to find it out.
#
# The following file provides the data from accelerometer in the m/s^2 format.
# The diff value is just a time delta between the samples
#
#
# data format:
# so we have 4 columns with values separated by the ","
# X,Y,Z,time_from_previous_sample(ms)

# sensor speed set to:FASTEST
# units set to: m/sec^2
# gravity  filtered out
# Accuracy: HIGH
0.923,0.199,8.564,0
0.809,0.127,7.738,4
0.724,0.054,7.003,5
0.652,0.001,6.341,5
0.565,-0.019,5.759,5
0.409,-0.061,5.282,5
0.243,-0.041,4.797,5
0.068,-0.024,4.36,5
-0.041,-0.005,3.937,5
-0.046,0.034,3.565,5
-0.084,0.073,3.152,5
-0.08,0.057,2.755,5
-0.085,0.116,2.428,5
-0.033,0.105,2.112,5
-0.013,0.116,1.866,5
0.048,0.147,1.658,5
0.069,0.124,1.488,5
0.166,0.129,1.335,5
0.153,0.137,1.188,5
0.164,0.141,1.009,5
0.152,0.174,0.895,4
0.123,0.208,0.767,5
0.072,0.235,0.69,5
0.013,0.259,0.569,5
-0.039,0.246,0.499,5
-0.056,0.225,0.505,5
-0.029,0.155,0.489,5
-0.031,0.123,0.449,5
0.023,0.132,0.486,5
0.09,0.11,0.48,5
0.111,0.056,0.454,5
0.108,0.016,0.4,5
0.098,0.018,0.403,5
0.071,0.0,0.367,5
0.098,0.008,0.321,5
0.114,-0.018,0.272,5
0.098,-0.033,0.219,5
0.084,-0.008,0.257,5
0.071,-0.029,0.193,5
0.055,-0.026,0.199,5
0.024,-0.01,0.227,4
0.017,-0.001,0.256,5
0.011,-0.009,0.265,5
-0.032,-0.017,0.26,5
-0.029,-0.024,0.251,5
-0.06,-0.034,0.273,5
-0.128,-0.078,0.31,5
-0.08,-0.092,0.34,5
-0.072,-0.091,0.349,5
-0.104,-0.069,0.322,5
-0.102,-0.114,0.338,5
-0.053,-0.158,0.312,5
-0.004,-0.203,0.324,5
-0.034,-0.139,0.223,5
0.011,-0.074,0.032,5
-0.019,-0.122,-0.03,5
-0.095,-0.123,0.054,5
-0.12,-0.106,0.16,5
-0.185,0.011,0.149,5
-0.128,0.062,0.134,4
-0.05,0.051,0.137,5
0.096,0.046,-0.052,5
0.259,0.033,-0.245,5
0.19,0.051,-0.276,5
0.179,0.054,-0.107,5
0.243,0.07,-0.083,5
0.215,0.106,-0.096,5
0.159,0.113,-0.143,5
0.237,0.123,-0.253,5
0.287,0.076,-0.198,5
0.288,0.056,-0.156,5
0.277,0.011,-0.356,5
0.141,-0.01,-0.226,5
0.136,0.007,-0.082,5
0.191,0.023,0.003,5
0.107,0.086,0.011,5
0.092,0.155,-0.084,5
0.156,0.13,-0.119,5
0.106,0.109,-0.206,5
0.035,0.141,-0.358,4
0.057,0.157,-0.339,5
0.086,0.146,-0.271,5
0.129,0.148,-0.291,5
0.176,0.159,-0.245,5
0.202,0.087,-0.216,5
0.173,0.057,-0.16,5
0.19,0.004,-0.109,5
0.154,-0.073,-0.038,5
0.104,-0.083,0.107,5
-0.026,-0.092,0.127,5
0.01,-0.096,0.148,5
-0.124,-0.099,0.246,5
-0.322,-0.042,0.234,5
-0.273,-0.033,0.219,5
-0.233,-0.025,0.344,5
-0.239,-0.01,0.206,5
-0.181,-0.022,0.047,5
-0.042,-0.041,-0.008,5
0.008,-0.024,-0.111,4
-0.026,-0.026,-0.087,5
0.088,-0.019,-0.035,5
0.135,0.004,0.028,5
0.173,0.02,0.0,5
0.229,0.031,-0.077,5
0.301,-0.031,-0.151,5
0.335,-0.041,-0.141,5
0.336,-0.011,-0.148,5
0.277,-0.01,-0.155,5
0.383,-0.035,-0.1,5
0.413,-0.04,-0.073,5
0.402,0.019,-0.1,5
0.332,0.013,-0.116,5
0.247,0.016,-0.083,5
0.188,0.036,-0.044,5
0.074,0.028,-0.014,5
-0.027,0.034,0.017,5
-0.042,0.0,0.054,5
-0.081,-0.012,0.078,4
-0.064,-0.024,0.114,5
-0.032,-0.077,0.128,5
0.057,-0.095,0.085,5
0.038,-0.137,0.064,5
0.099,-0.119,0.04,5
0.123,-0.146,0.04,5
0.15,-0.119,0.01,5
0.225,-0.076,0.048,5
0.177,-0.077,0.009,5
0.159,-0.057,0.0,5
0.117,-0.051,-0.064,5
0.144,-0.059,-0.062,5
0.091,-0.04,-0.052,5
0.009,-0.04,-0.046,5
-0.047,-0.066,0.005,5
-0.133,-0.077,0.034,5
-0.202,-0.086,0.07,5
-0.263,-0.078,0.106,5
-0.289,-0.109,0.13,5
-0.311,-0.124,0.173,4
-0.297,-0.15,0.19,5
-0.293,-0.148,0.171,5
-0.234,-0.124,0.145,5
-0.206,-0.142,0.079,5
-0.19,-0.132,0.092,5
-0.158,-0.093,0.018,5
-0.142,-0.097,-0.064,5
-0.119,-0.027,-0.062,5
-0.081,-0.032,-0.06,5
0.025,-0.029,-0.046,5
0.061,-0.009,-0.058,5
0.102,-0.034,-0.057,5
0.053,-0.052,0.008,5
-0.02,-0.042,0.064,5
-0.13,-0.021,0.178,5
-0.246,-0.01,0.259,5
-0.282,-0.022,0.302,5
-0.323,0.001,0.336,5
-0.381,-0.003,0.333,4
-0.36,-0.007,0.347,5
-0.345,0.002,0.334,5
-0.319,0.023,0.296,5
-0.318,0.029,0.262,5
-0.329,0.022,0.232,5
-0.305,0.033,0.191,5
-0.304,0.029,0.245,5
-0.317,0.035,0.268,5
-0.341,0.019,0.319,5
-0.324,0.012,0.317,5
-0.361,-0.001,0.302,5
-0.342,0.007,0.203,5
-0.364,0.032,0.179,5
-0.327,0.037,0.143,5
-0.312,0.055,0.103,5
-0.22,0.05,0.08,5
-0.142,0.04,0.003,5
-0.029,0.075,-0.057,5
0.034,0.08,-0.103,5
0.073,0.102,-0.148,4
0.131,0.084,-0.129,5
0.217,0.092,-0.142,5
0.208,0.109,-0.201,5
0.174,0.124,-0.22,5
0.178,0.103,-0.185,5
0.186,0.097,-0.201,5
0.159,0.104,-0.194,5
0.139,0.111,-0.166,5
0.12,0.096,-0.209,5
0.113,0.082,-0.227,5
0.127,0.078,-0.166,5
0.119,0.13,-0.214,5
0.107,0.126,-0.248,5
0.092,0.109,-0.232,5
0.113,0.111,-0.265,5
0.067,0.104,-0.299,5
0.06,0.124,-0.29,5
0.089,0.098,-0.248,5
0.11,0.08,-0.219,5
0.15,0.037,-0.223,4
0.144,0.034,-0.213,5
0.151,0.06,-0.11,5
0.093,0.071,-0.078,5
0.058,0.026,-0.096,5
0.056,0.036,-0.06,5
0.0,0.041,-0.054,5
-0.004,0.032,-0.1,5
-0.026,0.042,-0.082,5
-0.032,-0.022,-0.099,5
-0.054,-0.05,-0.098,5
-0.044,-0.062,0.01,5
-0.031,-0.043,0.043,5
0.018,-0.081,0.117,5
0.016,-0.069,0.122,5
0.054,-0.079,0.131,5
0.091,-0.106,0.161,5
0.009,-0.134,0.145,5
-0.004,-0.125,0.178,5
-0.021,-0.086,0.156,4
-0.032,-0.108,0.149,5
-0.033,-0.097,0.181,5
-0.064,-0.066,0.142,5
-0.053,-0.05,0.106,5
-0.035,-0.02,0.087,5
-0.066,-0.009,0.043,5
-0.059,0.0,0.048,5
-0.079,0.008,0.038,5
-0.106,0.029,0.039,5
-0.06,0.0,0.065,5
-0.076,0.039,0.05,5
-0.086,0.039,0.041,5
-0.055,0.048,0.036,5
-0.071,0.048,0.037,5
-0.068,0.064,0.012,5
-0.049,0.067,-0.032,5
0.011,0.03,-0.071,5
0.058,0.027,-0.056,5
0.125,0.037,-0.123,4
0.19,0.059,-0.184,5
0.21,0.1,-0.17,5
0.228,0.099,-0.166,5
0.256,0.089,-0.128,5
0.252,0.153,-0.158,5
0.21,0.155,-0.267,5
0.21,0.165,-0.271,5
0.168,0.157,-0.265,5
0.086,0.142,-0.225,5
0.09,0.127,-0.216,5
0.051,0.145,-0.19,5
0.0,0.16,-0.149,5
-0.078,0.127,-0.048,5
-0.092,0.093,-0.052,5
-0.108,0.071,-0.047,5
-0.041,0.051,-0.029,5
-0.007,-0.018,0.016,5
-0.019,-0.034,0.027,5
-0.086,-0.017,0.037,5
-0.125,-0.024,0.051,4
-0.104,-0.026,0.102,5
-0.154,-0.028,0.126,5
-0.155,-0.003,0.105,5
-0.123,-0.003,0.055,5
-0.128,-0.011,0.106,5
-0.106,-0.01,0.117,5
-0.139,0.003,0.114,5
-0.151,0.02,0.111,5
-0.118,-0.02,0.186,5
-0.093,-0.061,0.215,5
-0.075,-0.085,0.266,5
-0.085,-0.094,0.244,5
-0.038,-0.089,0.245,5
-0.047,-0.118,0.251,5
-0.051,-0.102,0.235,5
-0.076,-0.101,0.224,5
-0.094,-0.078,0.249,5
-0.093,-0.044,0.189,5
-0.079,-0.044,0.123,4
-0.071,-0.005,0.124,5
-0.082,0.012,0.085,5
-0.065,0.032,0.068,5
-0.037,0.02,0.096,5
-0.011,0.01,0.099,5
-0.002,0.0,0.068,5
0.002,-0.029,0.061,5
0.028,-0.005,0.089,5
0.038,-0.021,0.093,5
0.034,-0.041,0.075,5
0.009,-0.019,0.072,5
0.0,-0.013,0.078,5
-0.034,-0.042,0.04,5
-0.057,-0.008,0.061,5
-0.034,0.01,0.051,5
-0.026,0.021,0.007,5
0.027,0.028,-0.04,5
0.102,0.064,-0.096,5
0.105,0.01,-0.151,4
0.168,0.026,-0.222,5
0.194,0.045,-0.204,5
0.231,0.036,-0.188,5
0.328,0.037,-0.225,5
0.308,0.016,-0.229,5
0.303,-0.015,-0.253,5
0.299,0.0,-0.241,5
0.295,-0.026,-0.221,5
0.291,-0.006,-0.186,5
0.232,0.019,-0.154,5
0.17,0.03,-0.199,5
0.097,0.014,-0.205,5
0.022,0.013,-0.223,5
-0.026,0.016,-0.171,5
-0.028,0.053,-0.162,5
-0.042,0.035,-0.15,5
-0.094,0.01,-0.148,5
-0.098,0.03,-0.168,5
0.002,0.018,-0.121,5
-0.023,0.008,-0.117,4
-0.025,0.024,-0.105,5
0.015,0.018,-0.065,5
0.001,0.029,-0.05,5
0.026,0.0,-0.092,5
0.019,0.004,-0.1,5
-0.003,-0.034,-0.077,5
0.026,0.003,-0.039,5
0.032,-0.001,-0.001,5
0.007,-0.005,-0.039,5
-0.001,0.0,-0.018,5
-0.07,-0.026,0.03,5
-0.132,-0.028,0.031,5
-0.144,-0.003,0.045,5
-0.169,0.022,0.062,5
-0.212,-0.018,0.052,5
-0.23,-0.038,0.12,5
-0.232,-0.073,0.147,5
-0.222,-0.057,0.136,5
-0.196,-0.055,0.209,4
-0.228,-0.024,0.171,5
-0.144,-0.026,0.132,5
-0.147,-0.006,0.097,5
-0.132,-0.005,0.1,5
-0.046,0.003,0.021,5
-0.02,-0.009,-0.014,5
0.024,-0.004,0.038,5
0.039,-0.029,0.017,5
0.117,-0.074,0.058,5
0.144,-0.054,0.052,5
0.194,-0.078,0.064,5
0.132,-0.092,0.092,5
0.123,-0.096,0.07,5
0.119,-0.086,0.11,5
0.086,-0.082,0.121,5
0.047,-0.061,0.104,5
0.008,-0.063,0.068,5
0.007,-0.044,0.001,5
-0.075,-0.048,-0.007,4
-0.119,-0.034,0.019,5
-0.064,-0.027,0.038,5
-0.062,-0.054,0.026,5
-0.038,-0.023,0.032,5
0.0,-0.059,0.011,5
0.021,-0.071,0.01,5
0.07,-0.068,0.031,5
0.042,-0.044,-0.036,5
0.046,-0.018,-0.041,5
0.059,-0.02,-0.046,5
0.057,0.02,-0.058,5
0.056,0.039,-0.091,5
0.097,0.057,-0.142,5
0.088,0.06,-0.171,5
0.07,0.08,-0.137,5
0.05,0.072,-0.101,5
0.101,0.03,-0.104,5
0.117,0.057,-0.094,5
0.14,0.064,-0.067,4
0.164,0.096,-0.065,5
0.113,0.091,-0.093,5
0.072,0.065,-0.096,5
0.056,0.05,-0.048,5
0.068,0.032,-0.004,5
0.009,0.076,-0.021,5
0.0,0.107,-0.002,5
0.021,0.092,0.054,5
-0.002,0.061,0.01,5
-0.019,0.094,-0.003,5
-0.008,0.114,-0.033,5
0.065,0.103,-0.112,5
0.076,0.106,-0.066,5
0.077,0.117,-0.09,5
0.099,0.083,-0.119,5
0.141,0.062,-0.077,5
0.131,0.06,-0.069,5
0.174,0.05,-0.054,5
0.178,0.027,-0.07,5
0.16,0.042,-0.02,4
0.14,0.038,-0.035,5
0.13,0.004,-0.023,5
0.134,-0.026,0.0,5
0.104,-0.023,0.069,5
0.08,-0.025,0.105,5
0.025,-0.027,0.125,5
-0.007,-0.02,0.121,5
-0.028,-0.052,0.104,5
-0.038,-0.077,0.171,5
-0.069,-0.121,0.232,5
-0.044,-0.1,0.23,5
-0.053,-0.082,0.168,5
-0.104,-0.061,0.087,5
-0.106,-0.046,0.095,5
-0.126,-0.028,0.025,5
-0.143,-0.025,0.04,5
-0.142,0.019,0.023,5
-0.145,0.035,0.012,5
-0.083,0.022,-0.031,5
-0.07,0.024,-0.054,4
-0.08,0.065,-0.07,5
-0.059,0.08,-0.054,5
-0.006,0.072,-0.114,5
0.02,0.026,-0.124,5
0.026,0.045,-0.09,5
0.062,0.002,-0.007,5
0.099,-0.071,0.005,5
0.15,-0.072,0.0,5
0.113,-0.095,0.039,5
0.11,-0.112,0.014,5
0.086,-0.092,0.029,5
0.026,-0.091,0.074,5
-0.062,-0.108,0.053,5
-0.138,-0.08,0.014,5
-0.145,-0.063,0.025,5
-0.148,-0.074,0.023,5
-0.142,-0.067,-0.018,5
-0.149,-0.073,-0.046,5
-0.212,-0.027,0.083,5
-0.1,-0.037,0.092,4
-0.008,-0.059,-0.02,5
0.005,-0.1,-0.052,5
0.06,-0.125,-0.047,5
0.089,-0.095,-0.025,5
0.041,-0.129,0.067,5
0.002,-0.081,0.069,5
-0.019,-0.047,0.092,5
-0.099,-0.038,0.096,5
-0.033,-0.026,0.056,5
-0.068,0.002,0.003,5
-0.096,-0.019,0.028,5
-0.047,0.0,0.008,5
0.017,0.021,-0.013,5
0.054,0.045,-0.068,5
0.087,-0.006,-0.065,5
0.113,-0.014,-0.033,5
0.123,0.021,-0.047,5
0.119,0.023,-0.029,5
0.099,0.012,0.025,4
0.085,-0.01,-0.003,5
0.067,0.046,0.027,5
0.026,0.024,0.002,5
0.032,0.026,-0.031,5
-0.009,0.036,-0.007,5
0.038,0.041,-0.027,5
0.026,0.033,-0.02,5
-0.019,0.029,-0.053,5
-0.021,0.031,0.016,5
-0.036,0.023,-0.015,5
-0.037,0.064,-0.039,5
-0.025,0.045,-0.001,5
0.016,0.066,0.029,5
-0.011,0.046,0.0,5
0.02,0.037,-0.021,5
0.03,0.055,-0.006,5
0.032,0.054,-0.014,5
0.054,0.036,0.004,5
0.032,0.023,-0.008,5
-0.009,0.051,-0.029,4
0.021,0.089,-0.017,5
0.014,0.071,-0.024,5
-0.016,0.043,-0.052,5
-0.015,0.038,-0.029,5
0.0,0.013,0.011,5
0.033,-0.005,0.002,5
0.047,-0.008,0.001,5
0.081,-0.051,0.018,5
0.069,-0.046,0.038,5
0.101,-0.075,0.047,5
0.134,-0.085,0.077,5
0.142,-0.107,0.052,5
0.153,-0.105,0.038,5
0.116,-0.124,0.013,5
0.139,-0.112,-0.018,5
0.155,-0.113,0.017,5
0.105,-0.085,0.076,5
0.073,-0.068,0.06,5
0.07,-0.078,0.067,4
0.085,-0.062,0.081,5
0.029,-0.055,0.034,5
-0.012,-0.067,0.005,5
-0.037,-0.043,0.052,5
-0.046,-0.026,0.094,5
-0.011,-0.049,0.076,5
-0.122,0.02,0.06,5
-0.209,0.031,0.028,5
-0.235,0.002,-0.013,5
-0.22,0.04,-0.011,5
-0.228,0.04,-0.006,5
-0.227,0.028,-0.023,5
-0.178,-0.013,-0.063,5
-0.13,-0.072,-0.005,5
-0.07,-0.082,-0.056,5
-0.024,-0.108,-0.025,5
0.055,-0.115,0.028,5
0.071,-0.099,0.06,5
0.077,-0.067,0.071,4
0.108,-0.078,0.073,5
0.119,-0.096,0.057,5
0.098,-0.082,0.0,5
0.045,-0.043,0.004,5
0.002,0.007,0.038,5
-0.028,0.037,0.042,5
-0.038,0.007,0.055,5
-0.047,0.058,0.011,5
-0.068,0.07,-0.041,5
-0.083,0.019,-0.041,5
-0.083,0.0,0.031,5
-0.049,0.017,0.032,5
-0.014,-0.014,0.076,5
0.008,-0.021,0.116,5
0.094,-0.027,0.092,5
0.127,-0.072,0.112,5
0.162,-0.082,0.088,5
0.18,-0.056,0.054,5
0.119,-0.038,0.022,4
0.107,-0.004,0.037,5
0.066,0.034,-0.047,5
0.055,0.048,-0.086,5
0.015,0.035,-0.125,5
-0.037,0.07,-0.069,5
0.009,0.076,-0.062,5
-0.013,0.021,-0.069,5
0.018,0.01,-0.049,5
-0.005,-0.024,-0.04,5
0.012,-0.039,0.007,5
0.024,-0.053,0.04,5
-0.016,-0.077,0.019,5
-0.019,-0.061,0.03,5
-0.021,-0.051,0.001,5
-0.036,-0.002,-0.024,5
-0.041,0.031,-0.103,5
-0.042,0.041,-0.115,5
-0.098,0.08,-0.159,5
-0.131,0.055,-0.178,5
-0.118,0.084,-0.147,4
-0.08,0.097,-0.145,5
-0.068,0.074,-0.105,5
-0.074,0.05,-0.154,5
-0.062,0.109,-0.122,5
-0.06,0.081,-0.178,5
-0.076,0.099,-0.191,5
-0.055,0.136,-0.133,5
-0.058,0.105,-0.158,5
-0.044,0.069,-0.155,5
-0.056,0.096,-0.131,5
-0.064,0.117,-0.144,5
-0.1,0.118,-0.104,5
-0.095,0.115,-0.093,5
-0.124,0.121,-0.11,5
-0.103,0.104,-0.12,5
-0.127,0.102,-0.095,5
-0.166,0.114,-0.099,5
-0.201,0.102,-0.093,5
-0.215,0.096,-0.053,4
-0.245,0.078,-0.031,5
-0.264,0.087,-0.023,5
-0.186,0.066,0.013,5
-0.128,0.024,0.054,5
-0.137,0.009,0.036,5
-0.141,0.03,0.002,5
-0.079,0.044,0.088,5
-0.144,0.039,0.088,5
-0.138,0.04,0.07,5
-0.155,0.044,0.137,5
-0.243,0.083,0.192,5
-0.24,0.126,0.203,5
-0.263,0.114,0.217,5
-0.241,0.094,0.212,5
-0.187,0.089,0.165,5
-0.185,0.037,0.127,5
-0.171,0.024,0.153,5
-0.111,-0.025,0.133,5
-0.052,-0.044,0.099,5
-0.025,-0.039,0.162,4
0.006,-0.078,0.167,5
0.044,-0.096,0.155,5
0.074,-0.121,0.131,5
0.123,-0.113,0.126,5
0.145,-0.119,0.105,5
0.135,-0.086,0.099,5
0.139,-0.051,0.106,5
0.138,-0.029,0.1,5
0.154,-0.034,0.034,5
0.117,-0.1,0.034,5
0.084,-0.09,0.121,5
0.032,-0.085,0.144,5
0.046,-0.094,0.22,5
0.05,-0.102,0.219,5
0.045,-0.126,0.189,5
0.075,-0.174,0.204,5
0.037,-0.126,0.24,5
0.0,-0.113,0.211,5
0.003,-0.089,0.147,4
0.063,-0.067,0.124,5
0.083,-0.06,0.107,5
0.126,-0.033,0.01,5
0.152,-0.008,-0.029,5
0.193,-0.042,-0.069,5
0.243,-0.016,-0.088,5
0.287,-0.018,-0.088,5
0.258,-0.012,-0.092,5
0.297,0.014,-0.1,5
0.267,0.008,-0.12,5
0.198,-0.013,-0.181,5
0.156,0.026,-0.15,5
0.149,0.045,-0.126,5
0.052,0.053,-0.122,5
0.017,0.087,-0.071,5
0.011,0.082,-0.086,5
-0.063,0.061,-0.12,5
-0.086,0.033,-0.13,5
-0.073,0.043,-0.121,5
-0.075,0.039,-0.057,4
-0.08,0.017,-0.012,5
-0.059,-0.014,-0.011,5
-0.01,0.013,-0.044,5
0.0,0.02,-0.109,5
0.02,0.009,-0.107,5
0.035,0.013,-0.126,5
0.045,0.033,-0.174,5
0.075,0.068,-0.204,5
0.097,0.074,-0.192,5
0.105,0.063,-0.246,5
0.133,0.065,-0.282,5
0.197,0.058,-0.327,5
0.216,0.035,-0.281,5
0.182,0.019,-0.218,5
0.189,0.051,-0.218,5
0.166,0.068,-0.196,5
0.119,0.044,-0.159,5
0.12,0.026,-0.161,5
0.104,0.019,-0.106,5
0.055,0.065,-0.061,4
0.058,0.084,-0.098,5
0.035,0.067,-0.131,5
0.035,0.043,-0.118,5
0.019,0.039,-0.123,5
-0.012,0.022,-0.132,5
-0.032,0.011,-0.085,5
-0.059,0.01,-0.042,5
-0.109,-0.012,0.018,5
-0.077,0.023,0.093,5
-0.082,0.025,0.17,5
-0.108,0.031,0.196,5
-0.106,0.075,0.233,5
-0.138,0.081,0.235,5
-0.15,0.081,0.242,5
-0.196,0.133,0.317,5
-0.215,0.129,0.285,5
-0.167,0.146,0.269,5
-0.082,0.174,0.26,4
-0.039,0.221,0.195,5
0.059,0.251,0.115,5
0.117,0.265,0.09,5
0.157,0.238,0.043,5
0.215,0.262,0.025,5
0.275,0.274,-0.019,5
0.265,0.217,-0.082,5
0.32,0.173,-0.087,5
0.336,0.173,-0.043,5
0.332,0.173,-0.018,5
0.316,0.138,0.039,5
0.332,0.137,0.087,5
0.281,0.115,0.134,5
0.219,0.069,0.155,5
0.201,0.028,0.148,5
0.121,0.008,0.164,5
0.009,-0.031,0.22,5
-0.016,-0.028,0.19,5
-0.028,0.008,0.171,5
-0.072,-0.004,0.128,4
-0.074,-0.025,0.046,5
-0.071,-0.044,-0.04,5
-0.038,-0.044,-0.13,5
-0.042,-0.061,-0.156,5
-0.042,-0.072,-0.222,5
-0.017,-0.039,-0.282,5
0.023,-0.027,-0.34,5
0.038,-0.002,-0.388,5
0.03,0.001,-0.482,5
0.022,0.104,-0.525,5
-0.005,0.176,-0.511,5
-0.009,0.236,-0.559,5
-0.051,0.264,-0.598,5
-0.041,0.306,-0.598,5
-0.024,0.366,-0.59,5
-0.061,0.377,-0.527,5
-0.05,0.331,-0.474,5
-0.036,0.341,-0.409,5
-0.063,0.302,-0.295,4
-0.156,0.263,-0.222,5
-0.183,0.254,-0.067,5
-0.199,0.229,0.103,5
-0.201,0.245,0.187,5
-0.276,0.237,0.19,5
-0.235,0.179,0.206,5
-0.104,0.101,0.224,5
0.022,0.052,0.279,5
0.05,0.025,0.255,5
0.114,0.018,0.23,5
0.137,-0.017,0.25,5
0.145,-0.089,0.246,5
0.173,-0.127,0.235,5
0.16,-0.132,0.241,5
0.136,-0.149,0.23,5
0.139,-0.194,0.216,5
0.168,-0.209,0.185,5
0.095,-0.235,0.141,5
0.047,-0.238,0.118,5
0.06,-0.266,0.093,4
0.028,-0.261,0.118,5
-0.043,-0.273,0.115,5
-0.086,-0.298,0.125,5
-0.125,-0.337,0.186,5
-0.186,-0.337,0.228,5
-0.27,-0.355,0.265,5
-0.347,-0.376,0.307,5
-0.385,-0.347,0.371,5
-0.394,-0.303,0.364,5
-0.398,-0.256,0.358,5
-0.362,-0.226,0.305,5
-0.33,-0.199,0.227,5
-0.31,-0.097,0.092,5
-0.262,-0.066,0.031,5
-0.223,-0.012,-0.139,5
-0.106,0.096,-0.237,5
0.007,0.168,-0.343,5
0.05,0.186,-0.438,5
0.144,0.228,-0.489,5
0.198,0.252,-0.509,4
0.196,0.296,-0.462,5
0.211,0.309,-0.411,5
0.177,0.27,-0.349,5
0.18,0.299,-0.292,5
0.188,0.282,-0.224,5
0.178,0.249,-0.172,5
0.225,0.246,-0.12,5
0.176,0.195,-0.138,5
0.107,0.137,-0.159,5
0.044,0.115,-0.177,5
0.001,0.056,-0.125,5
-0.02,0.033,-0.048,5
-0.065,0.029,-0.043,5
-0.132,0.005,-0.034,5
-0.127,-0.051,-0.052,5
-0.11,-0.14,-0.09,5
-0.108,-0.178,-0.094,5
-0.045,-0.233,-0.08,5
-0.015,-0.27,-0.042,4
0.029,-0.26,0.047,5
0.048,-0.256,0.146,5
0.043,-0.204,0.187,5
0.03,-0.115,0.212,5
0.061,-0.091,0.216,5
-0.004,-0.012,0.195,5
0.008,0.009,0.205,5
0.007,0.043,0.198,5
0.024,0.056,0.169,5
0.073,0.029,0.144,5
0.169,0.047,0.073,5
0.238,0.06,0.083,5
0.305,0.054,0.062,5
0.374,0.009,-0.004,5
0.474,0.008,0.0,5
0.582,-0.022,0.082,5
0.636,-0.002,0.112,5
0.667,-0.01,0.123,5
0.639,-0.018,0.153,5
0.579,-0.02,0.233,4
0.5,-0.036,0.283,5
0.316,-0.028,0.392,5
0.147,0.0,0.547,5
-0.04,0.017,0.69,5
-0.204,0.02,0.777,5
-0.369,0.009,0.768,5
-0.465,-0.012,0.829,5
-0.462,-0.046,0.828,5
-0.506,-0.088,0.818,5
-0.486,-0.127,0.706,5
-0.467,-0.196,0.597,5
-0.42,-0.241,0.503,5
-0.348,-0.303,0.379,5
-0.335,-0.299,0.341,5
-0.254,-0.26,0.298,5
-0.207,-0.247,0.238,5
-0.195,-0.205,0.171,5
-0.119,-0.137,0.064,5
-0.051,-0.093,0.036,4
-0.046,-0.071,-0.014,5
-0.046,-0.008,-0.09,5
-0.132,0.048,-0.086,5
-0.084,0.039,-0.021,5
-0.054,0.052,0.088,5
-0.04,0.051,0.148,5
-0.075,0.102,0.232,5
-0.132,0.131,0.299,5
-0.252,0.062,0.36,5
-0.317,0.047,0.423,5
-0.376,0.033,0.45,5
-0.472,0.043,0.474,5
-0.459,0.0,0.508,5
-0.349,-0.085,0.375,5
-0.236,-0.21,0.239,5
0.002,-0.297,0.081,5
0.273,-0.379,-0.068,5
0.487,-0.428,-0.221,5
0.684,-0.359,-0.207,5
0.818,-0.332,-0.109,4
0.754,-0.303,-0.016,5
0.807,-0.32,0.312,5
0.839,-0.439,0.578,5
0.69,-0.632,0.581,5
0.518,-0.814,0.66,5
0.457,-1.013,0.879,5
0.355,-1.075,0.963,5
0.203,-1.041,1.0,5
0.11,-0.997,0.956,5
0.073,-0.884,0.792,5
-0.033,-0.779,0.613,5
-0.197,-0.58,0.449,5
-0.346,-0.367,0.373,5
-0.432,-0.197,0.327,5
-0.406,-0.004,0.342,5
-0.3,0.116,0.467,5
-0.206,0.19,0.386,5
-0.056,0.197,0.214,5
0.018,0.169,0.042,5
0.124,0.13,0.067,4
0.206,0.091,0.065,5
0.134,0.108,0.007,5
0.099,0.093,-0.066,5
0.037,0.083,-0.288,5
-0.043,0.148,-0.509,5
-0.112,0.202,-0.743,5
-0.14,0.208,-0.871,5
-0.126,0.23,-1.003,5
-0.07,0.229,-1.084,5
-0.015,0.232,-1.126,5
0.037,0.208,-1.147,5
0.115,0.179,-1.162,5
0.289,0.183,-1.287,5
0.359,0.186,-1.322,5
0.409,0.193,-1.319,5
0.437,0.178,-1.415,5
0.385,0.177,-1.498,5
0.333,0.155,-1.495,5
0.283,0.187,-1.44,5
0.138,0.198,-1.438,4
0.072,0.222,-1.389,5
-0.02,0.208,-1.323,5
-0.147,0.204,-1.178,5
-0.275,0.262,-1.056,5
-0.398,0.266,-0.942,5
-0.453,0.265,-0.847,5
-0.494,0.273,-0.823,5
-0.574,0.25,-0.749,5
-0.555,0.195,-0.743,5
-0.521,0.218,-0.708,5
-0.529,0.282,-0.654,5
-0.463,0.314,-0.614,5
-0.395,0.343,-0.579,5
-0.308,0.361,-0.555,5
-0.247,0.381,-0.551,5
-0.119,0.36,-0.535,5
-0.077,0.362,-0.503,5
-0.013,0.343,-0.466,5
0.009,0.348,-0.354,4
0.047,0.373,-0.34,5
0.128,0.319,-0.332,5
0.115,0.304,-0.277,5
0.086,0.312,-0.306,5
0.108,0.212,-0.193,5
0.088,0.191,0.023,5
0.088,0.163,0.189,5
0.062,0.138,0.252,5
0.043,0.06,0.347,5
0.039,0.032,0.347,5
-0.003,-0.018,0.386,5
0.044,-0.042,0.317,5
0.022,-0.029,0.272,5
0.011,-0.082,0.219,5
0.027,-0.039,0.124,5
0.007,-0.04,0.077,5
-0.049,-0.005,0.03,5
-0.113,0.024,-0.006,5
-0.153,0.056,-0.001,5
-0.159,0.072,-0.018,4
-0.122,0.009,-0.034,5
-0.036,-0.025,-0.035,5
-0.037,-0.083,-0.005,5
-0.025,-0.122,0.068,5
0.042,-0.132,0.126,5
0.037,-0.153,0.165,5
0.008,-0.159,0.208,5
0.011,-0.169,0.2,5
-0.028,-0.169,0.223,5
-0.042,-0.204,0.261,5
-0.029,-0.184,0.196,5
-0.048,-0.148,0.155,5
-0.086,-0.12,0.135,5
-0.146,-0.087,0.07,5
-0.235,-0.043,0.046,5
-0.306,0.029,0.11,5
-0.319,0.039,0.142,5
-0.33,0.078,0.128,5
-0.357,0.083,0.137,4
-0.36,0.118,0.119,5
-0.367,0.119,0.171,5
-0.309,0.094,0.232,5
-0.261,0.102,0.308,5
-0.256,0.113,0.32,5
-0.287,0.162,0.378,5
-0.327,0.18,0.358,5
-0.311,0.201,0.361,5
-0.241,0.211,0.419,5
-0.209,0.22,0.42,5
-0.132,0.233,0.383,5
-0.028,0.248,0.327,5
0.064,0.227,0.281,5
0.08,0.218,0.21,5
0.123,0.23,0.129,5
0.227,0.242,0.0,5
0.248,0.269,-0.094,5
0.262,0.32,-0.188,5
0.261,0.357,-0.23,5
0.252,0.377,-0.332,4
0.283,0.395,-0.398,5
0.289,0.334,-0.371,5
0.333,0.305,-0.355,5
0.373,0.318,-0.345,5
0.431,0.273,-0.285,5
0.357,0.215,-0.209,5
0.317,0.233,-0.123,5
0.286,0.218,-0.064,5
0.244,0.166,-0.014,5
0.211,0.136,0.042,5
0.207,0.101,0.064,5
0.178,0.031,0.105,5
0.177,0.006,0.193,5
0.198,0.023,0.221,5
0.213,-0.031,0.268,5
0.144,-0.019,0.293,5
0.035,-0.056,0.397,5
-0.058,-0.119,0.487,5
-0.156,-0.154,0.61,4
-0.175,-0.225,0.756,5
-0.17,-0.336,0.905,5
-0.291,-0.346,1.008,5
-0.451,-0.38,1.101,5
-0.518,-0.437,1.271,5
-0.578,-0.449,1.351,5
-0.646,-0.456,1.25,5
-0.792,-0.445,1.444,5
-0.803,-0.443,1.575,5
-0.805,-0.416,1.551,5
-0.72,-0.413,1.603,5
-0.618,-0.355,1.404,5
-0.448,-0.285,1.276,5
-0.205,-0.26,1.205,5
0.013,-0.2,1.067,5
0.214,-0.193,0.917,5
0.361,-0.152,0.817,5
0.505,-0.124,0.821,5
0.532,-0.111,0.86,5
0.6,-0.143,0.791,4
0.712,-0.198,0.621,5
0.762,-0.225,0.335,5
0.819,-0.259,-0.107,5
0.901,-0.211,-0.575,5
0.957,-0.078,-1.051,5
0.952,0.127,-1.438,5
0.934,0.446,-1.574,5
0.901,0.72,-1.597,5
0.828,0.941,-1.42,5
0.754,1.041,-0.946,5
0.704,0.997,-0.52,5
0.574,0.807,-0.235,5
0.4,0.528,0.007,5
0.183,0.238,0.205,5
0.005,-0.069,0.52,5
-0.227,-0.304,0.882,5
-0.471,-0.562,1.186,5
-0.597,-0.682,1.291,5
-0.757,-0.739,1.123,4
-0.892,-0.656,0.955,5
-0.928,-0.595,0.674,5
-0.913,-0.484,0.331,5
-0.847,-0.379,-0.076,5
-0.719,-0.303,-0.426,5
-0.583,-0.264,-0.685,5
-0.382,-0.224,-0.918,5
-0.18,-0.18,-1.029,5
-0.046,-0.175,-0.861,5
0.16,-0.183,-0.745,5
0.33,-0.152,-0.662,5
0.383,-0.124,-0.583,5
0.465,-0.18,-0.455,5
0.453,-0.188,-0.414,5
0.382,-0.251,-0.368,5
0.245,-0.321,-0.271,5
0.112,-0.306,-0.128,5
-0.079,-0.323,0.026,5
-0.282,-0.321,0.209,5
-0.469,-0.314,0.304,4
-0.595,-0.339,0.399,5
-0.613,-0.361,0.48,5
-0.608,-0.433,0.557,5
-0.568,-0.484,0.522,5
-0.494,-0.526,0.47,5
-0.458,-0.499,0.354,5
-0.356,-0.484,0.138,5
-0.294,-0.461,-0.224,5
-0.23,-0.359,-0.219,5
-0.104,-0.258,-0.365,5
0.048,-0.215,-0.385,5
0.211,-0.176,-0.441,5
0.263,-0.15,-0.651,5
0.47,-0.152,-0.836,5
0.547,-0.103,-0.998,5
0.609,-0.023,-0.997,5
0.591,0.0,-0.966,5
0.575,0.051,-0.982,5
0.509,0.085,-0.939,5
0.497,0.081,-0.945,4
0.503,0.064,-0.906,5
0.41,0.049,-0.893,5
0.382,0.053,-0.855,5
0.313,0.03,-0.778,5
0.269,0.036,-0.735,5
0.233,0.028,-0.692,5
0.124,0.008,-0.631,5
0.081,-0.009,-0.542,5
-0.012,-0.017,-0.475,5
-0.084,-0.024,-0.427,5
-0.149,-0.039,-0.333,5
-0.194,-0.052,-0.265,5
-0.205,-0.021,-0.221,5
-0.206,-0.04,-0.173,5
-0.285,-0.058,-0.143,5
-0.351,-0.03,-0.133,5
-0.35,-0.083,-0.089,5
-0.328,-0.101,-0.007,5
-0.424,-0.073,0.019,4
-0.451,-0.032,-0.034,5
-0.423,-0.054,0.0,5
-0.437,-0.027,-0.026,5
-0.44,-0.02,-0.028,5
-0.422,0.015,-0.077,5
-0.38,0.048,-0.047,5
-0.376,0.065,-0.056,5
-0.395,0.054,-0.097,5
-0.368,0.044,-0.101,5
-0.314,0.1,-0.103,5
-0.265,0.082,-0.106,5
-0.2,0.091,-0.13,5
-0.15,0.09,-0.108,5
-0.079,0.085,-0.106,5
-0.066,0.098,-0.078,5
-0.047,0.075,-0.096,5
-0.003,0.051,-0.022,5
0.039,0.037,0.01,5
0.087,0.042,0.009,4
0.143,0.0,0.085,5
0.159,-0.004,0.09,5
0.113,-0.013,0.115,5
0.153,-0.067,0.173,5
0.138,-0.099,0.224,5
0.102,-0.059,0.172,5
0.096,-0.049,0.146,5
0.143,-0.035,0.153,5
0.154,-0.023,0.137,5
0.173,-0.004,0.149,5
0.216,-0.003,0.126,5
0.233,-0.007,0.139,5
0.257,-0.002,0.104,5
0.3,-0.019,0.085,5
0.326,-0.017,0.106,5
0.367,0.001,0.095,5
0.347,0.031,0.086,5
0.386,0.075,0.017,5
0.365,0.111,-0.053,5
0.362,0.164,-0.078,4
0.283,0.212,-0.134,5
0.255,0.23,-0.19,5
0.216,0.25,-0.235,5
0.169,0.268,-0.177,5
0.091,0.254,-0.121,5
0.0,0.237,-0.109,5
-0.037,0.222,0.03,5
-0.085,0.213,0.122,5
-0.154,0.213,0.17,5
-0.109,0.222,0.183,5
-0.076,0.2,0.122,5
-0.051,0.175,0.023,5
0.0,0.14,-0.051,5
0.035,0.122,-0.05,5
0.091,0.149,-0.006,5
0.108,0.142,-0.027,5
0.084,0.193,-0.003,5
0.063,0.225,0.005,5
0.039,0.259,-0.051,4
0.022,0.258,-0.071,5
0.0,0.289,-0.09,5
-0.065,0.311,-0.107,5
-0.089,0.315,-0.118,5
-0.106,0.275,-0.067,5
-0.112,0.208,0.021,5
-0.045,0.127,0.131,5
0.032,0.045,0.281,5
0.145,-0.027,0.318,5
0.174,-0.059,0.294,5
0.273,-0.087,0.243,5
0.353,-0.126,0.271,5
0.391,-0.122,0.226,5
0.347,-0.097,0.191,5
0.326,-0.053,0.159,5
0.241,-0.043,0.108,5
0.075,-0.043,0.076,5
-0.048,0.021,0.154,5
-0.086,0.036,0.229,5
-0.203,0.054,0.34,4
-0.247,0.061,0.435,5
-0.214,0.012,0.491,5
-0.218,0.002,0.519,5
-0.157,-0.049,0.545,5
-0.081,-0.07,0.568,5
-0.073,-0.119,0.61,5
-0.018,-0.103,0.609,5
-0.042,-0.071,0.656,5
-0.085,-0.064,0.655,5
-0.137,-0.023,0.719,5
-0.223,-0.016,0.733,5
-0.291,-0.014,0.737,5
-0.253,-0.022,0.72,5
-0.202,-0.045,0.747,5
-0.069,-0.084,0.633,5
0.113,-0.243,0.492,5
0.326,-0.469,0.288,5
0.617,-0.728,0.009,5
0.921,-0.918,-0.193,4
1.156,-0.917,-0.346,5
1.252,-0.747,-0.445,5
1.308,-0.47,-0.59,5
1.367,-0.264,-0.63,5
1.355,-0.03,-0.567,5
1.323,0.136,-0.403,5
1.212,0.195,-0.151,5
1.069,0.24,0.143,5
0.829,0.229,0.542,5
0.513,0.232,0.889,5
0.199,0.174,1.196,5
-0.156,0.114,1.443,5
-0.451,0.085,1.531,5
-0.643,0.111,1.525,5
-0.781,0.143,1.329,5
-0.845,0.232,0.916,5
-0.946,0.321,0.441,5
-0.985,0.422,0.017,5
-1.011,0.565,-0.341,5
-0.945,0.672,-0.617,4
-0.906,0.778,-0.788,5
-0.807,0.868,-0.851,5
-0.692,0.893,-0.913,5
-0.644,0.873,-0.77,5
-0.536,0.785,-0.632,5
-0.422,0.603,-0.642,5
-0.337,0.418,-0.539,5
-0.264,0.225,-0.356,5
-0.182,0.043,-0.088,5
-0.22,-0.089,0.174,5
-0.336,-0.24,0.398,5
-0.449,-0.362,0.44,5
-0.494,-0.425,0.383,5
-0.6,-0.439,0.375,5
-0.613,-0.477,0.307,5
-0.599,-0.485,0.195,5
-0.496,-0.501,0.098,5
-0.364,-0.649,0.066,5
-0.177,-0.774,-0.004,4
0.051,-0.847,-0.098,5
0.231,-0.862,0.005,5
0.415,-0.887,0.138,5
0.584,-0.88,0.12,5
0.72,-0.874,-0.007,5
0.833,-0.8,-0.183,5
0.922,-0.776,-0.398,5
0.981,-0.689,-0.448,5
1.025,-0.59,-0.554,5
0.922,-0.462,-0.632,5
0.873,-0.39,-0.772,5
0.799,-0.282,-0.91,5
0.654,-0.181,-0.883,5
0.507,-0.115,-0.812,5
0.413,-0.022,-0.722,5
0.346,-0.015,-0.719,5
0.281,-0.005,-0.707,5
0.171,0.051,-0.671,5
0.089,0.093,-0.578,5
0.037,0.075,-0.581,5
-0.03,0.123,-0.566,4
-0.118,0.176,-0.431,5
-0.218,0.227,-0.384,5
-0.252,0.265,-0.397,5
-0.248,0.307,-0.4,5
-0.305,0.341,-0.395,5
-0.283,0.389,-0.381,5
-0.272,0.414,-0.39,5
-0.267,0.433,-0.412,5
-0.188,0.433,-0.405,5
-0.109,0.381,-0.364,5
-0.072,0.386,-0.337,5
-0.065,0.373,-0.333,5
-0.015,0.331,-0.269,5
0.059,0.303,-0.268,5
0.113,0.285,-0.229,5
0.123,0.261,-0.197,5
0.244,0.23,-0.126,5
0.349,0.203,-0.048,5
0.379,0.174,-0.069,4
0.358,0.139,-0.054,5
0.262,0.156,-0.009,5
0.219,0.157,0.016,5
0.149,0.154,0.036,5
-0.003,0.152,0.093,5
-0.089,0.137,0.062,5
-0.166,0.17,0.073,5
-0.218,0.153,0.079,5
-0.188,0.108,0.088,5
-0.117,0.075,0.088,5
-0.071,0.025,0.044,5
-0.016,0.018,0.023,5
0.079,-0.009,-0.039,5
0.123,-0.004,-0.057,5
0.184,0.009,-0.094,5
0.17,0.064,-0.291,5
0.247,0.044,-0.292,5
0.296,0.049,-0.237,5
0.284,0.078,-0.351,4
0.311,0.118,-0.42,5
0.271,0.119,-0.442,5
0.214,0.133,-0.42,5
0.18,0.145,-0.347,5
0.11,0.096,-0.287,5
0.069,0.091,-0.206,5
0.032,0.125,-0.13,5
-0.04,0.121,-0.069,5
-0.087,0.104,-0.032,5
-0.122,0.103,-0.046,5
-0.066,0.062,-0.063,5
-0.133,0.021,-0.078,5
-0.132,0.032,-0.079,5
-0.136,0.068,-0.032,5
-0.131,0.1,-0.102,5
-0.088,0.128,-0.113,5
-0.083,0.124,-0.145,5
-0.066,0.142,-0.204,5
-0.124,0.179,-0.205,4
-0.151,0.204,-0.128,5
-0.166,0.244,-0.016,5
-0.197,0.215,0.036,5
-0.293,0.233,0.032,5
-0.328,0.209,0.055,5
-0.3,0.253,0.084,5
-0.347,0.236,0.14,5
-0.403,0.238,0.135,5
-0.371,0.253,0.125,5
-0.395,0.241,0.096,5
-0.48,0.268,0.082,5
-0.488,0.237,0.125,5
-0.392,0.188,0.199,5
-0.305,0.134,0.17,5
-0.313,0.134,0.205,5
-0.26,0.082,0.167,5
-0.135,0.013,0.15,5
-0.066,-0.013,0.165,5
0.0,-0.033,0.123,4
0.095,-0.004,0.128,5
0.116,0.047,0.093,5
0.108,0.094,0.011,5
0.154,0.106,-0.067,5
0.207,0.143,-0.077,5
0.208,0.206,-0.151,5
0.187,0.233,-0.188,5
0.186,0.261,-0.212,5
0.141,0.235,-0.169,5
0.179,0.173,-0.105,5
0.169,0.099,0.017,5
0.157,0.029,0.127,5
0.085,-0.05,0.222,5
0.094,-0.132,0.398,5
0.127,-0.205,0.492,5
0.201,-0.249,0.524,5
0.172,-0.263,0.593,5
0.206,-0.292,0.559,5
0.22,-0.263,0.473,5
0.19,-0.232,0.314,4
0.158,-0.196,0.213,5
0.172,-0.172,0.14,5
0.125,-0.095,0.048,5
0.043,-0.055,-0.042,5
0.026,-0.058,-0.076,5
0.04,-0.074,-0.086,5
0.071,-0.092,-0.125,5
0.042,-0.13,-0.134,5
0.051,-0.165,-0.094,5
0.024,-0.213,-0.037,5
-0.098,-0.217,0.064,5
-0.205,-0.29,0.148,5
-0.279,-0.3,0.293,5
-0.346,-0.322,0.371,5
-0.432,-0.311,0.481,5
-0.505,-0.267,0.588,5
-0.584,-0.27,0.675,5
-0.611,-0.243,0.802,5
-0.714,-0.206,0.855,4
-0.742,-0.194,0.886,5
-0.667,-0.149,0.94,5
-0.57,-0.142,1.005,5
-0.397,-0.145,1.047,5
-0.198,-0.122,1.024,5
-0.075,-0.114,1.046,5
0.07,-0.15,0.959,5
0.127,-0.191,1.001,5
0.201,-0.293,0.918,5
0.185,-0.41,0.649,5
0.279,-0.545,0.421,5
0.345,-0.736,0.133,5
0.38,-0.796,-0.211,5
0.432,-0.773,-0.38,5
0.363,-0.493,-0.605,5
0.254,-0.194,-0.811,5
0.099,0.062,-0.747,5
-0.065,0.293,-0.617,5
-0.214,0.457,-0.197,5
-0.283,0.39,0.145,4
-0.448,0.239,0.277,5
-0.671,0.008,0.512,5
-0.892,-0.276,0.948,5
-1.019,-0.546,1.59,5
-1.102,-0.767,2.013,5
-1.147,-0.876,2.294,5
-1.14,-0.887,2.263,5
-1.034,-0.816,2.015,5
-0.84,-0.648,1.658,5
-0.679,-0.458,1.191,5
-0.529,-0.24,0.714,5
-0.252,-0.026,0.267,5
-0.02,0.152,-0.086,5
0.162,0.309,-0.336,5
0.37,0.455,-0.487,5
0.587,0.582,-0.529,5
0.757,0.743,-0.524,5
0.836,0.85,-0.588,5
0.903,0.911,-0.675,5
0.912,0.941,-0.737,4
0.812,0.967,-0.771,5
0.64,1.004,-0.836,5
0.43,1.068,-0.834,5
0.279,1.043,-0.759,5
0.169,0.977,-0.709,5
0.114,0.905,-0.612,5
0.085,0.819,-0.508,5
0.076,0.767,-0.457,5
0.129,0.665,-0.545,5
0.207,0.594,-0.641,5
0.298,0.526,-0.685,5
0.285,0.482,-0.642,5
0.438,0.416,-0.785,5
0.575,0.28,-0.913,5
0.642,0.226,-0.925,5
0.707,0.173,-0.958,5
0.671,0.095,-0.866,5
0.681,0.025,-0.805,5
0.712,-0.062,-0.789,4
0.684,-0.121,-0.775,5
0.65,-0.152,-0.702,5
0.624,-0.236,-0.554,5
0.617,-0.268,-0.391,5
0.551,-0.306,-0.257,5
0.444,-0.357,-0.279,5
0.409,-0.433,-0.242,5
0.312,-0.48,-0.114,5
0.224,-0.501,-0.18,5
0.129,-0.516,-0.149,5
0.025,-0.563,-0.061,5
-0.041,-0.593,-0.072,5
-0.149,-0.616,-0.03,5
-0.25,-0.632,-0.006,5
-0.294,-0.715,0.149,5
-0.308,-0.777,0.311,5
-0.337,-0.772,0.28,5
-0.355,-0.794,0.265,5
-0.38,-0.788,0.303,5
-0.351,-0.748,0.285,4
-0.303,-0.751,0.304,5
-0.212,-0.749,0.347,5
-0.173,-0.683,0.217,5
-0.165,-0.631,0.122,5
-0.148,-0.616,0.028,5
-0.112,-0.541,-0.017,5
-0.07,-0.483,-0.011,5
-0.111,-0.383,-0.04,5
-0.108,-0.301,-0.109,5
-0.132,-0.249,-0.128,5
-0.14,-0.199,-0.18,5
-0.122,-0.149,-0.278,5
-0.114,-0.099,-0.281,5
-0.072,-0.063,-0.192,5
-0.091,-0.074,-0.233,5
0.016,-0.032,-0.236,5
0.049,0.009,-0.29,5
0.001,0.004,-0.291,5
-0.024,-0.009,-0.283,5
0.051,0.03,-0.294,4
0.059,0.061,-0.256,5
0.023,0.072,-0.191,5
-0.022,0.108,-0.189,5
-0.097,0.153,-0.153,5
-0.143,0.185,-0.108,5
-0.215,0.197,-0.157,5
-0.297,0.233,-0.12,5
-0.336,0.253,-0.073,5
-0.346,0.258,-0.087,5
-0.389,0.288,-0.1,5
-0.376,0.285,-0.12,5
-0.36,0.265,-0.1,5
-0.418,0.303,-0.068,5
-0.411,0.277,-0.074,5
-0.327,0.249,-0.118,5
-0.234,0.198,-0.072,5
-0.21,0.217,-0.039,5
-0.146,0.234,-0.065,4
-0.093,0.228,-0.084,5
-0.066,0.235,-0.179,5
-0.094,0.233,-0.23,5
-0.106,0.257,-0.276,5
-0.022,0.301,-0.305,5
-0.059,0.305,-0.287,5
-0.057,0.317,-0.288,5
-0.073,0.316,-0.376,5
-0.109,0.28,-0.343,5
-0.016,0.256,-0.3,5
-0.014,0.239,-0.313,5
-0.056,0.224,-0.277,5
-0.046,0.193,-0.206,5
-0.007,0.16,-0.138,5
0.002,0.166,-0.103,5
0.001,0.162,-0.135,5
-0.019,0.193,-0.131,5
0.038,0.17,-0.07,5
0.055,0.122,-0.02,5
-0.018,0.114,-0.052,4
-0.059,0.107,-0.077,5
0.006,0.105,-0.026,5
-0.05,0.12,-0.045,5
-0.079,0.177,-0.092,5
-0.067,0.164,-0.092,5
-0.026,0.143,-0.082,5
-0.006,0.129,-0.122,5
-0.027,0.133,-0.079,5
-0.089,0.111,-0.05,5
-0.063,0.07,-0.01,5
-0.039,0.011,0.067,5
-0.013,-0.006,0.056,5
0.021,-0.036,0.077,5
0.028,0.018,0.013,5
0.038,-0.008,0.016,5
0.017,-0.05,0.083,5
0.002,0.001,0.019,5
-0.036,0.027,-0.012,5
-0.019,0.058,-0.05,4
-0.043,0.113,-0.084,5
-0.082,0.114,-0.097,5
-0.069,0.133,-0.1,5
-0.067,0.128,-0.034,5
-0.125,0.184,0.05,5
-0.086,0.149,0.063,5
-0.108,0.125,0.091,5
-0.097,0.095,0.142,5
-0.117,0.082,0.257,5
-0.114,0.091,0.3,5
-0.167,0.064,0.292,5
-0.232,0.079,0.25,5
-0.274,0.093,0.328,5
-0.298,0.049,0.325,5
-0.29,0.023,0.301,5
-0.295,0.033,0.336,5
-0.231,0.051,0.319,5
-0.225,0.042,0.326,5
-0.229,0.072,0.324,5
-0.137,-0.003,0.261,4
-0.054,0.013,0.3,5
-0.036,0.029,0.326,5
0.006,0.052,0.31,5
0.1,-0.03,0.318,5
0.12,-0.048,0.359,5
0.095,-0.043,0.41,5
0.163,-0.065,0.459,5
0.207,-0.063,0.443,5
0.264,-0.039,0.399,5
0.298,-0.035,0.411,5
0.298,-0.027,0.357,5
0.354,-0.003,0.217,5
0.349,0.009,0.174,5
0.349,0.051,0.152,5
0.391,0.055,0.103,5
0.236,0.153,0.01,5
0.272,0.163,0.087,5
0.288,0.121,0.212,5
0.277,0.087,0.087,4
0.236,0.04,-0.011,5
0.174,0.044,0.11,5
0.1,0.005,0.112,5
0.038,-0.011,0.135,5
-0.046,-0.01,0.13,5
-0.154,-0.001,0.169,5
-0.255,-0.125,0.083,5
-0.35,-0.328,-0.084,5
-0.328,-0.653,-0.304,5
-0.217,-1.001,-0.506,5
-0.127,-1.362,-0.766,5
-0.17,-1.485,-0.995,5
-0.235,-1.328,-0.818,5
-0.409,-0.945,-0.344,5
-0.472,-0.549,0.202,5
-0.433,-0.252,0.54,5
-0.45,-0.089,0.779,5
-0.483,-0.046,1.123,5
-0.34,-0.11,1.433,5
-0.176,-0.241,1.669,4
-0.098,-0.394,1.73,5
0.152,-0.553,1.57,5
0.361,-0.717,1.413,5
0.394,-0.775,1.018,5
0.471,-0.775,0.657,5
0.406,-0.568,0.389,5
0.266,-0.283,0.122,5
0.093,0.008,-0.062,5
-0.096,0.308,-0.189,5
-0.315,0.571,-0.248,5
-0.443,0.69,-0.348,5
-0.493,0.729,-0.322,5
-0.457,0.703,-0.242,5
-0.402,0.594,-0.106,5
-0.147,0.496,0.046,5
0.091,0.321,0.171,5
0.293,0.255,0.08,5
0.415,0.182,-0.06,5
0.502,0.151,-0.093,4
0.573,0.213,-0.144,5
0.606,0.274,-0.16,5
0.696,0.324,-0.29,5
0.726,0.403,-0.3,5
0.666,0.475,-0.304,5
0.629,0.531,-0.39,5
0.588,0.534,-0.274,5
0.555,0.515,-0.057,5
0.499,0.481,0.039,5
0.462,0.428,0.052,5
0.455,0.338,0.073,5
0.483,0.261,0.117,5
0.477,0.2,0.191,5
0.438,0.141,0.215,5
0.45,0.162,0.224,5
0.44,0.128,0.167,5
0.439,0.068,0.12,5
0.408,0.022,0.026,5
0.376,-0.018,0.002,5
0.403,-0.072,0.023,4
0.405,-0.116,0.038,5
0.412,-0.105,-0.004,5
0.358,-0.064,-0.098,5
0.219,-0.045,-0.166,5
0.145,-0.057,-0.317,5
-0.028,-0.09,-0.479,5
-0.163,-0.077,-0.565,5
-0.267,-0.074,-0.672,5
-0.378,-0.101,-0.782,5
-0.466,-0.164,-0.815,5
-0.548,-0.199,-0.876,5
-0.592,-0.183,-0.866,5
-0.624,-0.238,-0.814,5
-0.6,-0.236,-0.767,5
-0.557,-0.255,-0.703,5
-0.545,-0.294,-0.65,5
-0.516,-0.304,-0.615,5
-0.486,-0.295,-0.558,5
-0.48,-0.278,-0.519,4
-0.432,-0.289,-0.467,5
-0.363,-0.308,-0.42,5
-0.314,-0.316,-0.361,5
-0.248,-0.262,-0.334,5
-0.18,-0.228,-0.356,5
-0.11,-0.187,-0.402,5
-0.129,-0.147,-0.384,5
-0.103,-0.15,-0.388,5
-0.059,-0.117,-0.302,5
-0.057,-0.088,-0.25,5
-0.073,-0.067,-0.105,5
0.011,-0.03,0.03,5
-0.011,-0.031,0.087,5
-0.014,-0.08,0.109,5
-0.008,-0.08,0.197,5
0.039,-0.081,0.255,5
0.001,-0.09,0.302,5
0.009,-0.085,0.268,5
0.034,-0.085,0.284,4
0.074,-0.085,0.243,5
0.045,-0.059,0.158,5
0.118,-0.04,0.065,5
0.093,0.006,0.028,5
0.079,0.048,-0.008,5
0.041,0.086,-0.029,5
0.016,0.108,-0.043,5
0.01,0.14,-0.069,5
-0.012,0.148,-0.135,5
0.027,0.163,-0.191,5
0.007,0.121,-0.159,5
0.028,0.091,-0.117,5
0.06,0.099,-0.131,5
0.092,0.133,-0.096,5
0.109,0.171,-0.108,5
0.111,0.167,-0.175,5
0.108,0.167,-0.222,5
0.076,0.172,-0.213,5
0.06,0.219,-0.222,5
0.019,0.309,-0.221,4
0.013,0.335,-0.199,5
0.007,0.43,-0.256,5
-0.005,0.383,-0.334,5
0.003,0.357,-0.344,5
0.011,0.356,-0.344,5
0.019,0.364,-0.387,5
0.004,0.37,-0.37,5
-0.017,0.381,-0.29,5
-0.007,0.381,-0.291,5
0.062,0.334,-0.24,5
0.025,0.379,-0.268,5
-0.002,0.354,-0.25,5
-0.01,0.34,-0.229,5
-0.014,0.323,-0.189,5
-0.012,0.347,-0.144,5
-0.02,0.329,-0.134,5
-0.013,0.292,-0.125,5
-0.029,0.258,-0.082,5
0.007,0.215,-0.009,5
0.032,0.194,-0.004,4
-0.047,0.196,-0.059,5
-0.086,0.163,-0.04,5
-0.116,0.147,-0.062,5
-0.195,0.184,-0.043,5
-0.231,0.208,0.008,5
-0.23,0.192,0.037,5
-0.22,0.142,0.068,5
-0.21,0.12,0.1,5
-0.185,0.129,0.085,5
-0.158,0.129,0.09,5
-0.181,0.06,0.176,5
-0.214,0.032,0.197,5
-0.154,-0.022,0.259,5
-0.139,-0.041,0.315,5
-0.263,0.005,0.318,5
-0.331,0.035,0.355,5
-0.337,0.036,0.38,5
-0.35,0.036,0.337,5
-0.44,0.046,0.278,4
-0.495,0.045,0.168,5
-0.485,0.041,0.25,5
-0.406,0.041,0.346,5
-0.387,0.015,0.372,5
-0.322,0.022,0.399,5
-0.247,-0.026,0.488,5
-0.214,-0.028,0.435,5
-0.218,0.038,0.392,5
-0.269,0.073,0.374,5
-0.307,0.105,0.375,5
-0.306,0.176,0.346,5
-0.28,0.197,0.269,5
-0.196,0.268,0.125,5
-0.189,0.267,0.13,5
-0.123,0.249,0.082,5
-0.115,0.211,0.074,5
-0.099,0.19,0.093,5
-0.128,0.132,0.178,5
-0.093,0.102,0.268,5
-0.054,0.027,0.34,4
0.032,-0.018,0.371,5
0.102,-0.072,0.364,5
0.204,-0.147,0.319,5
0.261,-0.197,0.27,5
0.36,-0.246,0.139,5
0.406,-0.264,-0.02,5
0.404,-0.277,0.024,5
0.467,-0.331,0.151,5
0.476,-0.341,0.105,5
0.446,-0.272,-0.051,5
0.384,-0.219,-0.235,5
0.466,-0.232,-0.242,5
0.57,-0.226,-0.274,5
0.729,-0.177,-0.35,5
0.863,-0.108,-0.453,5
0.988,-0.037,-0.502,5
1.07,0.018,-0.46,5
1.019,0.025,-0.449,5
0.826,0.108,-0.361,5
0.653,0.102,-0.191,4
0.467,0.152,0.06,5
0.377,0.137,0.304,5
0.271,0.119,0.459,5
0.144,0.003,0.628,5
0.091,-0.039,0.505,5
-0.128,0.093,0.756,5
-0.266,0.036,1.275,5
-0.356,-0.212,0.88,5
-0.307,-0.561,0.611,5
-0.225,-0.91,0.322,5
-0.086,-1.211,0.014,5
0.068,-1.323,-0.146,5
0.143,-1.143,-0.308,5
0.189,-0.796,-0.295,5
-0.001,-0.342,-0.019,5
-0.229,0.131,0.266,5
-0.426,0.368,0.739,5
-0.569,0.685,0.902,5
-0.956,0.944,1.777,4
-1.11,0.927,2.186,5
-1.133,0.709,1.898,5
-1.162,0.392,1.794,5
-1.011,0.047,1.615,5
-0.815,-0.25,1.307,5
-0.656,-0.509,1.077,5
-0.461,-0.592,0.883,5
-0.264,-0.481,0.665,5
-0.177,-0.342,0.388,5
-0.065,-0.2,0.125,5
0.057,-0.098,-0.154,5
0.185,0.001,-0.432,5
0.322,0.061,-0.552,5
0.41,0.072,-0.587,5
0.425,0.091,-0.55,5
0.426,0.134,-0.534,5
0.413,0.142,-0.467,5
0.38,0.205,-0.408,5
0.278,0.215,-0.315,5
0.276,0.15,-0.357,4
0.326,0.04,-0.442,5
0.319,-0.053,-0.441,5
0.347,-0.126,-0.405,5
0.429,-0.216,-0.378,5
0.511,-0.242,-0.391,5
0.671,-0.27,-0.357,5
0.828,-0.247,-0.317,5
0.943,-0.196,-0.358,5
0.991,-0.146,-0.443,5
1.051,-0.071,-0.519,5
1.054,0.012,-0.566,5
1.052,0.084,-0.587,5
0.973,0.145,-0.658,5
0.91,0.191,-0.695,5
0.81,0.189,-0.678,5
0.703,0.157,-0.592,5
0.624,0.107,-0.512,5
0.532,0.023,-0.391,5
0.384,-0.039,-0.279,4
0.263,-0.108,-0.208,5
0.099,-0.132,-0.148,5
-0.074,-0.144,-0.133,5
-0.23,-0.173,-0.193,5
-0.444,-0.121,-0.247,5
-0.628,-0.053,-0.248,5
-0.768,-0.009,-0.219,5
-0.902,0.013,-0.305,5
-1.001,0.024,-0.257,5
-1.052,0.017,-0.223,5
-1.037,-0.014,-0.14,5
-1.033,-0.064,-0.044,5
-1.028,-0.083,0.076,5
-1.025,-0.109,0.137,5
-0.957,-0.129,0.179,5
-0.891,-0.137,0.196,5
-0.858,-0.188,0.224,5
-0.802,-0.126,0.227,5
-0.748,-0.04,0.17,4
-0.664,0.015,0.105,5
-0.589,0.06,-0.008,5
-0.492,0.102,-0.11,5
-0.378,0.113,-0.198,5
-0.28,0.149,-0.213,5
-0.196,0.169,-0.196,5
-0.085,0.109,-0.293,5
0.017,0.033,-0.302,5
0.119,0.025,-0.306,5
0.223,-0.024,-0.414,5
0.252,-0.086,-0.51,5
0.253,-0.073,-0.541,5
0.254,-0.083,-0.573,5
0.301,-0.148,-0.619,5
0.344,-0.189,-0.669,5
0.383,-0.226,-0.68,5
0.384,-0.268,-0.711,5
0.401,-0.276,-0.717,5
0.365,-0.287,-0.628,4
0.29,-0.28,-0.578,5
0.304,-0.269,-0.477,5
0.321,-0.281,-0.378,5
0.267,-0.287,-0.297,5
0.159,-0.276,-0.211,5
0.121,-0.347,-0.177,5
0.092,-0.394,-0.116,5
0.035,-0.441,0.084,5
0.01,-0.448,0.226,5
-0.063,-0.421,0.29,5
-0.134,-0.465,0.39,5
-0.138,-0.453,0.532,5
-0.159,-0.382,0.539,5
-0.139,-0.404,0.528,5
-0.112,-0.372,0.394,5
-0.139,-0.3,0.35,5
-0.048,-0.283,0.526,5
-0.064,-0.22,0.482,5
-0.045,-0.129,0.429,5
-0.015,-0.099,0.356,4
-0.013,-0.033,0.247,5
0.048,0.06,0.231,5
0.03,0.097,0.074,5
-0.024,0.109,0.097,5
0.021,0.18,0.13,5
0.023,0.213,0.091,5
0.051,0.209,0.074,5
0.054,0.218,0.023,5
0.118,0.222,-0.103,5
0.17,0.217,-0.136,5
0.097,0.217,-0.118,5
0.044,0.251,-0.08,5
0.139,0.222,-0.077,5
0.173,0.204,-0.06,5
0.108,0.222,-0.063,5
0.093,0.23,-0.117,5
0.07,0.216,-0.066,5
-0.005,0.25,-0.094,5
-0.151,0.294,-0.072,4
-0.196,0.29,-0.052,5
-0.241,0.283,-0.02,5
-0.307,0.345,0.019,5
-0.341,0.349,-0.055,5
-0.316,0.31,-0.015,5
-0.267,0.322,0.029,5
-0.279,0.32,-0.003,5
-0.242,0.309,-0.059,5
-0.119,0.261,-0.096,5
-0.107,0.248,-0.095,5
-0.057,0.283,-0.085,5
0.029,0.294,-0.073,5
0.035,0.338,-0.108,5
0.04,0.394,-0.175,5
0.075,0.355,-0.17,5
0.059,0.341,-0.205,5
0.031,0.341,-0.241,5
0.071,0.316,-0.208,5
0.047,0.34,-0.165,5
0.0,0.358,-0.106,4
-0.017,0.318,-0.048,5
-0.028,0.251,0.008,5
-0.013,0.183,0.011,5
-0.016,0.1,0.032,5
-0.066,0.094,0.162,5
-0.102,0.05,0.223,5
-0.195,0.058,0.192,5
-0.344,0.057,0.173,5
-0.335,0.038,0.156,5
-0.371,0.021,0.183,5
-0.424,0.062,0.165,5
-0.356,0.047,0.122,5
-0.299,0.055,0.106,5
-0.303,0.076,0.048,5
-0.256,0.0,0.017,5
-0.178,-0.021,0.067,5
-0.048,0.001,0.039,5
0.02,0.04,0.061,5
0.027,0.075,0.011,5
0.076,0.071,-0.075,4
0.128,0.056,-0.085,5
0.047,0.132,-0.205,5
0.007,0.175,-0.232,5
-0.1,0.218,-0.222,5
-0.107,0.187,-0.204,5
-0.135,0.19,-0.127,5
-0.208,0.179,-0.08,5
-0.178,0.123,-0.094,5
-0.143,0.041,-0.05,5
-0.163,0.016,-0.015,5
-0.177,-0.006,0.051,5
-0.164,-0.066,0.093,5
-0.147,-0.081,0.092,5
-0.154,-0.06,0.182,5
-0.156,-0.075,0.164,5
-0.097,-0.081,0.113,5
-0.092,-0.086,0.089,5
-0.104,-0.047,0.144,5
-0.081,-0.059,0.233,5
-0.029,-0.092,0.27,4
0.011,-0.13,0.338,5
0.062,-0.165,0.3,5
0.077,-0.234,0.304,5
0.108,-0.254,0.425,5
0.115,-0.297,0.434,5
0.099,-0.319,0.472,5
0.067,-0.313,0.481,5
0.039,-0.338,0.42,5
0.022,-0.429,0.365,5
0.003,-0.541,0.29,5
0.037,-0.655,0.127,5
0.149,-0.857,-0.105,5
0.307,-1.051,-0.374,5
0.358,-1.179,-0.608,5
0.382,-1.095,-0.565,5
0.34,-0.869,-0.336,5
0.345,-0.584,0.093,5
0.357,-0.34,0.528,5
0.335,-0.272,0.841,4
0.323,-0.253,1.132,5
0.286,-0.202,1.398,5
0.236,-0.147,1.724,5
0.208,-0.076,1.939,5
0.213,-0.064,1.943,5
0.312,-0.079,1.723,5
0.38,-0.153,1.305,5
0.48,-0.259,0.856,5
0.522,-0.276,0.421,5
0.509,-0.162,0.15,5
0.376,0.0,-0.075,5
0.17,0.202,-0.218,5
0.093,0.346,-0.278,5
-0.002,0.397,-0.134,5
-0.101,0.435,-0.185,5
-0.146,0.448,-0.296,5
-0.188,0.381,-0.283,5
-0.402,0.322,-0.234,5
-0.28,0.285,-0.193,4
-0.247,0.295,-0.342,5
-0.313,0.223,-0.35,5
-0.29,0.161,-0.234,5
-0.261,0.171,-0.141,5
-0.248,0.158,0.001,5
-0.288,0.211,-0.162,5
-0.28,0.225,-0.171,5
-0.231,0.189,-0.193,5
-0.268,0.149,-0.29,5
-0.314,0.134,-0.213,5
-0.326,0.069,-0.119,5
-0.436,0.036,0.06,5
-0.482,0.024,0.067,5
-0.512,-0.051,0.215,5
-0.469,-0.115,0.254,5
-0.34,-0.181,0.341,5
-0.181,-0.258,0.367,5
0.021,-0.314,0.3,5
0.239,-0.394,0.231,5
0.499,-0.385,0.1,4
0.639,-0.368,-0.021,5
0.812,-0.34,-0.191,5
0.989,-0.314,-0.323,5
1.132,-0.287,-0.458,5
1.23,-0.258,-0.507,5
1.257,-0.185,-0.569,5
1.239,-0.132,-0.525,5
1.184,-0.097,-0.576,5
1.075,-0.049,-0.548,5
0.855,0.08,-0.545,5
0.649,0.12,-0.611,5
0.459,0.133,-0.619,5
0.331,0.129,-0.553,5
0.16,0.142,-0.566,5
0.032,0.106,-0.587,5
-0.044,0.099,-0.623,5
-0.074,0.085,-0.617,5
-0.144,0.094,-0.59,5
-0.216,0.102,-0.625,5
-0.276,0.1,-0.627,4
-0.278,0.077,-0.651,5
-0.242,0.112,-0.637,5
-0.317,0.123,-0.647,5
-0.363,0.166,-0.681,5
-0.378,0.167,-0.717,5
-0.362,0.154,-0.735,5
-0.304,0.152,-0.748,5
-0.312,0.158,-0.746,5
-0.225,0.173,-0.745,5
-0.19,0.224,-0.757,5
-0.188,0.202,-0.763,5
-0.156,0.242,-0.717,5
-0.145,0.295,-0.606,5
-0.19,0.296,-0.52,5
-0.158,0.318,-0.463,5
-0.203,0.346,-0.326,5
-0.217,0.359,-0.264,5
-0.213,0.327,-0.233,5
-0.17,0.338,-0.231,4
-0.131,0.317,-0.186,5
-0.092,0.251,-0.142,5
-0.014,0.26,-0.059,5
0.0,0.255,-0.091,5
-0.004,0.286,-0.104,5
-0.008,0.214,-0.072,5
0.031,0.197,-0.078,5
0.028,0.182,-0.096,5
0.003,0.181,-0.056,5
-0.022,0.206,-0.016,5
-0.041,0.168,0.037,5
-0.028,0.138,0.085,5
-0.047,0.094,0.106,5
-0.034,0.067,0.186,5
-0.043,0.048,0.249,5
-0.017,0.034,0.28,5
-0.05,-0.011,0.304,5
-0.071,-0.04,0.347,5
-0.072,-0.088,0.359,5
-0.168,-0.083,0.401,5
-0.164,-0.062,0.408,4
-0.174,-0.056,0.311,5
-0.251,-0.042,0.289,5
-0.295,-0.085,0.355,5
-0.343,-0.055,0.263,5
-0.434,0.032,0.198,5
-0.412,0.041,0.355,5
-0.375,0.024,0.293,5
-0.333,0.043,0.191,5
-0.338,0.048,0.064,5
-0.322,0.069,0.023,5
-0.268,0.105,0.012,5
-0.133,0.163,-0.044,5
-0.042,0.168,-0.126,5
0.043,0.152,-0.139,5
0.168,0.179,-0.13,5
0.216,0.174,-0.108,5
0.28,0.196,-0.093,5
0.256,0.219,-0.131,5
0.205,0.245,-0.122,5
0.154,0.237,-0.11,4
0.113,0.257,-0.12,5
0.058,0.231,-0.091,5
0.018,0.229,-0.069,5
0.0,0.202,-0.027,5
-0.039,0.16,0.035,5
-0.091,0.144,0.13,5
-0.069,0.117,0.156,5
-0.058,0.066,0.166,5
-0.035,0.081,0.193,5
-0.005,0.077,0.169,5
-0.052,0.078,0.113,5
-0.081,0.092,0.093,5
-0.073,0.091,0.088,5
-0.07,0.104,0.045,5
-0.076,0.136,-0.006,5
-0.073,0.148,-0.044,5
-0.074,0.142,0.002,5
-0.041,0.137,-0.006,5
-0.067,0.123,-0.005,4
-0.073,0.067,-0.03,5
-0.096,0.099,0.024,5
-0.065,0.12,0.013,5
-0.097,0.138,-0.009,5
-0.16,0.141,-0.03,5
-0.166,0.131,-0.018,5
-0.136,0.097,-0.034,5
-0.114,0.126,-0.069,5
-0.098,0.096,-0.053,5
-0.11,0.103,-0.074,5
-0.069,0.093,-0.058,5
-0.062,0.088,-0.065,5
-0.017,0.066,-0.106,5
-0.045,0.038,-0.177,5
-0.028,0.013,-0.112,5
-0.059,0.016,-0.083,5
-0.101,0.014,-0.084,5
-0.091,0.038,-0.08,5
-0.112,0.026,-0.054,4
-0.152,-0.01,-0.01,5
-0.189,-0.044,0.037,5
-0.161,-0.108,0.124,5
-0.145,-0.119,0.267,5
-0.221,-0.116,0.387,5
-0.19,-0.156,0.395,5
-0.15,-0.166,0.399,5
-0.152,-0.171,0.35,5
-0.081,-0.223,0.302,5
-0.029,-0.196,0.306,5
-0.044,-0.185,0.284,5
-0.104,-0.175,0.286,5
-0.063,-0.14,0.313,5
-0.04,-0.13,0.256,5
-0.04,-0.135,0.183,5
0.015,-0.108,0.113,5
0.031,-0.067,0.063,5
0.045,-0.086,-0.037,5
0.01,-0.073,-0.068,5
0.043,-0.066,-0.048,4
0.03,-0.016,-0.048,5
0.01,-0.01,-0.047,5
0.061,0.003,-0.064,5
0.059,-0.005,-0.118,5
0.1,-0.017,-0.145,5
0.133,-0.054,-0.234,5
0.12,-0.01,-0.223,5
0.091,0.033,-0.209,5
0.056,0.055,-0.232,5
0.042,0.089,-0.256,5
-0.005,0.123,-0.239,5
0.0,0.119,-0.219,5
-0.03,0.111,-0.21,5
-0.049,0.092,-0.064,5
-0.022,0.07,0.14,5
-0.003,0.041,0.302,5
0.001,-0.01,0.462,5
0.022,-0.09,0.618,5
0.089,-0.146,0.746,5
0.033,-0.174,0.93,4
-0.099,-0.256,1.156,5
-0.227,-0.278,1.363,5
-0.45,-0.353,1.485,5
-0.569,-0.499,1.595,5
-0.667,-0.682,1.552,5
-0.497,-0.967,1.177,5
-0.283,-1.336,0.667,5
-0.246,-1.361,0.057,5
-0.04,-1.174,-0.352,5
0.174,-0.923,-0.425,5
0.316,-0.567,-0.723,5
0.551,-0.218,-0.879,5
0.725,0.105,-0.955,5
0.812,0.508,-0.756,5
0.765,0.811,-0.318,5
0.8,0.824,0.092,5
0.781,0.613,0.255,5
0.827,0.198,0.247,5
0.883,-0.36,0.076,4
0.906,-0.69,0.12,5
0.898,-0.742,0.401,5
0.778,-0.581,0.697,5
0.583,-0.247,0.89,5
0.348,0.117,0.943,5
0.132,0.476,0.965,5
-0.095,0.721,0.894,5
-0.353,0.748,0.913,5
-0.499,0.751,0.92,5
-0.526,0.603,0.871,5
-0.538,0.357,1.021,5
-0.372,0.037,1.079,5
-0.12,-0.298,0.919,5
0.167,-0.639,0.637,5
0.388,-0.842,0.375,5
0.581,-0.887,0.058,5
0.773,-0.699,-0.275,5
0.829,-0.478,-0.652,5
0.79,-0.236,-1.13,4
0.736,-0.053,-1.543,5
0.753,0.102,-1.789,5
0.725,0.23,-1.813,5
0.687,0.276,-1.666,5
0.726,0.127,-1.4,5
0.597,-0.005,-1.208,5
0.443,-0.125,-0.958,5
0.308,-0.238,-0.565,5
0.165,-0.369,-0.198,5
0.011,-0.427,0.071,5
-0.08,-0.483,0.236,5
-0.214,-0.512,0.307,5
-0.382,-0.569,0.207,5
-0.503,-0.585,0.122,5
-0.6,-0.553,0.114,5
-0.725,-0.424,0.059,5
-0.851,-0.304,0.028,5
-0.865,-0.209,-0.056,5
-0.843,-0.141,-0.184,5
-0.741,-0.144,-0.316,4
-0.783,-0.099,-0.224,5
-0.705,-0.093,-0.202,5
-0.518,-0.166,-0.121,5
-0.354,-0.291,0.006,5
-0.185,-0.379,-0.045,5
-0.076,-0.423,-0.049,5
-0.008,-0.441,0.032,5
0.061,-0.491,0.068,5
0.033,-0.49,0.121,5
-0.017,-0.484,0.182,5
-0.118,-0.491,0.246,5
-0.184,-0.481,0.239,5
-0.265,-0.484,0.266,5
-0.363,-0.436,0.339,5
-0.387,-0.435,0.4,5
-0.478,-0.426,0.381,5
-0.529,-0.409,0.304,5
-0.459,-0.429,0.343,5
-0.417,-0.412,0.334,4
-0.375,-0.302,0.284,5
-0.23,-0.254,0.272,5
-0.104,-0.224,0.254,5
-0.024,-0.198,0.164,5
0.124,-0.152,0.126,5
0.228,-0.154,0.143,5
0.308,-0.117,0.172,5
0.424,-0.049,0.176,5
0.472,0.058,0.184,5
0.498,0.121,0.071,5
0.539,0.152,-0.038,5
0.545,0.176,-0.082,5
0.564,0.283,-0.156,5
0.576,0.35,-0.213,5
0.631,0.375,-0.248,5
0.637,0.372,-0.249,5
0.689,0.335,-0.306,5
0.771,0.348,-0.34,5
0.72,0.348,-0.306,5
0.678,0.339,-0.249,4
0.619,0.249,-0.229,5
0.535,0.159,-0.176,5
0.451,0.126,-0.111,5
0.324,0.07,-0.099,5
0.201,0.042,-0.098,5
0.069,0.029,-0.075,5
-0.165,0.043,-0.012,5
-0.321,0.013,0.057,5
-0.457,0.012,0.19,5
-0.51,-0.036,0.257,5
-0.472,-0.062,0.313,5
-0.468,-0.082,0.251,5
-0.438,-0.044,0.153,5
-0.399,-0.044,0.095,5
-0.367,0.012,0.038,5
-0.249,0.066,-0.021,5
-0.133,0.09,-0.2,5
0.013,0.111,-0.262,5
0.085,0.173,-0.287,5
0.205,0.195,-0.319,4
0.34,0.205,-0.352,5
0.392,0.211,-0.299,5
0.465,0.258,-0.295,5
0.483,0.232,-0.334,5
0.46,0.209,-0.327,5
0.44,0.171,-0.298,5
0.422,0.184,-0.264,5
0.375,0.174,-0.229,5
0.342,0.161,-0.236,5
0.329,0.136,-0.269,5
0.365,0.105,-0.268,5
0.29,0.142,-0.249,5
0.222,0.171,-0.237,5
0.049,0.197,-0.235,5
-0.076,0.238,-0.224,5
-0.21,0.265,-0.236,5
-0.318,0.316,-0.308,5
-0.433,0.315,-0.359,5
-0.454,0.301,-0.327,4
-0.396,0.236,-0.23,5
-0.356,0.217,-0.254,5
-0.321,0.208,-0.254,5
-0.25,0.122,-0.138,5
-0.095,0.071,-0.112,5
0.004,0.038,-0.075,5
0.133,0.056,-0.067,5
0.162,0.089,-0.108,5
0.189,0.123,-0.235,5
0.157,0.193,-0.427,5
0.15,0.264,-0.401,5
0.23,0.263,-0.314,5
0.259,0.358,-0.433,5
0.185,0.417,-0.489,5
0.115,0.401,-0.578,5
0.009,0.399,-0.61,5
-0.112,0.381,-0.554,5
-0.277,0.369,-0.408,5
-0.409,0.349,-0.173,5
-0.437,0.262,0.007,4
-0.518,0.206,0.17,5
-0.531,0.09,0.317,5
-0.508,-0.004,0.414,5
-0.462,-0.098,0.476,5
-0.377,-0.127,0.545,5
-0.296,-0.166,0.62,5
-0.206,-0.201,0.588,5
-0.168,-0.168,0.507,5
-0.28,-0.121,0.336,5
-0.304,-0.049,0.285,5
-0.295,-0.026,0.338,5
-0.373,0.083,0.27,5
-0.448,0.131,0.209,5
-0.429,0.118,0.132,5
-0.416,0.106,0.14,5
-0.37,0.078,0.122,5
-0.355,0.096,0.101,5
-0.332,0.073,0.134,5
-0.351,0.044,0.198,4
-0.255,0.027,0.23,5
-0.113,-0.018,0.276,5
-0.041,-0.029,0.257,5
0.061,-0.039,0.175,5
0.141,-0.005,0.097,5
0.14,0.029,0.113,5
0.152,0.095,0.158,5
0.11,0.155,0.168,5
0.069,0.165,0.164,5
0.023,0.166,0.109,5
-0.09,0.162,0.055,5
-0.128,0.163,0.084,5
-0.159,0.181,0.149,5
-0.143,0.176,0.172,5
-0.232,0.206,0.116,5
-0.252,0.215,0.092,5
-0.175,0.198,0.07,5
-0.11,0.152,0.002,5
0.03,0.137,0.023,4
0.121,0.145,0.038,5
0.243,0.109,0.022,5
0.326,0.132,-0.04,5
0.324,0.106,-0.092,5
0.326,0.1,-0.109,5
0.371,0.094,-0.128,5
0.433,0.106,-0.042,5
0.342,0.121,-0.05,5
0.256,0.07,-0.05,5
0.179,0.059,0.006,5
0.105,0.044,0.005,5
-0.026,0.036,0.031,5
-0.079,0.066,0.023,5
-0.153,0.021,0.017,5
-0.181,-0.023,0.084,5
-0.167,0.017,0.067,5
-0.15,0.024,-0.038,5
-0.109,-0.004,0.034,5
-0.077,0.005,0.03,5
-0.022,0.021,-0.041,4
0.053,0.054,-0.084,5
0.142,0.044,-0.101,5
0.201,0.044,-0.177,5
0.285,0.091,-0.211,5
0.45,0.026,-0.182,5
0.625,0.023,-0.4,5
0.799,0.077,-0.459,5
0.818,0.043,-0.418,5
0.771,0.073,-0.41,5
0.896,-0.011,-0.313,5
0.966,-0.096,-0.308,5
0.938,-0.19,-0.385,5
0.711,-0.214,-0.385,5
0.446,-0.166,-0.346,5
0.121,-0.033,-0.307,5
-0.196,0.073,-0.186,5
-0.616,0.108,-0.025,5
-0.783,0.08,0.188,5
-0.743,0.025,0.182,4
-0.721,-0.05,0.194,5
-0.791,-0.101,0.398,5
-0.841,-0.151,0.651,5
-0.869,-0.196,0.733,5
-0.898,-0.181,0.845,5
-0.834,-0.245,0.816,5
-0.772,-0.255,0.696,5
-0.747,-0.199,0.618,5
-0.694,-0.136,0.461,5
-0.706,-0.049,0.316,5
-0.523,0.007,0.15,5
-0.243,-0.002,0.122,5
-0.3,0.11,0.084,5
-0.322,0.193,0.02,5
-0.199,0.14,0.018,5
-0.145,0.117,-0.078,5
-0.126,0.161,-0.117,5
-0.126,0.149,-0.196,5
-0.053,0.139,-0.245,5
-0.009,0.103,-0.242,4
-0.055,0.093,-0.197,5
0.001,0.092,-0.173,5
0.035,0.035,-0.104,5
0.079,-0.019,-0.128,5
0.084,-0.06,-0.106,5
0.149,-0.058,-0.065,5
0.216,-0.091,-0.054,5
0.134,-0.052,-0.006,5
0.112,-0.055,0.037,5
0.006,-0.019,0.037,5
-0.054,0.016,0.025,5
-0.044,0.023,-0.037,5
-0.135,0.068,-0.033,5
-0.143,0.044,-0.021,5
-0.189,0.078,-0.023,5
-0.196,0.092,-0.038,5
-0.206,0.1,0.012,5
-0.199,0.077,0.002,5
-0.105,0.082,0.015,5
-0.095,0.074,0.056,4
-0.042,0.032,0.059,5
0.034,0.055,-0.002,5
0.07,0.023,0.032,5
0.136,-0.004,0.02,5
0.204,0.004,-0.02,5
0.205,0.004,-0.074,5
0.159,0.042,-0.101,5
0.177,0.029,-0.108,5
0.194,0.043,-0.157,5
0.222,0.056,-0.236,5
0.23,0.029,-0.23,5
0.224,0.052,-0.233,5
0.215,0.021,-0.291,5
0.154,0.019,-0.288,5
0.083,0.03,-0.255,5
0.053,0.001,-0.225,5
0.056,0.022,-0.224,5
0.012,0.016,-0.171,5
0.045,0.027,-0.133,5
0.049,0.007,-0.124,4
0.1,0.006,-0.077,5
0.168,-0.071,-0.103,5
0.194,-0.068,-0.072,5
0.2,-0.061,-0.069,5
0.15,-0.072,-0.066,5
0.105,-0.039,-0.038,5
0.021,-0.009,0.056,5
-0.066,0.004,0.084,5
-0.055,0.012,0.115,5
-0.041,0.041,0.064,5
-0.054,0.024,0.002,5
0.015,0.043,-0.015,5
0.048,0.021,-0.022,5
0.095,0.002,-0.063,5
0.094,-0.019,-0.082,5
0.089,-0.077,-0.048,5
0.119,-0.057,0.003,5
0.137,-0.111,0.046,5
0.08,-0.126,0.037,4
0.05,-0.165,0.055,5
0.063,-0.183,0.045,5
0.048,-0.173,0.084,5
0.064,-0.173,0.079,5
0.054,-0.156,0.076,5
0.031,-0.205,0.042,5
0.002,-0.18,0.094,5
-0.01,-0.17,0.106,5
-0.013,-0.153,0.083,5
0.026,-0.185,0.07,5
0.019,-0.214,0.097,5
0.021,-0.188,0.122,5
0.058,-0.174,0.084,5
0.0,-0.148,-0.01,5
-0.042,-0.116,-0.004,5
0.043,-0.195,0.224,5
0.013,-0.192,0.119,5
-0.009,-0.19,0.172,5
0.038,-0.21,0.254,5
0.009,-0.18,0.22,4
-0.069,-0.167,0.198,5
-0.04,-0.15,0.135,5
-0.058,-0.087,0.082,5
-0.086,-0.018,0.117,5
-0.065,-0.016,0.075,5
-0.071,-0.019,0.02,5
-0.077,-0.013,0.018,5
-0.052,0.0,0.008,5
-0.03,0.026,0.024,5
0.029,0.041,0.035,5
0.03,0.054,0.057,5
0.044,0.027,0.008,5
0.139,0.011,-0.039,5
0.099,0.023,-0.022,5
0.063,0.034,-0.02,5
0.057,0.069,-0.001,5
0.068,0.053,-0.031,5
0.049,0.057,-0.062,5
0.065,0.068,-0.069,5
0.11,0.061,-0.096,4
0.112,0.072,-0.091,5
0.187,0.069,-0.082,5
0.177,0.045,-0.039,5
0.22,0.01,-0.018,5
0.176,-0.046,0.017,5
0.167,-0.058,0.041,5
0.15,-0.052,0.145,5
0.101,-0.043,0.152,5
0.047,-0.004,0.107,5
-0.008,-0.004,0.04,5
-0.072,-0.003,-0.084,5
-0.129,0.018,-0.071,5
-0.155,0.033,-0.111,5
-0.165,0.021,-0.104,5
-0.136,0.015,-0.107,5
-0.139,0.005,-0.075,5
-0.113,-0.029,-0.089,5
-0.032,-0.044,-0.032,5
-0.02,-0.091,0.048,4
0.058,-0.112,0.112,5
0.104,-0.157,0.161,5
0.201,-0.197,0.171,5
0.194,-0.19,0.214,5
0.222,-0.175,0.218,5
0.213,-0.158,0.145,5
0.161,-0.013,-0.683,5
0.343,0.022,-0.878,5
0.274,0.132,-0.346,5
0.152,0.153,-0.074,5
0.184,0.069,-0.058,5
0.239,-0.041,-0.009,5
0.25,-0.179,0.111,5
0.169,-0.165,0.13,5
0.186,-0.101,0.195,5
0.129,-0.095,0.184,5
0.12,-0.099,0.221,5
0.074,-0.106,0.238,5
0.027,-0.1,0.24,5
-0.009,-0.072,0.203,4
-0.055,-0.039,0.135,5
-0.084,-0.014,0.087,5
-0.106,0.0,0.083,5
-0.095,-0.008,0.092,5
-0.077,-0.02,0.13,5
-0.009,-0.04,0.13,5
0.051,-0.04,0.134,5
0.029,-0.036,0.112,5
0.022,0.001,0.027,5
-0.079,0.079,-0.065,5
-0.566,0.252,-0.089,5
-0.346,0.231,-0.347,5
-0.1,0.182,-0.519,5
0.012,0.185,-0.493,5
0.132,0.089,-0.301,5
0.248,-0.005,-0.077,5
0.232,-0.013,0.042,5
0.144,0.022,0.059,5
0.039,0.007,0.053,5
-0.05,0.045,0.03,4
-0.123,0.019,0.032,5
-0.132,0.0,-0.009,5
-0.188,-0.034,0.0,5
-0.242,-0.052,0.077,5
-0.239,-0.086,0.104,5
-0.224,-0.107,0.128,5
-0.184,-0.118,0.089,5
-0.097,-0.123,0.102,5
-0.053,-0.111,0.035,5
0.033,-0.1,-0.015,5
0.095,-0.055,-0.052,5
0.154,-0.015,-0.064,5
0.139,0.011,-0.079,5
0.185,0.062,-0.127,5
0.175,0.077,-0.157,5
0.183,0.095,-0.12,5
0.195,0.064,-0.043,5
0.184,0.066,-0.065,5
0.105,0.068,-0.007,5
0.121,0.057,0.006,4
0.083,0.038,0.027,5
0.066,0.009,0.076,5
-0.017,0.029,0.086,5
-0.059,0.048,0.129,5
-0.074,0.112,0.103,5
-0.106,0.114,0.045,5
-0.108,0.111,0.049,5
-0.101,0.117,0.04,5
-0.052,0.088,0.001,5
0.008,0.101,-0.024,5
0.029,0.099,0.004,5
0.06,0.111,-0.013,5
0.101,0.087,0.0,5
0.087,0.121,0.013,5
0.07,0.079,-0.039,5
0.106,0.058,-0.095,5
0.086,0.061,-0.09,5
0.082,0.05,-0.06,5
0.057,0.058,-0.058,4
0.021,0.069,-0.056,5
-0.011,0.067,-0.038,5
-0.053,0.034,-0.064,5
-0.056,0.044,-0.079,5
-0.033,0.048,-0.084,5
-0.081,0.026,-0.058,5
-0.034,-0.015,-0.096,5
-0.018,0.0,-0.064,5
-0.046,0.038,-0.067,5
-0.02,0.012,-0.103,5
-0.035,-0.018,-0.088,5
-0.058,-0.038,-0.066,5
-0.078,-0.038,-0.107,5
-0.091,-0.069,-0.152,5
-0.082,-0.062,-0.146,5
-0.052,-0.086,-0.123,5
-0.077,-0.082,-0.188,5
-0.039,-0.091,-0.238,5
0.002,-0.077,-0.205,5
0.006,-0.056,-0.275,4
0.032,-0.068,-0.295,5
-0.022,-0.053,-0.223,5
-0.063,-0.069,-0.205,5
-0.1,-0.127,-0.132,5
-0.111,-0.105,-0.067,5
-0.178,-0.099,-0.039,5
-0.19,-0.132,-0.035,5
-0.167,-0.149,0.024,5
-0.137,-0.19,0.146,5
-0.153,-0.21,0.166,5
-0.117,-0.223,0.085,5
-0.101,-0.209,0.257,5
-0.129,-0.163,0.33,5
-0.043,-0.138,0.31,5
0.012,-0.12,0.288,5
0.041,-0.108,0.212,5
0.063,-0.08,0.126,5
0.039,0.022,0.092,5
0.044,0.085,0.095,4
0.031,0.098,0.099,5
0.075,0.114,0.093,5
0.063,0.128,0.036,5
0.07,0.12,0.046,5
0.145,0.095,0.015,5
0.139,0.051,0.061,5
0.112,0.05,0.094,5
0.118,0.032,0.093,5
0.171,0.046,0.195,5
0.136,0.046,0.141,5
0.136,0.019,0.114,5
0.083,0.052,0.068,5
0.066,0.068,-0.002,5
0.003,0.079,0.001,5
-0.043,0.109,0.057,5
-0.06,0.124,0.03,5
-0.041,0.095,0.027,5
-0.059,0.076,0.02,5
-0.066,0.095,0.074,4
-0.042,0.081,0.109,5
-0.033,0.09,0.107,5
-0.06,0.038,0.139,5
-0.058,0.034,0.138,5
-0.091,0.035,0.124,5
-0.134,0.044,0.099,5
-0.155,0.07,0.111,5
-0.148,0.08,0.112,5
-0.133,0.072,0.105,5
-0.133,0.069,0.065,5
-0.158,0.049,0.067,5
-0.172,0.07,0.039,5
-0.142,0.089,0.035,5
-0.119,0.089,-0.011,5
-0.073,0.08,-0.014,5
-0.057,0.093,-0.039,5
-0.03,0.062,-0.112,5
0.015,0.052,-0.101,5
0.01,0.016,-0.104,5
0.009,-0.036,-0.08,4
0.051,-0.063,-0.046,5
0.033,-0.082,-0.016,5
0.051,-0.126,-0.01,5
0.029,-0.104,-0.035,5
0.03,-0.115,-0.053,5
-0.015,-0.1,-0.034,5
-0.001,-0.102,-0.005,5
-0.018,-0.066,-0.039,5
-0.012,-0.085,-0.014,5
-0.015,-0.098,0.0,5
0.025,-0.119,-0.029,5
0.035,-0.171,-0.026,5
0.07,-0.184,-0.006,5
0.072,-0.187,0.049,5
0.108,-0.186,0.044,5
0.084,-0.18,0.057,5
0.045,-0.179,0.021,5
0.097,-0.196,0.04,5
0.078,-0.224,0.075,4
0.071,-0.21,0.046,5
0.081,-0.223,-0.009,5
0.146,-0.197,0.021,5
0.157,-0.185,0.04,5
0.137,-0.154,0.028,5
0.123,-0.121,0.012,5
0.158,-0.105,0.019,5
0.112,-0.142,-0.003,5
0.101,-0.102,-0.007,5
0.104,-0.066,-0.019,5
0.076,-0.042,-0.026,5
0.103,-0.059,-0.019,5
0.105,-0.062,0.008,5
0.103,-0.064,0.024,5
0.11,-0.049,0.017,5
0.073,-0.04,-0.009,5
0.092,-0.066,0.012,5
0.083,-0.064,-0.01,5
0.061,-0.001,0.029,5
0.034,-0.001,-0.02,4
0.026,-0.001,-0.04,5
0.058,0.046,-0.07,5
0.082,0.054,-0.115,5
0.061,0.066,-0.108,5
0.05,0.072,-0.131,5
0.054,0.099,-0.131,5
0.031,0.085,-0.165,5
0.037,0.094,-0.11,5
0.046,0.093,-0.09,5
0.011,0.045,-0.085,5
-0.036,0.062,-0.055,5
-0.024,0.047,-0.058,5
-0.039,0.021,-0.04,5
-0.044,0.019,0.019,5
-0.065,0.038,-0.003,5
-0.097,0.069,-0.063,5
-0.079,0.058,-0.078,5
-0.08,0.043,-0.032,5
-0.119,0.043,0.005,5
-0.124,0.056,-0.003,4
-0.082,0.063,-0.016,5
-0.082,0.048,-0.023,5
-0.095,0.026,0.009,5
-0.099,0.019,-0.013,5
-0.089,0.022,0.061,5
-0.08,0.032,0.085,5
-0.055,0.042,0.072,5
-0.062,0.025,0.017,5
-0.056,0.044,-0.022,5
-0.08,0.035,-0.024,5
-0.089,0.044,0.012,5
-0.059,0.001,0.041,5
-0.096,0.027,0.011,5
-0.104,0.041,-0.032,5
-0.128,0.05,-0.059,5
-0.132,0.032,-0.002,5
-0.149,0.037,0.006,5
-0.19,0.012,0.014,5
-0.197,-0.01,0.026,4
-0.242,0.124,-0.95,5
0.143,0.15,-1.73,5
0.198,0.234,-0.639,5
0.066,0.263,0.023,5
0.159,0.029,-0.034,5
0.263,-0.24,-0.121,5
0.25,-0.336,0.088,5
0.152,-0.385,0.381,5
0.076,-0.402,0.42,5
0.167,-0.461,0.499,5
0.215,-0.497,0.604,5
0.177,-0.469,0.682,5
0.137,-0.409,0.605,5
0.141,-0.368,0.544,5
0.118,-0.296,0.533,5
0.05,-0.228,0.523,5
0.067,-0.171,0.427,5
0.047,-0.098,0.311,5
0.012,-0.01,0.302,5
0.024,0.033,0.271,4
0.03,0.051,0.188,5
0.057,0.076,0.143,5
0.112,0.081,0.034,5
0.148,0.099,-0.076,5
-0.051,0.184,-0.146,5
-0.615,0.334,-0.192,5
-0.273,0.322,-0.569,5
-0.013,0.41,-0.758,5
0.134,0.46,-0.699,5
0.323,0.353,-0.526,5
0.359,0.245,-0.404,5
0.293,0.203,-0.29,5
0.212,0.17,-0.166,5
0.165,0.153,-0.124,5
0.144,0.107,-0.055,5
0.134,0.07,-0.007,5
0.125,0.038,-0.04,5
0.095,0.004,0.027,5
0.034,-0.017,0.072,5
0.048,-0.033,0.142,4
0.039,-0.068,0.197,5
0.035,-0.061,0.212,5
-0.02,-0.021,0.234,5
-0.022,-0.001,0.24,5
-0.076,0.024,0.212,5
-0.141,0.086,0.135,5
-0.175,0.146,0.091,5
-0.217,0.144,0.026,5
-0.217,0.186,-0.053,5
-0.187,0.236,-0.074,5
-0.151,0.221,-0.097,5
-0.127,0.212,-0.143,5
-0.119,0.212,-0.146,5
-0.137,0.208,-0.092,5
-0.123,0.179,0.024,5
-0.119,0.131,0.047,5
-0.146,0.105,0.085,5
-0.166,0.06,0.064,5
-0.227,0.041,0.092,4
-0.247,0.032,0.121,5
-0.222,0.033,0.139,5
-0.222,0.0,0.173,5
-0.204,-0.004,0.168,5
-0.158,-0.016,0.164,5
-0.133,-0.07,0.152,5
-0.115,-0.106,0.128,5
-0.078,-0.104,0.15,5
-0.074,-0.064,0.161,5
-0.054,-0.07,0.136,5
-0.01,-0.05,0.075,5
-0.004,-0.054,0.024,5
-0.03,-0.014,0.005,5
0.033,-0.021,-0.029,5
0.029,-0.01,-0.052,5
0.005,-0.009,-0.004,5
0.056,0.008,-0.034,5
0.098,0.02,-0.034,5

# Completed @Sat May 02 15:47:32 GMT+08:00 2020
