# Accelerometer Data File
# Started @Sat May 02 15:48:49 GMT+08:00 2020
#
#
# sensor Vendor: BOSCH
# sensor Name: BMI160 Accelerometer
# sensor Resolution: 0.0023956299m/sec^2; Max Range: 156.9064; Min Delay: 5000 microseconds
# The sensor's attributes are the result hardware and the Android capabilities.
# It means that the Android may not utilize all features provided by the hardware.
#
# Some devices and Android versions save battery too much so the device may go to sleep.
# It just happens after couple of minutes from turning off the scree and it is easy to find it out.
#
# The following file provides the data from accelerometer in the m/s^2 format.
# The diff value is just a time delta between the samples
#
#
# data format:
# so we have 4 columns with values separated by the ","
# X,Y,Z,time_from_previous_sample(ms)

# sensor speed set to:FASTEST
# units set to: m/sec^2
# gravity  filtered out
# Accuracy: HIGH
0.717,0.182,8.861,0
0.632,0.155,7.962,4
0.612,0.161,7.123,5
0.607,0.158,6.38,5
0.507,0.142,5.742,5
0.478,0.145,5.168,5
0.482,0.182,4.591,5
0.446,0.194,4.063,5
0.363,0.2,3.643,5
0.374,0.167,3.322,5
0.341,0.172,2.986,5
0.371,0.176,2.635,5
0.356,0.154,2.372,5
0.368,0.117,2.147,5
0.344,0.093,1.924,5
0.382,0.053,1.723,5
0.37,0.056,1.628,5
0.333,0.046,1.487,5
0.326,0.02,1.321,5
0.314,0.005,1.154,5
0.274,-0.046,1.09,4
0.234,-0.054,0.951,5
0.154,-0.066,0.899,5
0.096,-0.068,0.852,5
0.091,-0.078,0.72,5
0.09,-0.092,0.656,5
0.077,-0.109,0.56,5
0.047,-0.106,0.487,5
0.034,-0.078,0.473,5
0.048,-0.049,0.382,5
0.026,-0.035,0.297,5
0.019,0.002,0.215,5
0.021,0.001,0.224,5
0.058,0.006,0.227,5
0.052,-0.029,0.217,5
0.06,-0.03,0.256,5
0.062,-0.01,0.213,5
0.056,0.021,0.174,5
0.029,-0.011,0.222,5
0.026,-0.048,0.169,5
-0.04,-0.061,0.118,5
-0.041,-0.024,0.115,4
0.014,-0.035,0.103,5
-0.012,-0.066,0.11,5
-0.028,-0.025,0.077,5
0.008,-0.044,0.026,5
0.025,-0.087,0.041,5
-0.011,-0.048,0.054,5
0.015,-0.009,-0.015,5
0.017,-0.008,-0.026,5
0.02,0.001,-0.011,5
0.065,-0.016,0.02,5
0.059,-0.044,-0.012,5
0.049,-0.057,-0.036,5
0.074,-0.038,-0.02,5
0.058,-0.052,-0.022,5
0.052,-0.085,-0.002,5
0.012,-0.051,0.005,5
0.015,-0.033,0.005,5
0.018,-0.072,0.026,5
-0.022,-0.095,0.028,4
-0.054,-0.073,0.059,5
-0.057,-0.078,0.032,5
-0.077,-0.079,0.084,5
-0.048,-0.11,0.072,5
0.012,-0.086,0.06,5
0.045,-0.086,0.054,5
0.019,-0.099,0.018,5
0.056,-0.05,-0.004,5
0.037,-0.054,0.03,5
0.021,-0.031,0.048,5
0.04,-0.011,0.048,5
0.062,-0.035,0.069,5
0.051,-0.058,0.088,5
0.055,-0.039,0.101,5
0.028,-0.026,0.19,5
0.012,-0.062,0.231,5
0.002,-0.03,0.182,5
-0.006,-0.032,0.155,5
-0.035,-0.054,0.139,5
-0.032,-0.066,0.1,4
-0.02,-0.072,0.068,5
-0.091,-0.035,0.057,5
-0.095,-0.044,0.081,5
-0.15,-0.061,0.077,5
-0.152,-0.055,0.096,5
-0.085,-0.075,0.086,5
-0.042,-0.141,0.073,5
0.021,-0.127,0.091,5
0.097,-0.127,0.108,5
0.143,-0.119,0.05,5
0.176,-0.124,0.079,5
0.21,-0.099,0.089,5
0.258,-0.097,0.049,5
0.245,-0.049,0.044,5
0.225,-0.031,0.062,5
0.233,-0.036,0.073,5
0.244,-0.024,0.009,5
0.18,-0.017,0.017,5
0.055,0.001,0.037,5
-0.032,0.009,0.05,4
-0.029,0.03,0.041,5
-0.056,0.022,-0.005,5
-0.076,0.007,-0.065,5
-0.068,0.006,-0.115,5
-0.061,0.032,-0.099,5
-0.103,0.084,-0.076,5
-0.075,0.11,-0.137,5
-0.128,0.117,-0.188,5
-0.098,0.139,-0.199,5
-0.105,0.125,-0.171,5
-0.095,0.121,-0.132,5
-0.051,0.109,-0.153,5
-0.033,0.085,-0.099,5
-0.034,0.09,-0.068,5
0.012,0.068,-0.057,5
0.067,0.044,-0.055,5
0.103,0.022,-0.093,5
0.093,0.041,-0.083,5
0.027,0.054,-0.036,4
0.055,0.066,-0.058,5
0.002,0.103,-0.009,5
-0.019,0.088,-0.004,5
-0.064,0.092,-0.021,5
-0.101,0.083,-0.036,5
-0.087,0.036,-0.002,5
-0.164,0.075,0.027,5
-0.186,0.106,0.042,5
-0.198,0.096,0.046,5
-0.165,0.069,0.037,5
-0.144,0.049,0.068,5
-0.156,0.035,0.173,5
-0.131,0.058,0.138,5
-0.123,0.048,0.25,5
-0.115,0.021,0.259,5
-0.069,-0.053,0.156,5
0.015,-0.113,0.118,5
0.078,-0.097,0.132,5
0.044,-0.113,0.154,5
0.01,-0.059,0.203,4
-0.012,-0.001,0.221,5
0.014,-0.018,0.216,5
-0.003,-0.033,0.212,5
-0.029,-0.013,0.117,5
-0.052,0.031,0.084,5
-0.047,0.032,0.063,5
-0.046,0.033,0.03,5
-0.059,0.034,-0.041,5
-0.079,0.043,-0.062,5
-0.114,0.03,-0.082,5
-0.158,0.023,-0.061,5
-0.16,0.068,0.009,5
-0.17,0.074,0.012,5
-0.127,0.067,-0.065,5
0.019,0.086,-0.059,5
0.081,0.099,-0.036,5
0.03,0.106,-0.002,5
0.117,0.121,-0.144,5
0.2,0.109,-0.151,5
0.206,0.102,-0.067,5
0.198,0.053,-0.116,4
0.161,0.082,-0.148,5
0.154,0.173,-0.172,5
0.151,0.177,-0.189,5
0.132,0.147,-0.308,5
0.123,0.145,-0.376,5
0.102,0.156,-0.334,5
0.049,0.162,-0.339,5
-0.011,0.206,-0.327,5
-0.062,0.233,-0.346,5
-0.038,0.231,-0.393,5
-0.086,0.182,-0.345,5
-0.116,0.151,-0.324,5
-0.1,0.114,-0.291,5
-0.082,0.137,-0.223,5
-0.043,0.136,-0.171,5
0.033,0.093,-0.11,5
0.077,0.105,-0.142,5
0.134,0.055,-0.163,5
0.134,0.071,-0.09,4
0.15,0.06,-0.064,5
0.122,0.071,-0.161,5
0.102,0.086,-0.102,5
0.109,0.077,-0.066,5
0.05,0.065,-0.042,5
0.037,0.028,-0.059,5
-0.035,0.025,-0.023,5
-0.131,-0.006,0.03,5
-0.165,-0.032,0.079,5
-0.192,-0.05,0.157,5
-0.207,-0.062,0.171,5
-0.238,-0.095,0.219,5
-0.201,-0.102,0.231,5
-0.168,-0.092,0.174,5
-0.13,-0.117,0.191,5
-0.078,-0.118,0.275,5
-0.074,-0.098,0.222,5
-0.024,-0.101,0.126,5
-0.03,-0.082,0.165,5
-0.031,-0.096,0.17,4
0.062,-0.086,0.045,5
0.081,-0.077,0.097,5
0.095,-0.07,0.152,5
0.107,-0.075,0.149,5
0.087,-0.064,0.165,5
0.061,-0.092,0.157,5
0.029,-0.121,0.206,5
0.043,-0.122,0.189,5
0.018,-0.101,0.175,5
0.011,-0.117,0.192,5
0.032,-0.118,0.172,5
-0.005,-0.119,0.103,5
-0.017,-0.073,0.089,5
0.009,-0.061,0.075,5
-0.008,-0.055,0.064,5
-0.076,-0.036,0.036,5
-0.077,-0.003,0.006,5
-0.005,0.027,-0.054,5
0.012,0.02,-0.083,5
0.002,0.018,-0.096,4
0.036,0.003,-0.099,5
0.05,0.046,-0.085,5
0.058,0.041,-0.128,5
0.091,0.063,-0.115,5
0.09,0.065,-0.091,5
0.116,0.089,-0.108,5
0.16,0.084,-0.11,5
0.166,0.119,-0.116,5
0.196,0.103,-0.117,5
0.159,0.109,-0.114,5
0.135,0.12,-0.059,5
0.1,0.125,-0.045,5
0.103,0.082,-0.027,5
0.028,0.087,-0.029,5
0.003,0.109,0.025,5
-0.082,0.085,0.027,5
-0.156,0.068,-0.005,5
-0.192,0.095,0.003,5
-0.199,0.064,0.02,5
-0.217,0.015,0.052,4
-0.239,-0.025,0.068,5
-0.219,-0.052,0.083,5
-0.206,-0.086,0.2,5
-0.155,-0.09,0.318,5
-0.183,-0.098,0.299,5
-0.229,-0.106,0.286,5
-0.24,-0.086,0.227,5
-0.264,-0.069,0.217,5
-0.306,-0.028,0.178,5
-0.271,-0.021,0.083,5
-0.266,-0.006,-0.032,5
-0.252,0.029,-0.055,5
-0.201,0.017,-0.023,5
-0.159,0.058,-0.017,5
-0.13,0.117,-0.028,5
-0.147,0.088,-0.021,5
-0.098,0.096,-0.023,5
-0.071,0.082,-0.003,5
-0.038,0.096,-0.025,5
0.004,0.112,-0.018,4
0.003,0.101,-0.042,5
0.016,0.091,-0.012,5
-0.041,0.081,-0.032,5
-0.045,0.069,-0.024,5
-0.045,0.028,0.007,5
-0.097,0.051,0.006,5
-0.117,0.024,0.036,5
-0.071,0.022,0.101,5
-0.094,0.002,0.074,5
-0.037,-0.032,0.079,5
0.039,-0.063,0.089,5
0.026,-0.078,0.114,5
0.084,-0.083,0.172,5
0.071,-0.114,0.18,5
0.142,-0.102,0.145,5
0.145,-0.118,0.169,5
0.139,-0.097,0.174,5
0.185,-0.131,0.148,5
0.167,-0.143,0.103,4
0.219,-0.112,0.079,5
0.231,-0.096,0.067,5
0.217,-0.104,0.026,5
0.217,-0.076,0.032,5
0.212,-0.086,0.029,5
0.23,-0.068,0.026,5
0.177,0.002,0.002,5
0.172,0.006,-0.054,5
0.172,-0.002,-0.057,5
0.176,-0.032,-0.099,5
0.154,0.009,-0.136,5
0.165,0.038,-0.092,5
0.157,0.013,-0.079,5
0.158,-0.026,-0.053,5
0.224,0.001,-0.078,5
0.223,0.018,-0.07,5
0.24,0.003,-0.055,5
0.237,0.007,-0.131,5
0.188,0.028,-0.165,5
0.216,0.03,-0.183,4
0.126,0.057,-0.186,5
0.087,0.086,-0.228,5
0.108,0.086,-0.188,5
0.042,0.068,-0.178,5
-0.044,0.074,-0.151,5
-0.056,0.058,-0.097,5
-0.072,0.057,-0.088,5
-0.112,0.042,-0.027,5
-0.14,0.025,-0.011,5
-0.147,0.01,-0.006,5
-0.171,0.03,0.02,5
-0.176,0.027,0.022,5
-0.171,0.029,0.002,5
-0.175,0.017,-0.036,5
-0.154,0.054,-0.062,5
-0.147,0.062,-0.077,5
-0.128,0.068,-0.035,5
-0.158,0.057,-0.049,5
-0.142,0.034,-0.078,5
-0.128,0.018,-0.053,4
-0.111,0.042,-0.082,5
-0.095,0.02,-0.057,5
-0.081,-0.002,-0.025,5
-0.06,-0.045,-0.005,5
-0.076,-0.028,-0.018,5
-0.055,0.017,-0.042,5
-0.032,-0.031,0.048,5
0.052,-0.032,-0.09,5
0.072,0.018,-0.245,5
0.061,0.02,-0.267,5
0.089,0.057,-0.305,5
0.037,0.111,-0.309,5
0.003,0.13,-0.226,5
0.011,0.156,-0.1,5
0.006,0.093,-0.116,5
0.122,0.088,-0.26,5
0.131,0.092,-0.173,5
0.088,0.04,-0.061,5
0.04,0.018,-0.012,4
0.032,0.017,0.057,5
0.016,0.049,0.021,5
0.031,0.018,0.028,5
0.006,0.021,0.016,5
-0.028,0.058,0.041,5
-0.077,0.026,-0.019,5
-0.004,0.049,-0.111,5
-0.025,0.005,-0.074,5
-0.057,-0.011,0.018,5
-0.051,0.023,0.042,5
-0.046,0.073,0.016,5
-0.076,0.061,0.045,5
-0.116,0.085,0.04,5
-0.113,0.094,0.071,5
-0.11,0.067,0.072,5
-0.142,0.026,0.074,5
-0.162,0.062,0.062,5
-0.163,0.082,0.021,5
-0.164,0.095,0.053,5
-0.152,0.09,-0.003,4
-0.141,0.081,0.018,5
-0.105,0.055,-0.021,5
-0.06,0.067,-0.036,5
-0.037,0.082,0.074,5
0.048,0.061,-0.023,5
-0.004,0.089,-0.098,5
0.03,0.046,-0.101,5
0.079,0.05,-0.061,5
0.037,0.105,-0.033,5
-0.009,0.107,-0.004,5
-0.004,0.079,-0.012,5
0.013,0.054,-0.007,5
0.02,0.018,-0.01,5
-0.007,0.0,0.055,5
-0.032,-0.017,0.079,5
-0.055,-0.041,0.114,5
-0.058,-0.046,0.12,5
-0.112,-0.067,0.147,5
-0.135,-0.056,0.145,5
-0.109,-0.029,0.109,4
-0.137,-0.056,0.145,5
-0.149,-0.037,0.17,5
-0.151,-0.016,0.114,5
-0.102,-0.01,0.107,5
-0.091,-0.013,0.122,5
-0.061,-0.003,0.092,5
-0.042,-0.012,0.079,5
-0.02,-0.006,0.084,5
0.024,0.024,0.054,5
0.039,0.047,0.04,5
0.056,0.068,0.044,5
0.059,0.083,-0.024,5
0.066,0.135,-0.026,5
0.051,0.095,-0.032,5
0.093,0.099,-0.076,5
0.075,0.093,-0.137,5
0.072,0.08,-0.106,5
0.004,0.05,-0.074,5
-0.021,0.041,-0.062,4
-0.045,0.041,-0.06,5
-0.079,0.028,-0.054,5
-0.136,0.03,-0.066,5
-0.126,0.044,-0.021,5
-0.105,0.022,0.028,5
-0.017,0.033,0.09,5
-0.024,0.021,0.068,5
-0.095,0.079,-0.003,5
-0.042,0.106,0.014,5
0.026,0.116,0.086,5
0.036,0.122,-0.021,5
0.067,0.118,-0.058,5
0.159,0.111,-0.073,5
0.174,0.082,-0.105,5
0.221,0.07,-0.064,5
0.276,0.054,-0.083,5
0.274,0.031,-0.088,5
0.273,0.05,-0.015,5
0.28,0.01,0.0,5
0.261,-0.016,0.003,4
0.196,-0.023,0.012,5
0.167,-0.059,0.036,5
0.09,-0.096,0.045,5
0.008,-0.125,0.075,5
-0.048,-0.121,0.102,5
-0.099,-0.131,0.157,5
-0.132,-0.122,0.206,5
-0.235,-0.114,0.284,5
-0.212,-0.072,0.337,5
-0.229,-0.078,0.364,5
-0.297,-0.057,0.34,5
-0.263,-0.03,0.349,5
-0.271,-0.053,0.349,5
-0.244,-0.073,0.344,5
-0.181,-0.01,0.31,5
-0.085,0.012,0.326,5
-0.098,0.01,0.285,5
-0.028,0.065,0.2,5
0.078,0.067,0.215,5
0.052,0.056,0.18,4
0.138,0.072,0.119,5
0.12,0.104,0.047,5
0.138,0.046,-0.052,5
0.128,0.02,-0.025,5
0.012,0.031,-0.057,5
-0.014,-0.006,-0.081,5
-0.039,-0.031,-0.095,5
-0.052,-0.054,-0.154,5
-0.098,-0.031,-0.165,5
-0.054,-0.084,-0.126,5
-0.036,-0.106,-0.122,5
-0.01,-0.13,-0.145,5
-0.009,-0.142,-0.134,5
0.008,-0.176,-0.121,5
0.016,-0.188,-0.104,5
0.044,-0.191,-0.098,5
0.04,-0.198,-0.08,5
0.018,-0.186,-0.033,5
0.094,-0.168,-0.055,4
0.063,-0.198,-0.024,5
-0.028,-0.161,-0.013,5
-0.026,-0.184,0.052,5
-0.066,-0.161,0.073,5
-0.077,-0.132,0.057,5
-0.095,-0.119,0.034,5
-0.098,-0.124,0.009,5
0.001,-0.116,0.034,5
-0.007,-0.121,0.013,5
-0.002,-0.079,0.003,5
0.002,-0.08,-0.009,5
-0.002,-0.067,-0.017,5
-0.014,-0.091,-0.063,5
0.008,-0.073,-0.104,5
0.059,-0.057,-0.085,5
0.014,-0.081,-0.063,5
0.038,-0.103,-0.109,5
-0.016,-0.093,-0.106,5
-0.006,-0.084,-0.1,5
0.05,-0.097,-0.094,4
0.096,-0.1,-0.141,5
0.065,-0.06,-0.174,5
0.076,-0.032,-0.165,5
0.098,0.0,-0.205,5
0.088,-0.003,-0.219,5
0.161,0.039,-0.223,5
0.15,0.053,-0.252,5
0.143,0.052,-0.253,5
0.163,0.068,-0.266,5
0.151,0.048,-0.244,5
0.149,0.056,-0.193,5
0.125,0.098,-0.178,5
0.156,0.101,-0.152,5
0.114,0.147,-0.162,5
0.133,0.136,-0.219,5
0.154,0.144,-0.223,5
0.139,0.16,-0.222,5
0.121,0.131,-0.183,5
0.117,0.131,-0.169,5
0.079,0.113,-0.083,4
0.127,0.111,-0.032,5
0.115,0.078,0.005,5
0.051,0.049,0.022,5
0.016,0.078,0.054,5
-0.019,0.083,0.049,5
-0.056,0.075,0.057,5
-0.093,0.089,0.034,5
-0.136,0.093,-0.016,5
-0.187,0.088,0.002,5
-0.138,0.044,-0.019,5
-0.111,0.04,-0.013,5
-0.087,0.057,-0.011,5
0.003,0.026,-0.01,5
0.041,0.002,0.059,5
0.093,-0.015,0.066,5
0.084,-0.026,0.098,5
0.11,-0.011,0.114,5
0.133,0.015,0.072,5
0.146,-0.002,0.087,4
0.153,0.005,0.043,5
0.094,0.018,0.017,5
0.076,0.007,0.076,5
0.09,-0.018,0.064,5
0.115,-0.042,0.066,5
0.035,-0.029,0.047,5
-0.015,-0.061,0.089,5
-0.074,-0.063,0.085,5
-0.062,-0.087,0.098,5
-0.069,-0.1,0.079,5
-0.101,-0.12,0.106,5
-0.06,-0.117,0.095,5
-0.067,-0.088,0.077,5
-0.091,-0.049,0.078,5
-0.077,-0.027,0.109,5
-0.013,-0.063,0.128,5
-0.012,-0.039,0.132,5
-0.041,-0.035,0.115,5
-0.015,-0.049,0.116,5
0.024,-0.044,0.186,4
0.043,-0.048,0.172,5
0.022,-0.056,0.103,5
0.006,-0.055,0.041,5
0.045,-0.084,0.08,5
0.053,-0.062,0.081,5
0.078,0.003,0.038,5
0.061,-0.009,-0.012,5
0.055,-0.012,-0.063,5
0.075,-0.015,-0.091,5
0.076,0.002,-0.069,5
0.06,-0.01,-0.062,5
0.102,-0.039,-0.086,5
0.156,-0.031,-0.077,5
0.145,-0.032,-0.069,5
0.173,-0.02,-0.08,5
0.134,-0.027,-0.093,5
0.121,-0.02,-0.028,5
0.07,-0.005,-0.012,5
0.028,0.0,-0.002,4
-0.012,0.0,0.032,5
-0.015,0.038,-0.009,5
-0.087,0.038,-0.013,5
-0.121,0.026,-0.042,5
-0.139,0.058,-0.046,5
-0.147,0.048,-0.02,5
-0.175,0.051,-0.022,5
-0.188,0.02,-0.016,5
-0.143,-0.019,-0.061,5
-0.116,0.02,0.0,5
-0.048,0.014,0.004,5
0.033,0.034,-0.021,5
0.013,0.044,-0.058,5
-0.061,0.061,-0.203,5
-0.107,0.093,-0.2,5
-0.074,0.088,-0.128,5
-0.075,0.066,-0.111,5
-0.081,0.086,-0.108,5
-0.086,0.111,-0.084,5
-0.107,0.13,-0.059,4
-0.109,0.126,-0.04,5
-0.128,0.131,0.019,5
-0.146,0.161,0.0,5
-0.127,0.222,0.013,5
-0.088,0.221,0.02,5
-0.075,0.221,-0.007,5
-0.011,0.246,-0.041,5
0.006,0.226,-0.049,5
0.113,0.225,-0.092,5
0.188,0.228,-0.083,5
0.247,0.248,-0.109,5
0.282,0.215,-0.111,5
0.28,0.202,-0.1,5
0.295,0.186,-0.15,5
0.244,0.184,-0.178,5
0.237,0.209,-0.208,5
0.239,0.218,-0.187,5
0.202,0.209,-0.134,5
0.19,0.197,-0.172,5
0.137,0.182,-0.155,4
0.058,0.163,-0.036,5
0.052,0.112,0.01,5
0.026,0.075,0.061,5
-0.019,0.029,0.102,5
-0.034,0.004,0.156,5
-0.027,-0.025,0.21,5
-0.05,-0.04,0.202,5
-0.101,-0.044,0.173,5
-0.108,-0.083,0.211,5
-0.114,-0.075,0.22,5
-0.142,-0.05,0.224,5
-0.17,-0.028,0.219,5
-0.136,0.0,0.227,5
-0.153,-0.034,0.217,5
-0.129,-0.03,0.196,5
-0.116,-0.031,0.219,5
-0.087,0.001,0.257,5
-0.134,0.001,0.214,5
-0.103,0.001,0.258,5
-0.05,-0.059,0.223,4
-0.028,-0.079,0.231,5
-0.055,-0.088,0.221,5
-0.11,-0.066,0.19,5
-0.09,-0.051,0.21,5
-0.167,-0.054,0.223,5
-0.271,-0.066,0.175,5
-0.399,-0.064,0.058,5
-0.557,-0.049,0.048,5
-0.652,-0.027,0.082,5
-0.583,-0.11,0.057,5
-0.542,-0.19,0.15,5
-0.613,-0.132,0.062,5
-0.62,-0.062,0.176,5
-0.412,-0.095,0.318,5
-0.198,-0.133,0.213,5
-0.105,-0.059,0.131,5
0.021,-0.058,0.118,5
0.221,-0.03,0.115,5
0.38,0.024,0.073,5
0.571,0.06,0.036,4
0.651,0.127,-0.023,5
0.685,0.209,-0.219,5
0.729,0.279,-0.322,5
0.686,0.354,-0.32,5
0.635,0.396,-0.348,5
0.562,0.387,-0.313,5
0.459,0.391,-0.355,5
0.361,0.318,-0.358,5
0.213,0.286,-0.331,5
0.123,0.244,-0.126,5
0.015,0.134,-0.048,5
-0.071,0.081,-0.078,5
-0.081,0.009,0.093,5
-0.142,-0.078,0.251,5
-0.167,-0.156,0.373,5
-0.258,-0.17,0.443,5
-0.271,-0.205,0.524,5
-0.244,-0.258,0.644,5
-0.198,-0.279,0.64,4
-0.182,-0.234,0.571,5
-0.151,-0.15,0.544,5
-0.119,-0.101,0.503,5
-0.111,0.003,0.461,5
-0.095,0.085,0.402,5
-0.082,0.128,0.267,5
-0.104,0.18,0.184,5
-0.153,0.226,0.153,5
-0.185,0.277,0.146,5
-0.188,0.284,0.114,5
-0.165,0.251,0.103,5
-0.123,0.243,0.023,5
-0.119,0.253,-0.03,5
-0.103,0.262,-0.005,5
-0.105,0.253,0.0,5
-0.069,0.189,-0.009,5
-0.002,0.153,-0.047,5
0.054,0.142,-0.081,5
0.078,0.149,-0.154,5
0.152,0.138,-0.152,4
0.184,0.103,-0.249,5
0.287,0.054,-0.349,5
0.331,0.036,-0.465,5
0.35,0.041,-0.513,5
0.353,0.058,-0.582,5
0.361,0.061,-0.645,5
0.342,0.072,-0.666,5
0.381,0.039,-0.746,5
0.434,0.026,-0.732,5
0.412,0.032,-0.766,5
0.392,0.0,-0.728,5
0.413,0.007,-0.742,5
0.376,0.084,-0.724,5
0.382,0.097,-0.686,5
0.373,0.113,-0.565,5
0.336,0.102,-0.513,5
0.311,0.079,-0.548,5
0.284,0.049,-0.484,5
0.238,0.031,-0.376,5
0.133,0.045,-0.338,4
0.033,0.015,-0.274,5
-0.129,-0.003,-0.238,5
-0.241,-0.05,-0.119,5
-0.329,-0.053,-0.034,5
-0.395,-0.07,-0.039,5
-0.476,-0.063,-0.048,5
-0.519,-0.078,-0.099,5
-0.566,-0.066,-0.02,5
-0.535,-0.115,-0.031,5
-0.421,-0.108,-0.084,5
-0.31,-0.093,-0.123,5
-0.193,-0.088,-0.141,5
-0.092,-0.118,-0.161,5
-0.009,-0.123,-0.111,5
0.077,-0.145,-0.074,5
0.16,-0.156,-0.053,5
0.256,-0.154,0.0,5
0.282,-0.091,0.029,5
0.271,-0.065,0.0,5
0.175,-0.071,-0.029,4
0.093,-0.059,-0.043,5
-0.062,-0.075,-0.039,5
-0.159,-0.067,0.041,5
-0.225,-0.082,0.063,5
-0.272,-0.104,0.117,5
-0.318,-0.098,0.105,5
-0.346,-0.127,0.078,5
-0.26,-0.175,0.052,5
-0.204,-0.222,0.099,5
-0.192,-0.169,0.149,5
-0.16,-0.118,0.143,5
-0.105,-0.097,0.124,5
-0.06,-0.118,0.051,5
-0.015,-0.136,0.042,5
0.054,-0.14,0.051,5
0.101,-0.108,0.058,5
0.116,-0.059,0.096,5
0.148,-0.053,0.039,5
0.202,-0.086,-0.003,5
0.212,-0.073,0.07,4
0.229,-0.07,0.144,5
0.224,-0.089,0.13,5
0.257,-0.084,0.113,5
0.266,-0.08,0.071,5
0.235,-0.076,0.15,5
0.181,-0.077,0.135,5
0.09,-0.078,0.139,5
0.012,-0.079,0.164,5
-0.049,-0.054,0.139,5
-0.091,-0.027,0.172,5
-0.125,-0.02,0.288,5
-0.125,-0.061,0.32,5
-0.126,-0.115,0.352,5
-0.13,-0.185,0.442,5
-0.13,-0.244,0.48,5
-0.134,-0.284,0.557,5
-0.16,-0.26,0.54,5
-0.118,-0.239,0.438,5
-0.076,-0.223,0.42,5
-0.038,-0.253,0.352,4
-0.017,-0.236,0.296,5
-0.007,-0.212,0.223,5
-0.01,-0.156,0.213,5
-0.005,-0.141,0.287,5
-0.078,-0.079,0.366,5
-0.169,0.044,0.364,5
-0.208,0.022,0.383,5
-0.036,0.033,0.28,5
0.16,0.06,0.166,5
0.256,0.058,0.21,5
0.256,0.087,0.258,5
0.235,0.1,0.206,5
0.168,0.115,0.297,5
0.001,0.177,0.401,5
-0.154,0.25,0.607,5
-0.091,0.272,0.589,5
-0.116,0.279,0.487,5
-0.182,0.307,0.701,5
-0.138,0.225,0.665,4
-0.046,0.133,0.599,5
0.186,0.012,0.423,5
0.374,-0.1,0.1,5
0.724,-0.185,-0.017,5
1.048,-0.33,-0.261,5
1.206,-0.25,-0.286,5
1.137,0.067,-0.012,5
1.036,0.298,0.126,5
0.842,0.41,0.256,5
0.698,0.36,0.437,5
0.658,0.195,0.458,5
0.622,0.025,0.49,5
0.418,-0.123,0.635,5
0.152,-0.184,0.812,5
-0.039,-0.355,0.968,5
-0.182,-0.501,1.022,5
-0.353,-0.645,0.795,5
-0.481,-0.718,0.612,5
-0.498,-0.741,0.512,5
-0.638,-0.65,0.124,4
-0.695,-0.541,-0.12,5
-0.698,-0.405,-0.379,5
-0.702,-0.3,-0.639,5
-0.791,-0.175,-0.691,5
-0.763,-0.054,-0.816,5
-0.657,0.041,-0.976,5
-0.595,0.226,-1.08,5
-0.51,0.385,-0.994,5
-0.368,0.419,-0.894,5
-0.155,0.442,-0.822,5
0.079,0.346,-0.74,5
0.227,0.229,-0.765,5
0.32,0.159,-0.792,5
0.4,0.113,-0.799,5
0.412,0.02,-0.745,5
0.336,-0.08,-0.593,5
0.208,-0.171,-0.426,5
0.032,-0.258,-0.37,5
-0.078,-0.314,-0.23,5
-0.148,-0.446,-0.181,4
-0.232,-0.617,-0.128,5
-0.338,-0.732,-0.029,5
-0.503,-0.805,0.098,5
-0.582,-0.785,0.243,5
-0.691,-0.749,0.365,5
-0.73,-0.743,0.557,5
-0.773,-0.747,0.648,5
-0.877,-0.715,0.622,5
-0.914,-0.691,0.723,5
-0.909,-0.617,0.789,5
-0.831,-0.474,0.835,5
-0.778,-0.306,0.846,5
-0.631,-0.189,0.852,5
-0.361,-0.157,0.758,5
-0.183,-0.068,0.639,5
-0.07,0.063,0.605,5
-0.011,0.186,0.26,5
0.11,0.348,0.204,5
0.245,0.46,-0.16,5
0.242,0.578,-0.519,4
0.188,0.645,-0.67,5
0.104,0.735,-0.93,5
-0.047,0.782,-1.143,5
-0.133,0.782,-1.274,5
-0.227,0.777,-1.155,5
-0.295,0.721,-0.997,5
-0.296,0.623,-1.013,5
-0.326,0.534,-0.925,5
-0.35,0.442,-0.712,5
-0.388,0.381,-0.533,5
-0.405,0.347,-0.471,5
-0.36,0.235,-0.454,5
-0.281,0.164,-0.391,5
-0.206,0.156,-0.395,5
-0.107,0.166,-0.381,5
-0.053,0.214,-0.373,5
0.02,0.214,-0.358,5
0.108,0.223,-0.378,5
0.231,0.239,-0.43,4
0.273,0.28,-0.517,5
0.306,0.325,-0.534,5
0.344,0.323,-0.524,5
0.322,0.29,-0.493,5
0.243,0.205,-0.486,5
0.249,0.137,-0.537,5
0.137,0.106,-0.255,5
0.05,0.061,-0.057,5
0.002,0.016,-0.12,5
-0.088,-0.036,-0.216,5
-0.199,-0.084,-0.013,5
-0.257,-0.162,0.026,5
-0.274,-0.202,-0.096,5
-0.376,-0.25,0.046,5
-0.382,-0.286,-0.001,5
-0.361,-0.356,0.123,5
-0.355,-0.441,0.352,5
-0.332,-0.483,0.317,5
-0.187,-0.495,0.324,4
-0.078,-0.493,0.408,5
-0.005,-0.444,0.445,5
0.0,-0.404,0.387,5
0.046,-0.372,0.297,5
0.123,-0.296,0.22,5
0.18,-0.27,0.107,5
0.252,-0.222,-0.11,5
0.275,-0.152,-0.202,5
0.269,-0.059,-0.199,5
0.272,-0.002,-0.209,5
0.305,0.071,-0.257,5
0.184,0.133,-0.236,5
0.118,0.137,-0.16,5
0.123,0.153,-0.114,5
0.115,0.164,-0.016,5
0.078,0.139,-0.028,5
0.1,0.133,-0.128,5
0.12,0.172,-0.021,5
0.212,0.107,0.054,5
0.268,0.109,0.04,4
0.345,0.128,0.014,5
0.37,0.103,-0.055,5
0.402,0.127,-0.067,5
0.358,0.123,-0.103,5
0.378,0.119,-0.123,5
0.383,0.12,-0.231,5
0.379,0.181,-0.281,5
0.363,0.193,-0.24,5
0.361,0.26,-0.242,5
0.372,0.294,-0.3,5
0.365,0.312,-0.313,5
0.393,0.315,-0.329,5
0.406,0.301,-0.309,5
0.378,0.318,-0.299,5
0.34,0.351,-0.291,5
0.31,0.337,-0.266,5
0.309,0.355,-0.192,5
0.283,0.337,-0.186,5
0.207,0.368,-0.206,5
0.122,0.344,-0.142,4
0.045,0.34,-0.154,5
0.019,0.306,-0.143,5
-0.017,0.344,-0.171,5
-0.058,0.314,-0.206,5
-0.031,0.3,-0.168,5
-0.041,0.283,-0.143,5
-0.032,0.259,-0.107,5
-0.016,0.203,-0.096,5
0.062,0.143,-0.138,5
0.121,0.086,-0.176,5
0.044,0.116,-0.171,5
0.009,0.13,0.065,5
-0.073,0.147,0.05,5
-0.057,0.133,-0.01,5
0.017,0.089,-0.061,5
0.037,0.106,-0.115,5
-0.052,0.069,-0.164,5
-0.055,0.08,-0.135,5
-0.067,0.063,-0.13,4
-0.052,0.07,-0.099,5
-0.059,0.041,0.03,5
-0.109,-0.031,0.075,5
-0.103,-0.032,0.162,5
-0.045,-0.128,0.292,5
-0.006,-0.154,0.246,5
-0.053,-0.151,0.234,5
-0.056,-0.188,0.452,5
-0.068,-0.199,0.458,5
-0.057,-0.222,0.499,5
-0.016,-0.273,0.531,5
0.015,-0.255,0.456,5
-0.012,-0.186,0.557,5
0.001,-0.141,0.635,5
0.044,-0.08,0.679,5
0.04,-0.072,0.611,5
0.053,-0.108,0.658,5
0.065,-0.14,0.695,5
0.05,-0.186,0.811,5
0.006,-0.202,0.898,4
-0.08,-0.216,1.015,5
-0.171,-0.272,1.12,5
-0.206,-0.344,1.275,5
-0.241,-0.374,1.316,5
-0.169,-0.518,1.201,5
-0.019,-0.725,0.922,5
0.163,-0.975,0.455,5
0.457,-1.201,-0.167,5
0.778,-1.387,-0.81,5
0.976,-1.438,-1.367,5
0.934,-1.16,-1.545,5
0.698,-0.738,-1.08,5
0.439,-0.376,-0.269,5
0.274,-0.122,0.188,5
0.208,-0.058,0.565,5
0.118,-0.109,0.858,5
0.033,-0.244,1.194,5
-0.047,-0.448,1.566,5
0.056,-0.722,1.866,5
0.27,-0.762,2.149,4
-0.157,-0.871,1.753,5
-0.494,-0.986,1.328,5
-0.6,-1.12,1.122,5
-0.531,-1.22,0.945,5
-0.383,-1.119,0.786,5
-0.453,-0.774,0.608,5
-0.485,-0.344,0.353,5
-0.527,-0.029,0.012,5
-0.784,0.214,0.097,5
-0.93,0.464,0.522,5
-0.962,0.573,0.737,5
-0.973,0.654,0.948,5
-0.945,0.644,1.198,5
-0.859,0.649,1.449,5
-0.726,0.631,1.61,5
-0.545,0.633,1.544,5
-0.293,0.634,1.342,5
-0.069,0.678,1.134,5
0.1,0.727,0.904,5
0.164,0.701,0.59,4
0.22,0.64,0.337,5
0.267,0.632,0.092,5
0.279,0.594,-0.067,5
0.23,0.505,-0.233,5
0.366,0.471,-0.188,5
0.39,0.429,-0.277,5
0.295,0.33,-0.598,5
0.386,0.185,-0.857,5
0.429,0.136,-1.056,5
0.434,0.109,-1.079,5
0.489,0.094,-1.118,5
0.587,0.05,-1.278,5
0.705,-0.014,-1.443,5
0.708,-0.021,-1.445,5
0.727,-0.002,-1.413,5
0.723,0.015,-1.461,5
0.647,0.06,-1.487,5
0.612,0.106,-1.58,5
0.624,0.173,-1.478,4
0.695,0.134,-1.295,5
0.716,0.138,-1.222,5
0.692,0.077,-1.121,5
0.64,-0.008,-0.936,5
0.412,-0.02,-0.786,5
0.198,-0.044,-0.608,5
-0.019,-0.104,-0.491,5
-0.237,-0.115,-0.451,5
-0.394,-0.142,-0.358,5
-0.583,-0.184,-0.297,5
-0.8,-0.196,-0.275,5
-0.944,-0.228,-0.291,5
-0.996,-0.239,-0.283,5
-0.957,-0.241,-0.345,5
-0.943,-0.204,-0.319,5
-0.853,-0.205,-0.244,5
-0.75,-0.155,-0.216,5
-0.632,-0.074,-0.233,5
-0.483,-0.071,-0.3,4
-0.284,-0.064,-0.33,5
-0.178,-0.045,-0.276,5
-0.052,-0.023,-0.304,5
-0.004,0.026,-0.36,5
0.004,0.066,-0.38,5
-0.012,0.12,-0.406,5
-0.007,0.142,-0.383,5
-0.036,0.171,-0.448,5
-0.05,0.223,-0.515,5
-0.118,0.291,-0.541,5
-0.154,0.335,-0.573,5
-0.078,0.31,-0.468,5
-0.04,0.245,-0.422,5
-0.04,0.186,-0.388,5
-0.127,0.18,-0.328,5
-0.269,0.162,-0.217,5
-0.212,0.103,-0.114,5
-0.212,0.032,-0.115,5
-0.225,0.029,-0.112,5
-0.142,0.0,-0.036,5
-0.115,-0.025,-0.011,4
-0.086,-0.018,-0.049,5
-0.086,0.034,-0.095,5
-0.052,0.048,-0.069,5
0.013,0.069,-0.092,5
0.042,0.079,-0.04,5
0.063,0.076,-0.113,5
0.143,0.116,-0.153,5
0.077,0.117,-0.211,5
0.039,0.088,-0.225,5
0.009,0.088,-0.215,5
-0.094,0.109,-0.099,5
-0.132,0.094,-0.084,5
-0.119,0.015,-0.02,5
-0.197,-0.002,-0.014,5
-0.195,-0.019,0.129,5
-0.128,-0.073,0.155,5
-0.124,-0.036,0.178,5
-0.159,0.01,0.19,5
-0.173,0.005,0.128,4
-0.125,0.06,0.158,5
-0.078,0.084,0.078,5
0.066,0.114,-0.08,5
0.133,0.12,-0.184,5
0.133,0.117,-0.252,5
0.162,0.127,-0.33,5
0.193,0.187,-0.426,5
0.2,0.186,-0.47,5
0.236,0.253,-0.479,5
0.26,0.28,-0.388,5
0.272,0.29,-0.31,5
0.293,0.278,-0.3,5
0.341,0.233,-0.249,5
0.302,0.188,-0.077,5
0.268,0.096,-0.014,5
0.133,0.112,0.008,5
-0.026,0.067,0.296,5
-0.157,-0.008,0.4,5
-0.236,-0.033,0.485,4
-0.363,-0.064,0.527,5
-0.447,-0.109,0.539,5
-0.497,-0.111,0.507,5
-0.568,-0.117,0.43,5
-0.576,-0.114,0.396,5
-0.553,-0.103,0.313,5
-0.566,-0.174,0.428,5
-0.561,-0.17,0.471,5
-0.518,-0.157,0.385,5
-0.41,-0.18,0.399,5
-0.374,-0.115,0.397,5
-0.358,-0.099,0.487,5
-0.326,-0.128,0.542,5
-0.25,-0.093,0.509,5
-0.187,-0.049,0.419,5
-0.168,-0.023,0.356,5
-0.117,0.065,0.303,5
-0.04,0.144,0.186,5
-0.002,0.194,0.077,5
0.041,0.222,-0.033,5
0.153,0.26,-0.12,4
0.198,0.256,-0.039,5
0.243,0.243,-0.04,5
0.313,0.202,-0.152,5
0.321,0.19,-0.106,5
0.289,0.175,-0.057,5
0.225,0.171,0.017,5
0.121,0.201,0.045,5
-0.08,0.22,-0.114,5
0.022,0.146,-0.089,5
0.114,0.097,0.074,5
0.112,0.078,0.213,5
0.023,0.079,0.265,5
-0.091,0.114,0.269,5
-0.142,0.185,0.242,5
-0.007,0.196,0.204,5
0.088,0.194,0.249,5
0.182,0.144,0.31,5
0.332,0.082,0.27,5
0.407,0.048,0.23,4
0.469,0.056,0.177,5
0.53,-0.004,0.228,5
0.542,-0.017,0.343,5
0.522,-0.123,0.417,5
0.474,-0.184,0.457,5
0.435,-0.26,0.493,5
0.34,-0.269,0.534,5
0.164,-0.289,0.649,5
0.126,-0.351,0.829,5
0.135,-0.462,0.871,5
0.19,-0.683,0.659,5
0.425,-0.972,0.171,5
0.883,-1.332,-0.302,5
1.342,-1.793,-0.737,5
1.556,-2.148,-1.069,5
1.586,-2.196,-1.026,5
1.169,-1.912,-0.643,5
0.686,-1.359,0.105,5
0.005,-0.615,1.038,4
-0.404,-0.217,1.831,5
-0.536,-0.01,2.204,5
-0.624,0.097,2.44,5
-0.527,0.157,2.39,5
-0.255,0.106,2.185,5
0.123,-0.02,1.613,5
0.602,-0.181,0.836,5
0.865,-0.28,0.188,5
0.912,-0.174,-0.451,5
1.165,0.002,-0.582,5
1.191,0.226,-0.498,5
0.783,0.432,-0.547,5
0.494,0.638,-0.635,5
0.173,0.799,-0.683,5
-0.05,0.908,-0.559,5
-0.257,0.955,-0.563,5
-0.407,0.873,-0.546,5
-0.505,0.846,-0.383,5
-0.618,0.847,-0.397,5
-0.724,0.806,-0.452,4
-0.897,0.794,-0.583,5
-1.062,0.736,-0.684,5
-0.921,0.671,-0.517,5
-1.062,0.668,-0.573,5
-1.128,0.623,-0.468,5
-1.032,0.587,-0.391,5
-0.989,0.472,-0.485,5
-0.976,0.343,-0.389,5
-0.905,0.214,-0.225,5
-0.935,0.115,0.012,5
-0.923,0.056,0.269,5
-0.848,0.016,0.363,5
-0.811,-0.024,0.434,5
-0.691,-0.034,0.382,5
-0.531,-0.005,0.37,5
-0.336,-0.004,0.358,5
-0.173,0.008,0.223,5
0.025,0.007,0.046,5
0.212,-0.014,-0.022,5
0.423,-0.039,-0.042,4
0.7,-0.112,-0.012,5
0.862,-0.157,0.049,5
1.026,-0.206,0.074,5
1.1,-0.319,0.149,5
1.193,-0.377,0.246,5
1.207,-0.447,0.247,5
1.181,-0.446,0.261,5
1.089,-0.457,0.222,5
0.984,-0.416,0.109,5
0.877,-0.417,0.059,5
0.746,-0.406,-0.075,5
0.598,-0.451,-0.188,5
0.482,-0.466,-0.229,5
0.412,-0.433,-0.336,5
0.337,-0.475,-0.406,5
0.294,-0.424,-0.451,5
0.261,-0.368,-0.509,5
0.209,-0.336,-0.583,5
0.226,-0.319,-0.646,4
0.23,-0.339,-0.663,5
0.254,-0.314,-0.683,5
0.216,-0.274,-0.683,5
0.142,-0.255,-0.632,5
0.038,-0.169,-0.599,5
-0.073,-0.148,-0.552,5
-0.143,-0.133,-0.484,5
-0.237,-0.089,-0.47,5
-0.312,-0.067,-0.47,5
-0.35,-0.009,-0.445,5
-0.375,0.069,-0.405,5
-0.363,0.083,-0.36,5
-0.357,0.079,-0.35,5
-0.39,0.123,-0.297,5
-0.42,0.184,-0.233,5
-0.421,0.265,-0.192,5
-0.383,0.337,-0.147,5
-0.401,0.398,-0.133,5
-0.395,0.449,-0.188,5
-0.317,0.438,-0.286,4
-0.212,0.446,-0.309,5
-0.126,0.466,-0.312,5
-0.131,0.471,-0.328,5
-0.057,0.532,-0.339,5
0.025,0.595,-0.369,5
0.13,0.578,-0.393,5
0.191,0.555,-0.418,5
0.258,0.53,-0.454,5
0.292,0.541,-0.473,5
0.319,0.535,-0.469,5
0.365,0.52,-0.499,5
0.294,0.524,-0.428,5
0.303,0.484,-0.372,5
0.298,0.457,-0.335,5
0.269,0.424,-0.314,5
0.229,0.412,-0.257,5
0.189,0.349,-0.253,5
0.226,0.357,-0.236,5
0.186,0.335,-0.186,4
0.133,0.34,-0.202,5
0.089,0.31,-0.26,5
0.072,0.301,-0.272,5
0.09,0.344,-0.254,5
0.077,0.34,-0.276,5
0.086,0.336,-0.356,5
0.164,0.345,-0.393,5
0.216,0.388,-0.535,5
0.212,0.392,-0.43,5
0.268,0.379,-0.344,5
0.384,0.345,-0.301,5
0.289,0.345,-0.344,5
0.286,0.375,-0.486,5
0.318,0.359,-0.248,5
0.243,0.28,-0.141,5
0.244,0.282,-0.097,5
0.31,0.258,-0.057,5
0.249,0.241,-0.133,5
0.151,0.182,0.035,5
0.045,0.104,0.014,4
0.045,0.106,-0.008,5
-0.002,0.057,0.009,5
-0.066,0.06,-0.034,5
-0.094,0.041,-0.134,5
-0.136,0.024,-0.172,5
-0.226,0.073,-0.22,5
-0.307,0.096,-0.189,5
-0.423,0.116,-0.2,5
-0.41,0.148,-0.185,5
-0.412,0.137,-0.153,5
-0.423,0.085,-0.06,5
-0.406,0.02,0.01,5
-0.422,-0.007,0.03,5
-0.492,-0.028,0.109,5
-0.429,-0.042,0.163,5
-0.434,-0.025,0.108,5
-0.438,-0.014,0.153,5
-0.446,-0.073,0.228,5
-0.401,-0.074,0.227,5
-0.408,-0.101,0.195,4
-0.359,-0.155,0.163,5
-0.336,-0.166,0.22,5
-0.302,-0.201,0.202,5
-0.272,-0.172,0.035,5
-0.223,-0.163,0.148,5
-0.097,-0.186,0.133,5
-0.01,-0.184,0.042,5
0.081,-0.2,0.0,5
0.172,-0.172,-0.043,5
0.163,-0.094,-0.051,5
0.16,-0.093,-0.033,5
0.182,-0.088,0.0,5
0.147,-0.097,0.012,5
0.093,-0.108,0.084,5
0.024,-0.132,0.196,5
-0.09,-0.205,0.302,5
-0.128,-0.21,0.396,5
-0.167,-0.293,0.529,5
-0.198,-0.328,0.605,4
-0.191,-0.355,0.648,5
-0.198,-0.35,0.588,5
-0.178,-0.397,0.512,5
-0.13,-0.413,0.413,5
-0.164,-0.355,0.389,5
-0.126,-0.323,0.372,5
-0.066,-0.274,0.261,5
0.017,-0.182,0.209,5
0.05,-0.142,0.167,5
0.075,-0.089,0.141,5
0.119,-0.028,0.084,5
0.193,0.004,0.084,5
0.29,0.068,0.252,5
0.3,0.182,0.309,5
0.304,0.241,0.381,5
0.326,0.204,0.503,5
0.28,0.184,0.573,5
0.274,0.045,0.542,5
0.246,-0.205,0.38,5
0.316,-0.537,0.182,4
0.474,-0.867,-0.137,5
0.491,-1.134,-0.485,5
0.382,-1.253,-0.639,5
-0.06,-1.042,-0.317,5
-0.722,-0.532,0.408,5
-1.521,-0.026,1.38,5
-2.2,0.359,2.186,5
-2.691,0.452,2.7,5
-2.943,0.338,3.029,5
-3.05,0.17,3.316,5
-3.034,0.054,3.329,5
-2.653,-0.217,3.19,5
-2.206,-0.484,2.875,5
-1.818,-0.643,2.381,5
-1.347,-0.647,1.876,5
-0.915,-0.514,1.533,5
-0.466,-0.26,1.078,5
0.119,-0.014,0.677,5
0.719,0.146,0.178,4
1.259,0.291,-0.351,5
1.732,0.408,-0.829,5
2.076,0.454,-1.117,5
2.209,0.533,-1.311,5
2.251,0.648,-1.369,5
2.194,0.768,-1.297,5
2.004,0.838,-1.223,5
1.739,0.896,-1.166,5
1.462,0.858,-1.096,5
1.169,0.768,-0.987,5
0.923,0.67,-0.737,5
0.667,0.534,-0.508,5
0.505,0.437,-0.311,5
0.291,0.342,0.017,5
0.055,0.2,0.355,5
-0.118,0.029,0.518,5
-0.278,-0.124,0.673,5
-0.302,-0.279,0.787,5
-0.328,-0.325,0.786,5
-0.295,-0.4,0.664,4
-0.214,-0.433,0.606,5
-0.093,-0.442,0.42,5
-0.036,-0.44,0.322,5
0.039,-0.426,0.221,5
0.13,-0.375,0.078,5
0.182,-0.372,0.001,5
0.228,-0.378,-0.14,5
0.218,-0.448,-0.242,5
0.188,-0.472,-0.317,5
0.16,-0.511,-0.35,5
0.105,-0.529,-0.289,5
0.026,-0.454,-0.243,5
-0.058,-0.443,-0.27,5
-0.198,-0.451,-0.347,5
-0.351,-0.483,-0.351,5
-0.342,-0.426,-0.307,5
-0.394,-0.34,-0.328,5
-0.419,-0.349,-0.368,5
-0.381,-0.332,-0.375,5
-0.334,-0.29,-0.406,4
-0.301,-0.265,-0.378,5
-0.292,-0.226,-0.362,5
-0.267,-0.173,-0.425,5
-0.223,-0.112,-0.438,5
-0.197,-0.097,-0.494,5
-0.121,-0.083,-0.569,5
-0.079,-0.01,-0.56,5
-0.049,-0.009,-0.573,5
0.002,0.039,-0.657,5
0.032,0.078,-0.704,5
0.089,0.122,-0.737,5
0.072,0.153,-0.805,5
0.026,0.202,-0.867,5
-0.028,0.164,-0.879,5
-0.034,0.187,-0.834,5
-0.004,0.198,-0.768,5
-0.008,0.208,-0.773,5
0.0,0.179,-0.747,5
0.043,0.161,-0.703,4
0.086,0.153,-0.633,5
0.078,0.16,-0.548,5
0.04,0.161,-0.437,5
0.04,0.132,-0.384,5
0.058,0.097,-0.346,5
0.026,0.104,-0.354,5
0.002,0.06,-0.379,5
-0.071,-0.002,-0.367,5
-0.12,-0.027,-0.309,5
-0.129,-0.037,-0.218,5
-0.129,-0.034,-0.144,5
-0.138,-0.052,-0.143,5
-0.111,-0.09,-0.115,5
-0.001,-0.098,-0.095,5
0.08,-0.161,-0.025,5
0.141,-0.188,0.007,5
0.161,-0.212,0.032,5
0.18,-0.251,0.037,5
0.192,-0.179,0.038,5
0.207,-0.161,0.004,4
0.182,-0.175,-0.082,5
0.177,-0.097,-0.143,5
0.181,-0.04,-0.223,5
0.18,-0.036,-0.283,5
0.192,-0.045,-0.289,5
0.181,-0.002,-0.294,5
0.223,0.032,-0.265,5
0.218,0.046,-0.182,5
0.227,0.08,-0.168,5
0.264,0.124,-0.113,5
0.259,0.124,-0.101,5
0.246,0.12,-0.074,5
0.204,0.156,-0.075,5
0.162,0.149,-0.115,5
0.163,0.142,-0.142,5
0.125,0.137,-0.128,5
0.1,0.101,-0.145,5
0.06,0.057,-0.096,5
0.049,0.06,-0.065,5
-0.006,0.08,-0.058,4
-0.045,0.063,0.011,5
-0.109,0.091,-0.011,5
-0.12,0.103,-0.04,5
-0.069,0.097,-0.036,5
0.002,0.079,-0.054,5
0.045,0.136,-0.139,5
0.083,0.152,-0.159,5
0.157,0.184,-0.156,5
0.219,0.187,-0.128,5
0.266,0.212,-0.132,5
0.325,0.208,-0.201,5
0.331,0.187,-0.206,5
0.341,0.185,-0.156,5
0.32,0.184,-0.183,5
0.34,0.174,-0.109,5
0.319,0.17,-0.05,5
0.351,0.174,-0.045,5
0.342,0.196,-0.054,5
0.239,0.159,-0.074,4
0.124,0.164,-0.084,5
-0.012,0.156,-0.045,5
-0.119,0.175,0.014,5
-0.206,0.153,0.009,5
-0.263,0.142,0.012,5
-0.305,0.158,-0.006,5
-0.296,0.147,0.016,5
-0.228,0.102,0.04,5
-0.179,0.07,0.079,5
-0.118,0.037,0.149,5
-0.098,0.046,0.16,5
-0.101,0.089,0.139,5
-0.039,0.063,0.155,5
0.037,0.031,0.084,5
0.068,-0.01,0.054,5
0.07,0.003,0.023,5
0.037,0.067,0.012,5
0.012,0.108,-0.019,5
-0.101,0.114,0.008,5
-0.224,0.154,0.016,4
-0.284,0.178,-0.002,5
-0.432,0.173,0.07,5
-0.47,0.168,0.098,5
-0.505,0.186,0.148,5
-0.562,0.172,0.207,5
-0.549,0.12,0.251,5
-0.55,0.073,0.286,5
-0.456,0.053,0.287,5
-0.411,0.043,0.306,5
-0.314,0.091,0.31,5
-0.213,0.082,0.244,5
-0.093,0.095,0.194,5
0.079,0.129,0.136,5
0.127,0.167,0.01,5
0.218,0.25,-0.055,5
0.36,0.298,-0.127,5
0.44,0.324,-0.148,5
0.504,0.361,-0.19,5
0.531,0.393,-0.205,4
0.543,0.389,-0.271,5
0.48,0.393,-0.179,5
0.436,0.414,-0.139,5
0.353,0.402,-0.031,5
0.305,0.362,0.028,5
0.275,0.296,0.107,5
0.217,0.249,0.109,5
0.135,0.181,0.167,5
0.083,0.107,0.249,5
0.005,0.01,0.397,5
0.022,-0.081,0.482,5
0.063,-0.163,0.498,5
0.087,-0.173,0.53,5
0.031,-0.22,0.49,5
-0.023,-0.306,0.346,5
-0.064,-0.327,0.587,5
-0.122,-0.376,0.714,5
-0.136,-0.407,0.621,5
-0.208,-0.453,0.679,5
-0.226,-0.519,0.65,4
-0.126,-0.566,0.667,5
-0.212,-0.63,0.855,5
-0.187,-0.77,0.778,5
-0.095,-0.96,0.596,5
0.021,-1.204,0.395,5
0.286,-1.489,0.105,5
0.486,-1.788,-0.262,5
0.554,-1.967,-0.434,5
0.451,-1.969,-0.248,5
0.031,-1.668,0.284,5
-0.441,-1.144,1.079,5
-0.892,-0.693,2.1,5
-1.238,-0.421,2.786,5
-1.373,-0.353,3.223,5
-1.443,-0.339,3.452,5
-1.389,-0.348,3.335,5
-1.246,-0.357,3.071,5
-1.061,-0.403,2.72,5
-0.786,-0.44,2.121,4
-0.497,-0.474,1.366,5
-0.201,-0.452,0.574,5
0.102,-0.377,-0.155,5
0.394,-0.158,-0.82,5
0.587,0.077,-1.328,5
0.77,0.263,-1.786,5
0.882,0.525,-2.008,5
0.902,0.731,-2.049,5
0.971,0.925,-1.99,5
1.089,1.027,-2.011,5
1.179,1.083,-1.918,5
1.263,1.078,-1.829,5
1.339,1.1,-1.888,5
1.283,1.067,-1.97,5
1.211,1.038,-1.898,5
1.068,0.973,-1.669,5
0.866,0.94,-1.459,5
0.724,0.79,-1.434,5
0.617,0.677,-1.429,4
0.482,0.536,-1.393,5
0.347,0.353,-1.297,5
0.308,0.244,-1.077,5
0.114,0.129,-0.995,5
0.05,-0.029,-0.719,5
-0.031,-0.164,-0.427,5
-0.097,-0.324,-0.289,5
-0.143,-0.49,-0.101,5
-0.228,-0.562,0.055,5
-0.296,-0.609,0.174,5
-0.283,-0.608,0.243,5
-0.35,-0.608,0.275,5
-0.353,-0.607,0.282,5
-0.327,-0.615,0.292,5
-0.346,-0.614,0.345,5
-0.315,-0.579,0.375,5
-0.267,-0.559,0.48,5
-0.18,-0.551,0.591,5
-0.101,-0.487,0.683,5
-0.026,-0.49,0.804,4
0.074,-0.501,0.883,5
0.145,-0.55,0.868,5
0.16,-0.568,0.859,5
0.23,-0.559,0.85,5
0.259,-0.546,0.808,5
0.164,-0.491,0.818,5
0.066,-0.425,0.684,5
0.029,-0.408,0.607,5
-0.068,-0.385,0.478,5
-0.169,-0.35,0.369,5
-0.247,-0.302,0.246,5
-0.265,-0.259,0.122,5
-0.282,-0.216,-0.061,5
-0.305,-0.13,-0.124,5
-0.326,-0.065,-0.215,5
-0.315,-0.046,-0.31,5
-0.344,-0.015,-0.365,5
-0.271,0.011,-0.423,5
-0.226,0.04,-0.433,5
-0.204,0.058,-0.428,4
-0.166,0.078,-0.446,5
-0.179,0.117,-0.44,5
-0.213,0.119,-0.426,5
-0.209,0.111,-0.353,5
-0.171,0.091,-0.279,5
-0.184,0.086,-0.285,5
-0.252,0.104,-0.248,5
-0.244,0.136,-0.198,5
-0.267,0.157,-0.191,5
-0.309,0.18,-0.21,5
-0.304,0.188,-0.275,5
-0.295,0.216,-0.304,5
-0.304,0.264,-0.373,5
-0.295,0.311,-0.434,5
-0.266,0.366,-0.473,5
-0.192,0.394,-0.55,5
-0.065,0.376,-0.538,5
-0.006,0.433,-0.523,5
0.118,0.489,-0.544,4
0.193,0.53,-0.541,5
0.281,0.533,-0.509,5
0.352,0.527,-0.535,5
0.399,0.539,-0.538,5
0.436,0.52,-0.518,5
0.436,0.511,-0.523,5
0.388,0.49,-0.457,5
0.383,0.467,-0.455,5
0.298,0.411,-0.448,5
0.22,0.353,-0.36,5
0.129,0.283,-0.285,5
0.034,0.229,-0.27,5
-0.041,0.236,-0.23,5
-0.119,0.234,-0.142,5
-0.189,0.18,-0.119,5
-0.14,0.145,-0.111,5
-0.134,0.135,-0.07,5
-0.173,0.104,-0.08,5
-0.203,0.072,-0.115,5
-0.148,0.116,-0.112,4
-0.176,0.131,-0.131,5
-0.184,0.169,-0.084,5
-0.166,0.187,-0.006,5
-0.145,0.215,-0.01,5
-0.1,0.224,-0.026,5
-0.094,0.245,-0.075,5
-0.029,0.246,-0.18,5
0.007,0.286,-0.222,5
0.045,0.344,-0.338,5
0.028,0.374,-0.265,5
0.077,0.41,-0.187,5
0.142,0.412,-0.228,5
0.141,0.414,-0.249,5
0.2,0.394,-0.275,5
0.24,0.402,-0.269,5
0.264,0.366,-0.272,5
0.306,0.355,-0.224,5
0.357,0.324,-0.171,5
0.339,0.244,-0.262,5
0.27,0.211,-0.046,4
0.278,0.185,0.165,5
0.25,0.081,0.187,5
0.216,0.034,0.194,5
0.186,-0.003,0.097,5
0.064,-0.029,-0.063,5
0.006,-0.086,0.102,5
-0.127,-0.073,0.126,5
-0.222,-0.044,0.118,5
-0.265,-0.061,0.093,5
-0.178,-0.081,0.045,5
-0.177,-0.073,0.114,5
-0.241,-0.027,0.12,5
-0.191,-0.037,0.021,5
-0.12,-0.055,-0.083,5
-0.057,-0.023,0.101,5
-0.034,-0.03,0.237,5
-0.078,-0.035,0.226,5
-0.104,-0.036,0.221,5
-0.081,-0.037,0.216,5
-0.129,-0.02,0.229,4
-0.107,-0.061,0.271,5
-0.079,-0.085,0.291,5
-0.05,-0.089,0.288,5
-0.023,-0.093,0.276,5
-0.042,-0.032,0.313,5
-0.12,0.017,0.454,5
-0.121,0.037,0.426,5
-0.139,-0.009,0.413,5
-0.194,-0.034,0.428,5
-0.213,0.016,0.445,5
-0.226,0.015,0.478,5
-0.268,0.009,0.504,5
-0.254,-0.013,0.544,5
-0.255,-0.037,0.52,5
-0.203,-0.059,0.511,5
-0.161,-0.079,0.451,5
-0.089,-0.054,0.393,5
-0.003,-0.027,0.375,5
0.001,-0.042,0.342,4
0.022,-0.059,0.286,5
0.046,-0.087,0.24,5
0.015,-0.053,0.259,5
0.031,-0.052,0.233,5
0.028,-0.059,0.231,5
0.012,-0.019,0.238,5
-0.014,0.025,0.21,5
-0.038,0.005,0.228,5
-0.082,0.056,0.287,5
-0.199,0.055,0.327,5
-0.192,0.049,0.441,5
-0.198,0.036,0.586,5
-0.217,0.028,0.791,5
-0.2,-0.064,1.017,5
-0.158,-0.179,1.17,5
-0.013,-0.324,1.316,5
0.13,-0.568,1.249,5
0.371,-0.882,0.848,5
0.747,-1.211,0.237,5
1.151,-1.607,-0.535,4
1.428,-1.908,-1.391,5
1.488,-1.799,-1.959,5
1.218,-1.296,-1.78,5
0.777,-0.67,-1.098,5
0.295,-0.172,-0.238,5
-0.005,0.094,0.53,5
-0.324,0.128,0.986,5
-0.498,-0.048,1.198,5
-0.621,-0.241,1.414,5
-0.765,-0.368,1.643,5
-0.84,-0.435,1.535,5
-0.855,-0.581,1.252,5
-0.795,-0.635,0.911,5
-0.793,-0.593,0.492,5
-0.77,-0.443,0.318,5
-0.732,-0.226,0.226,5
-0.792,0.084,0.225,5
-0.782,0.365,0.146,5
-0.747,0.569,-0.048,4
-0.689,0.741,-0.121,5
-0.637,0.835,-0.333,5
-0.681,0.889,-0.575,5
-0.579,0.955,-0.643,5
-0.542,1.032,-0.492,5
-0.566,1.062,-0.284,5
-0.41,1.064,-0.216,5
-0.291,1.061,-0.147,5
-0.279,1.002,-0.046,5
-0.355,0.923,0.056,5
-0.255,0.788,0.137,5
-0.048,0.64,0.123,5
-0.039,0.49,0.232,5
0.02,0.281,0.307,5
0.139,0.107,0.328,5
0.142,-0.006,0.377,5
0.128,-0.135,0.473,5
0.102,-0.216,0.594,5
0.113,-0.285,0.56,5
0.154,-0.369,0.388,4
0.233,-0.396,0.289,5
0.257,-0.408,0.1,5
0.339,-0.389,-0.047,5
0.357,-0.393,-0.137,5
0.442,-0.384,-0.17,5
0.501,-0.393,-0.179,5
0.524,-0.401,-0.174,5
0.541,-0.382,-0.118,5
0.551,-0.361,-0.007,5
0.63,-0.329,0.049,5
0.704,-0.305,0.027,5
0.78,-0.296,0.089,5
0.858,-0.284,0.075,5
0.828,-0.251,0.072,5
0.758,-0.183,0.026,5
0.648,-0.151,0.01,5
0.505,-0.158,-0.024,5
0.325,-0.181,-0.06,5
0.047,-0.171,-0.197,4
-0.198,-0.15,-0.216,5
-0.419,-0.143,-0.246,5
-0.636,-0.138,-0.234,5
-0.749,-0.15,-0.262,5
-0.825,-0.148,-0.327,5
-0.85,-0.107,-0.328,5
-0.856,-0.109,-0.351,5
-0.753,-0.094,-0.424,5
-0.617,-0.093,-0.511,5
-0.491,-0.019,-0.537,5
-0.33,0.003,-0.531,5
-0.133,0.055,-0.603,5
0.061,0.11,-0.646,5
0.287,0.124,-0.693,5
0.426,0.19,-0.749,5
0.47,0.235,-0.751,5
0.522,0.259,-0.814,5
0.547,0.246,-0.862,5
0.557,0.217,-0.823,5
0.51,0.195,-0.793,4
0.437,0.206,-0.718,5
0.32,0.215,-0.65,5
0.198,0.177,-0.619,5
0.096,0.155,-0.618,5
-0.012,0.113,-0.487,5
-0.127,0.033,-0.451,5
-0.183,-0.021,-0.372,5
-0.16,-0.062,-0.283,5
-0.114,-0.125,-0.224,5
-0.06,-0.194,-0.228,5
0.027,-0.213,-0.166,5
0.042,-0.218,-0.089,5
0.111,-0.222,-0.089,5
0.156,-0.217,-0.114,5
0.209,-0.195,-0.142,5
0.223,-0.214,-0.192,5
0.235,-0.18,-0.211,5
0.276,-0.136,-0.268,5
0.227,-0.058,-0.327,5
0.161,-0.005,-0.329,4
0.14,0.047,-0.395,5
0.1,0.055,-0.39,5
0.077,0.041,-0.347,5
0.074,0.058,-0.325,5
0.041,0.087,-0.271,5
0.049,0.074,-0.213,5
0.057,0.071,-0.205,5
0.0,0.055,-0.228,5
-0.055,0.019,-0.024,5
-0.11,-0.012,0.103,5
-0.202,-0.015,0.097,5
-0.273,-0.061,0.035,5
-0.323,-0.085,0.04,5
-0.394,-0.132,-0.122,5
-0.484,-0.085,-0.175,5
-0.526,-0.033,-0.028,5
-0.568,-0.025,-0.016,5
-0.567,-0.014,-0.019,5
-0.532,-0.008,-0.004,5
-0.461,-0.051,-0.008,4
-0.342,-0.054,0.022,5
-0.256,-0.087,0.072,5
-0.226,-0.074,0.004,5
-0.178,-0.032,0.206,5
-0.134,-0.042,0.297,5
-0.06,-0.021,0.324,5
-0.02,-0.023,0.3,5
0.033,-0.051,0.218,5
0.06,-0.02,0.153,5
0.015,-0.005,0.168,5
-0.003,0.034,0.164,5
-0.02,0.052,0.109,5
-0.035,0.038,0.076,5
-0.053,0.073,0.09,5
-0.073,0.066,0.09,5
-0.044,0.024,0.111,5
-0.1,0.0,0.212,5
-0.146,-0.055,0.234,5
-0.205,-0.023,0.253,4
-0.266,-0.055,0.323,5
-0.278,-0.007,0.346,5
-0.285,-0.01,0.342,5
-0.295,-0.052,0.278,5
-0.278,-0.026,0.189,5
-0.281,0.019,0.127,5
-0.283,0.043,0.093,5
-0.276,0.052,0.135,5
-0.218,0.107,0.057,5
-0.132,0.1,-0.042,5
-0.075,0.112,-0.068,5
0.052,0.161,-0.074,5
0.103,0.153,-0.045,5
0.17,0.194,-0.123,5
0.205,0.256,-0.171,5
0.206,0.304,-0.21,5
0.228,0.334,-0.214,5
0.21,0.361,-0.223,5
0.227,0.381,-0.227,5
0.127,0.364,-0.212,4
0.075,0.371,-0.178,5
0.02,0.407,-0.221,5
-0.015,0.431,-0.199,5
-0.044,0.401,-0.209,5
-0.018,0.382,-0.244,5
0.005,0.374,-0.271,5
0.017,0.328,-0.188,5
0.067,0.278,-0.191,5
0.146,0.25,-0.137,5
0.196,0.208,-0.024,5
0.272,0.208,-0.017,5
0.352,0.213,0.014,5
0.356,0.252,0.064,5
0.389,0.231,0.053,5
0.453,0.234,0.03,5
0.464,0.249,0.01,5
0.469,0.229,-0.011,5
0.448,0.223,0.023,5
0.386,0.231,0.038,5
0.339,0.199,0.013,4
0.227,0.196,0.085,5
0.088,0.203,0.115,5
0.049,0.156,0.164,5
-0.05,0.076,0.208,5
-0.066,0.012,0.286,5
-0.042,-0.009,0.326,5
-0.025,-0.043,0.315,5
0.02,-0.052,0.357,5
0.035,-0.12,0.343,5
0.014,-0.112,0.338,5
0.004,-0.109,0.369,5
-0.043,-0.107,0.38,5
-0.099,-0.083,0.428,5
-0.136,-0.122,0.51,5
-0.123,-0.166,0.549,5
-0.136,-0.248,0.52,5
-0.105,-0.336,0.589,5
-0.043,-0.505,0.625,5
0.15,-0.764,0.493,4
0.303,-1.089,0.185,5
0.462,-1.48,-0.194,5
0.606,-1.844,-0.64,5
0.636,-2.078,-0.981,5
0.473,-2.081,-1.03,5
0.094,-1.804,-0.573,5
-0.393,-1.279,0.233,5
-0.819,-0.703,1.153,5
-1.099,-0.27,1.999,5
-1.304,0.036,2.471,5
-1.247,0.08,2.565,5
-0.967,-0.009,2.381,5
-0.599,-0.159,2.057,5
-0.039,-0.298,1.688,5
0.434,-0.333,1.066,5
0.847,-0.339,0.494,5
1.146,-0.257,-0.041,5
1.342,-0.15,-0.369,5
1.388,0.02,-0.444,5
1.353,0.246,-0.344,4
1.196,0.372,-0.309,5
1.025,0.473,-0.27,5
0.832,0.443,-0.174,5
0.766,0.364,-0.212,5
0.65,0.237,-0.238,5
0.439,0.11,-0.141,5
0.283,0.004,0.118,5
0.19,-0.129,0.17,5
0.054,-0.28,0.171,5
-0.084,-0.347,0.128,5
-0.252,-0.372,0.119,5
-0.339,-0.417,0.202,5
-0.43,-0.444,0.307,5
-0.529,-0.46,0.328,5
-0.592,-0.453,0.403,5
-0.697,-0.407,0.479,5
-0.679,-0.405,0.543,5
-0.663,-0.429,0.601,4
-0.601,-0.442,0.536,5
-0.51,-0.459,0.487,5
-0.468,-0.438,0.335,5
-0.404,-0.377,0.155,5
-0.269,-0.309,0.066,5
-0.147,-0.188,-0.065,5
0.026,-0.053,-0.196,5
0.183,0.038,-0.267,5
0.393,0.086,-0.374,5
0.556,0.133,-0.492,5
0.643,0.15,-0.563,5
0.712,0.169,-0.554,5
0.762,0.204,-0.499,5
0.75,0.278,-0.518,5
0.744,0.272,-0.651,5
0.743,0.318,-0.754,5
0.686,0.299,-0.808,5
0.634,0.317,-0.843,5
0.622,0.306,-0.923,5
0.582,0.31,-0.891,4
0.545,0.305,-0.879,5
0.521,0.274,-0.912,5
0.443,0.29,-0.898,5
0.347,0.261,-0.864,5
0.252,0.243,-0.855,5
0.162,0.236,-0.817,5
0.059,0.187,-0.783,5
0.01,0.194,-0.774,5
-0.063,0.166,-0.675,5
-0.134,0.162,-0.624,5
-0.203,0.137,-0.562,5
-0.35,0.115,-0.519,5
-0.389,0.086,-0.467,5
-0.47,0.077,-0.454,5
-0.466,0.083,-0.474,5
-0.523,0.083,-0.482,5
-0.561,0.092,-0.46,5
-0.561,0.104,-0.453,5
-0.617,0.111,-0.459,5
-0.594,0.091,-0.422,4
-0.604,0.121,-0.401,5
-0.565,0.134,-0.344,5
-0.543,0.13,-0.283,5
-0.475,0.108,-0.255,5
-0.389,0.127,-0.212,5
-0.367,0.158,-0.204,5
-0.339,0.202,-0.196,5
-0.258,0.195,-0.211,5
-0.193,0.18,-0.194,5
-0.191,0.187,-0.145,5
-0.129,0.216,-0.091,5
-0.142,0.242,-0.104,5
-0.132,0.218,-0.098,5
-0.101,0.17,-0.118,5
-0.057,0.131,-0.123,5
-0.029,0.092,-0.158,5
-0.013,0.113,-0.216,5
0.039,0.123,-0.233,5
0.078,0.124,-0.257,5
0.1,0.124,-0.304,4
0.133,0.155,-0.261,5
0.163,0.178,-0.265,5
0.228,0.178,-0.264,5
0.193,0.151,-0.264,5
0.156,0.153,-0.186,5
0.102,0.159,-0.141,5
0.1,0.169,-0.11,5
0.094,0.114,-0.047,5
0.059,0.106,-0.008,5
0.04,0.122,0.009,5
-0.002,0.127,0.034,5
-0.062,0.097,0.126,5
-0.15,0.104,0.156,5
-0.234,0.111,0.183,5
-0.345,0.139,0.221,5
-0.431,0.125,0.216,5
-0.405,0.112,0.315,5
-0.39,0.127,0.292,5
-0.39,0.161,0.289,4
-0.329,0.15,0.35,5
-0.236,0.109,0.345,5
-0.13,0.137,0.358,5
-0.126,0.17,0.391,5
-0.083,0.166,0.369,5
-0.066,0.137,0.345,5
-0.021,0.175,0.341,5
-0.01,0.2,0.285,5
-0.013,0.266,0.27,5
0.009,0.27,0.243,5
0.016,0.299,0.179,5
0.028,0.282,0.136,5
0.021,0.322,0.109,5
0.066,0.32,0.115,5
0.098,0.34,0.143,5
0.105,0.327,0.154,5
0.099,0.312,0.07,5
0.055,0.328,0.089,5
0.101,0.321,0.075,5
0.091,0.298,0.111,4
0.103,0.324,0.048,5
0.132,0.317,0.009,5
0.157,0.32,0.008,5
0.193,0.322,0.011,5
0.148,0.294,0.027,5
0.155,0.312,0.029,5
0.105,0.328,0.017,5
0.073,0.339,0.067,5
0.009,0.326,0.069,5
-0.038,0.302,0.049,5
-0.12,0.289,0.027,5
-0.203,0.265,0.072,5
-0.23,0.242,0.082,5
-0.246,0.222,0.082,5
-0.247,0.183,0.104,5
-0.222,0.16,0.141,5
-0.239,0.17,0.148,5
-0.293,0.127,0.168,5
-0.259,0.071,0.177,4
-0.242,0.051,0.189,5
-0.282,0.046,0.145,5
-0.249,0.063,0.113,5
-0.229,0.061,0.067,5
-0.227,0.102,0.043,5
-0.149,0.131,-0.008,5
-0.078,0.156,-0.076,5
-0.078,0.158,-0.09,5
-0.053,0.138,-0.081,5
-0.031,0.141,-0.098,5
-0.002,0.131,-0.093,5
0.023,0.097,-0.079,5
0.03,0.083,-0.093,5
0.035,0.096,-0.036,5
0.062,0.09,-0.054,5
0.112,0.086,-0.083,5
0.156,0.06,-0.062,5
0.201,0.062,-0.073,5
0.276,0.069,-0.096,5
0.278,0.041,-0.108,4
0.268,0.015,-0.088,5
0.305,-0.02,-0.075,5
0.322,0.007,-0.076,5
0.329,0.01,-0.047,5
0.352,-0.067,-0.089,5
0.347,-0.082,-0.085,5
0.338,-0.074,-0.072,5
0.261,-0.101,-0.082,5
0.187,-0.121,-0.065,5
0.13,-0.152,0.022,5
0.091,-0.102,0.042,5
0.03,-0.1,0.02,5
0.001,-0.099,-0.024,5
-0.02,-0.08,0.012,5
-0.035,-0.094,-0.001,5
-0.083,-0.08,-0.07,5
-0.088,-0.046,-0.063,5
-0.079,-0.024,-0.091,5
-0.079,0.003,-0.065,4
-0.028,0.007,-0.041,5
0.021,0.023,-0.067,5
0.075,0.034,-0.056,5
0.08,0.031,-0.089,5
0.072,0.049,-0.08,5
0.048,0.074,-0.063,5
0.017,0.097,-0.048,5
-0.01,0.087,0.055,5
-0.09,0.1,0.178,5
-0.215,0.111,0.251,5
-0.305,0.122,0.433,5
-0.4,0.066,0.601,5
-0.511,-0.008,0.786,5
-0.597,-0.098,1.0,5
-0.641,-0.243,1.103,5
-0.555,-0.512,1.031,5
-0.375,-0.779,0.752,5
-0.109,-1.107,0.241,5
0.181,-1.41,-0.282,4
0.422,-1.549,-0.663,5
0.517,-1.484,-0.705,5
0.418,-1.069,-0.354,5
0.148,-0.582,0.271,5
-0.086,-0.201,0.899,5
-0.232,-0.03,1.339,5
-0.317,-0.066,1.666,5
-0.255,-0.193,1.676,5
-0.212,-0.307,1.642,5
-0.212,-0.397,1.405,5
-0.105,-0.504,1.113,5
0.008,-0.66,0.907,5
0.02,-0.766,0.45,5
0.126,-0.832,0.129,5
0.117,-0.822,-0.197,5
0.136,-0.701,-0.423,5
0.062,-0.476,-0.493,5
0.004,-0.273,-0.448,5
0.025,-0.09,-0.713,5
-0.05,0.129,-0.81,4
-0.174,0.206,-0.91,5
-0.247,0.302,-0.944,5
-0.296,0.375,-1.005,5
-0.244,0.407,-1.094,5
-0.25,0.409,-0.984,5
-0.199,0.407,-0.873,5
-0.149,0.431,-0.786,5
-0.057,0.47,-0.75,5
-0.055,0.444,-0.619,5
-0.045,0.344,-0.372,5
-0.118,0.21,-0.227,5
-0.236,0.094,0.049,5
-0.29,-0.009,0.29,5
-0.291,-0.068,0.386,5
-0.331,-0.083,0.472,5
-0.306,-0.118,0.524,5
-0.241,-0.132,0.493,5
-0.208,-0.188,0.371,5
-0.157,-0.19,0.26,4
0.052,-0.193,0.148,5
0.184,-0.148,0.116,5
0.325,-0.12,-0.028,5
0.538,-0.099,-0.133,5
0.7,-0.141,-0.21,5
0.953,-0.204,-0.185,5
1.177,-0.244,-0.119,5
1.305,-0.215,-0.03,5
1.372,-0.233,-0.005,5
1.364,-0.244,0.003,5
1.357,-0.237,0.046,5
1.26,-0.226,0.071,5
1.156,-0.242,0.112,5
1.014,-0.196,0.075,5
0.926,-0.142,-0.022,5
0.742,-0.128,-0.085,5
0.582,-0.093,-0.145,5
0.351,-0.05,-0.187,5
0.139,-0.105,-0.164,5
-0.063,-0.146,-0.108,4
-0.208,-0.14,-0.063,5
-0.29,-0.173,0.003,5
-0.429,-0.199,0.05,5
-0.468,-0.235,0.135,5
-0.529,-0.246,0.208,5
-0.523,-0.234,0.23,5
-0.488,-0.245,0.379,5
-0.461,-0.29,0.277,5
-0.445,-0.205,0.042,5
-0.508,-0.15,-0.017,5
-0.496,-0.092,-0.08,5
-0.554,-0.048,-0.15,5
-0.55,-0.086,-0.186,5
-0.513,-0.133,-0.172,5
-0.448,-0.15,-0.137,5
-0.459,-0.127,-0.115,5
-0.405,-0.17,-0.099,5
-0.382,-0.205,0.005,5
-0.313,-0.257,-0.038,4
-0.359,-0.197,0.06,5
-0.362,-0.173,0.144,5
-0.378,-0.186,0.173,5
-0.297,-0.146,0.138,5
-0.25,-0.165,0.055,5
-0.225,-0.218,0.041,5
-0.159,-0.2,0.02,5
-0.117,-0.15,-0.007,5
-0.131,-0.066,-0.002,5
-0.045,0.017,0.01,5
-0.079,0.067,-0.085,5
-0.179,0.099,-0.128,5
-0.239,0.093,-0.162,5
-0.284,0.119,-0.133,5
-0.363,0.167,-0.004,5
-0.365,0.189,0.091,5
-0.342,0.114,-0.064,5
-0.329,0.116,0.023,5
-0.305,0.134,0.073,5
-0.274,0.112,0.108,4
-0.212,0.062,0.136,5
-0.088,0.043,0.166,5
0.028,0.034,0.222,5
0.154,0.048,0.217,5
0.26,0.069,0.191,5
0.389,0.036,0.228,5
0.47,-0.001,0.231,5
0.54,0.02,0.208,5
0.507,0.056,0.222,5
0.426,0.081,0.251,5
0.349,0.099,0.217,5
0.245,0.084,0.165,5
0.199,0.102,0.127,5
0.149,0.07,0.127,5
0.143,0.028,0.158,5
0.163,0.013,0.228,5
0.181,0.016,0.27,5
0.167,0.001,0.299,5
0.198,0.035,0.295,5
0.208,-0.002,0.218,4
0.196,-0.006,0.166,5
0.163,0.02,0.106,5
0.194,0.069,0.061,5
0.136,0.101,-0.026,5
0.049,0.138,-0.097,5
-0.002,0.168,-0.199,5
-0.14,0.177,-0.201,5
-0.272,0.219,-0.103,5
-0.314,0.279,-0.097,5
-0.347,0.29,-0.152,5
-0.407,0.244,-0.171,5
-0.349,0.232,-0.089,5
-0.267,0.218,-0.059,5
-0.154,0.243,-0.087,5
-0.065,0.258,-0.109,5
0.061,0.266,-0.055,5
0.176,0.218,-0.006,5
0.171,0.248,-0.113,5
0.167,0.245,0.057,5
0.288,0.186,0.133,5
0.293,0.167,0.059,4
0.268,0.129,-0.049,5
0.216,0.064,-0.105,5
0.194,0.053,-0.232,5
0.11,0.087,-0.105,5
0.151,0.056,-0.112,5
0.2,-0.03,-0.088,5
0.197,-0.053,-0.131,5
0.178,-0.013,-0.243,5
0.173,0.004,-0.235,5
0.134,0.047,-0.367,5
-0.06,0.081,-0.52,5
0.036,0.129,-0.502,5
0.308,0.224,-0.275,5
0.303,0.266,-0.118,5
-0.037,0.343,-0.219,5
-0.184,0.377,-0.296,5
-0.079,0.348,-0.219,5
-0.101,0.313,-0.205,5
-0.212,0.36,-0.258,5
-0.303,0.38,-0.288,4
-0.436,0.307,-0.221,5
-0.569,0.22,-0.164,5
-0.624,0.129,-0.1,5
-0.678,0.056,-0.013,5
-0.675,0.02,0.13,5
-0.659,0.009,0.251,5
-0.718,0.017,0.208,5
-0.702,0.05,0.183,5
-0.636,0.028,0.147,5
-0.534,-0.017,0.12,5
-0.562,0.009,0.177,5
-0.558,0.069,0.107,5
-0.424,0.079,-0.071,5
-0.278,0.062,-0.21,5
-0.134,0.052,-0.301,5
-0.017,0.003,-0.461,5
-0.003,0.042,-0.595,5
0.005,0.119,-0.579,5
0.048,0.103,-0.586,4
0.121,0.136,-0.57,5
0.143,0.127,-0.66,5
0.215,0.131,-0.667,5
0.348,0.079,-0.57,5
0.413,0.05,-0.483,5
0.466,0.01,-0.34,5
0.484,0.026,-0.241,5
0.431,0.024,-0.118,5
0.259,0.056,-0.041,5
0.065,0.085,0.014,5
-0.122,0.102,0.06,5
-0.265,0.096,0.067,5
-0.372,0.065,0.086,5
-0.464,0.054,0.125,5
-0.504,0.031,0.155,5
-0.406,-0.048,0.265,5
-0.266,-0.121,0.441,5
-0.153,-0.131,0.513,5
-0.116,-0.126,0.556,5
-0.061,-0.105,0.544,4
0.047,-0.146,0.485,5
0.133,-0.105,0.316,5
0.176,-0.082,0.181,5
0.205,-0.022,0.016,5
0.249,0.018,-0.101,5
0.289,0.059,-0.237,5
0.239,0.165,-0.295,5
0.215,0.179,-0.339,5
0.241,0.213,-0.34,5
0.346,0.213,-0.293,5
0.354,0.187,-0.233,5
0.323,0.117,-0.162,5
0.334,0.015,-0.017,5
0.382,-0.072,0.182,5
0.413,-0.16,0.267,5
0.397,-0.17,0.228,5
0.345,-0.178,0.179,5
0.289,-0.195,0.135,5
0.169,-0.15,0.078,4
0.036,-0.139,-0.01,5
-0.096,-0.078,-0.061,5
-0.285,-0.048,-0.094,5
-0.342,-0.03,-0.132,5
-0.364,-0.045,-0.174,5
-0.418,-0.07,-0.2,5
-0.428,-0.055,-0.15,5
-0.402,-0.058,-0.074,5
-0.332,-0.035,0.001,5
-0.208,-0.031,0.104,5
-0.123,0.019,0.18,5
-0.003,0.038,0.283,5
0.139,0.052,0.341,5
0.241,0.033,0.358,5
0.312,0.039,0.258,5
0.324,0.082,0.167,5
0.343,0.091,0.116,5
0.313,0.056,0.001,5
0.299,0.02,-0.102,4
0.269,-0.007,-0.238,5
0.177,-0.066,-0.343,5
0.043,-0.068,-0.262,5
-0.059,-0.031,-0.128,5
-0.204,-0.019,-0.128,5
-0.326,-0.026,-0.029,5
-0.285,-0.079,0.102,5
-0.364,-0.115,0.217,5
-0.37,-0.094,0.294,5
-0.286,-0.141,0.412,5
-0.223,-0.196,0.448,5
-0.14,-0.202,0.472,5
-0.07,-0.203,0.433,5
-0.054,-0.23,0.368,5
-0.006,-0.207,0.228,5
0.028,-0.186,0.102,5
0.09,-0.146,-0.054,5
0.124,-0.093,-0.268,5
0.15,-0.04,-0.332,5
0.299,-0.058,-0.329,4
0.317,-0.026,-0.296,5
0.298,0.01,-0.245,5
0.341,0.013,-0.095,5
0.436,-0.039,0.047,5
0.505,-0.087,0.167,5
0.571,-0.087,0.168,5
0.6,-0.117,0.185,5
0.613,-0.139,0.231,5
0.655,-0.16,0.238,5
0.633,-0.144,-0.022,5
0.578,-0.125,-0.106,5
0.572,-0.164,-0.013,5
0.48,-0.139,0.0,5
0.406,-0.164,0.013,5
0.322,-0.13,0.0,5
0.161,-0.13,-0.004,5
0.067,-0.173,0.086,5
-0.033,-0.19,0.211,5
-0.056,-0.184,0.271,4
-0.076,-0.2,0.3,5
-0.06,-0.206,0.313,5
-0.05,-0.202,0.364,5
-0.001,-0.212,0.366,5
0.011,-0.23,0.368,5
0.005,-0.181,0.271,5
-0.02,-0.171,0.231,5
-0.096,-0.12,0.212,5
-0.164,0.0,0.135,5
-0.238,0.034,0.07,5
-0.283,0.112,-0.027,5
-0.319,0.127,-0.076,5
-0.352,0.166,-0.111,5
-0.36,0.175,-0.092,5
-0.367,0.218,-0.125,5
-0.347,0.213,-0.083,5
-0.321,0.187,-0.148,5
-0.267,0.207,-0.15,5
-0.193,0.204,-0.148,5
-0.096,0.183,-0.241,4
0.003,0.174,-0.277,5
-0.018,0.208,-0.288,5
0.013,0.209,-0.281,5
-0.03,0.205,-0.343,5
-0.019,0.215,-0.395,5
-0.008,0.219,-0.411,5
-0.029,0.21,-0.383,5
0.0,0.154,-0.422,5
-0.013,0.122,-0.393,5
-0.003,0.079,-0.349,5
0.005,0.028,-0.237,5
-0.012,0.034,-0.2,5
0.014,0.026,-0.171,5
-0.003,0.075,-0.133,5
-0.05,0.145,-0.141,5
-0.076,0.126,-0.157,5
-0.102,0.071,-0.184,5
-0.092,0.076,-0.183,5
-0.053,0.06,-0.156,5
-0.017,0.024,-0.093,4
0.087,-0.055,-0.01,5
0.393,-0.222,0.162,5
0.453,-0.251,0.292,5
0.545,-0.149,0.19,5
0.495,-0.009,0.024,5
0.398,0.021,0.005,5
0.479,-0.062,-0.042,5
0.629,-0.215,-0.176,5
0.579,-0.215,-0.21,5
0.482,-0.064,-0.116,5
0.266,0.062,0.158,5
0.097,0.069,0.22,5
0.062,-0.058,0.103,5
0.051,-0.087,-0.045,5
-0.044,-0.043,-0.057,5
-0.306,0.068,0.012,5
-0.521,0.22,-0.066,5
-0.693,0.267,-0.132,5
-0.969,0.37,-0.132,5
-1.221,0.445,-0.214,4
-1.327,0.443,-0.257,5
-1.168,0.403,-0.179,5
-0.853,0.272,0.195,5
-0.673,0.15,0.348,5
-0.52,0.096,0.412,5
-0.36,0.061,0.565,5
-0.259,0.042,0.457,5
-0.203,0.055,0.351,5
-0.14,0.054,0.397,5
0.024,0.065,0.483,5
0.173,0.059,0.413,5
0.289,0.036,0.268,5
0.26,0.019,0.008,5
0.156,0.013,-0.039,5
0.149,-0.048,0.124,5
0.225,-0.108,0.245,5
0.306,-0.157,0.186,5
0.266,-0.159,0.107,5
0.223,-0.164,0.212,5
0.248,-0.225,0.26,4
0.24,-0.203,0.178,5
0.324,-0.213,0.121,5
0.425,-0.226,0.187,5
0.494,-0.242,0.207,5
0.622,-0.222,0.126,5
0.865,-0.165,0.001,5
0.917,-0.127,-0.153,5
0.872,-0.002,-0.246,5
0.871,0.148,-0.557,5
0.836,0.241,-0.95,5
0.666,0.268,-1.044,5
0.492,0.341,-0.918,5
0.352,0.272,-0.762,5
0.192,0.184,-0.608,5
-0.003,0.084,-0.582,5
-0.171,0.045,-0.571,5
-0.343,-0.053,-0.389,5
-0.412,-0.099,-0.268,5
-0.449,-0.15,-0.185,4
-0.494,-0.165,-0.123,5
-0.518,-0.14,-0.042,5
-0.604,-0.1,-0.029,5
-0.72,-0.047,-0.018,5
-0.778,-0.008,0.018,5
-0.812,-0.028,0.0,5
-0.761,-0.051,0.012,5
-0.624,-0.05,0.153,5
-0.454,-0.084,0.249,5
-0.327,-0.106,0.311,5
-0.212,-0.108,0.564,5
0.002,-0.183,0.637,5
0.105,-0.243,0.552,5
0.177,-0.296,0.496,5
0.185,-0.262,0.369,5
0.097,-0.193,0.285,5
0.014,-0.143,0.166,5
-0.072,-0.094,0.015,5
-0.082,-0.059,-0.089,5
-0.031,-0.1,-0.118,4
0.062,-0.099,-0.055,5
0.219,-0.093,0.014,5
0.283,-0.114,0.168,5
0.281,-0.163,0.199,5
0.261,-0.16,0.049,5
0.451,-0.178,-0.877,5
0.617,-0.182,-0.755,5
0.387,-0.082,0.113,5
0.219,-0.056,0.494,5
0.244,-0.158,0.423,5
0.28,-0.229,0.462,5
0.213,-0.257,0.537,5
0.183,-0.27,0.41,5
0.083,-0.222,0.356,5
-0.028,-0.139,0.376,5
-0.193,-0.056,0.386,5
-0.29,0.035,0.382,5
-0.261,0.048,0.253,5
-0.256,0.048,0.146,5
-0.257,-0.008,0.187,4
-0.183,-0.063,0.336,5
-0.109,-0.108,0.363,5
-0.111,-0.132,0.37,5
-0.096,-0.101,0.35,5
-0.06,-0.091,0.328,5
-0.054,-0.026,0.269,5
0.002,-0.015,0.173,5
0.075,-0.005,0.091,5
0.128,0.021,0.056,5
0.171,0.019,0.029,5
0.201,0.021,-0.076,5
-0.137,0.071,-0.155,5
-0.145,0.107,-0.294,5
-0.057,0.074,-0.291,5
0.017,-0.001,-0.176,5
0.063,-0.005,-0.05,5
0.022,-0.065,0.083,5
-0.057,-0.046,0.174,5
-0.155,-0.006,0.234,5
-0.23,-0.045,0.249,4
-0.284,-0.062,0.268,5
-0.381,-0.012,0.275,5
-0.424,0.01,0.235,5
-0.373,0.013,0.185,5
-0.284,0.037,0.175,5
-0.152,0.047,0.059,5
-0.107,0.046,-0.045,5
-0.122,0.076,-0.14,5
-0.071,0.103,-0.216,5
-0.055,0.105,-0.19,5
-0.05,0.103,-0.184,5
0.01,0.084,-0.196,5
0.057,0.097,-0.245,5
0.034,0.096,-0.203,5
0.082,0.104,-0.084,5
0.104,0.106,-0.071,5
0.162,0.122,-0.06,5
0.198,0.135,-0.041,5
0.238,0.104,-0.011,5
0.266,0.111,-0.083,4
0.313,0.091,-0.156,5
0.294,0.095,-0.175,5
0.274,0.09,-0.24,5
0.268,0.068,-0.259,5
0.28,0.044,-0.241,5
0.2,0.026,-0.187,5
0.171,0.024,-0.185,5
0.171,-0.021,-0.167,5
0.154,-0.07,-0.15,5
0.087,-0.042,-0.109,5
0.018,-0.029,-0.12,5
-0.035,-0.026,-0.108,5
-0.01,-0.01,-0.149,5
-0.022,-0.009,-0.22,5
-0.037,0.0,-0.206,5
-0.063,0.012,-0.229,5
-0.095,-0.005,-0.206,5
-0.09,-0.031,-0.142,5
-0.098,-0.088,-0.145,4
-0.101,-0.165,-0.109,5
-0.134,-0.179,-0.055,5
-0.16,-0.195,0.001,5
-0.122,-0.21,-0.037,5
-0.032,-0.237,-0.016,5
0.013,-0.191,0.041,5
0.042,-0.129,0.088,5
0.038,-0.207,0.243,5
0.012,-0.246,0.258,5
0.033,-0.217,0.206,5
0.141,-0.221,0.22,5
0.032,-0.152,0.237,5
0.02,-0.089,0.058,5
0.001,-0.063,-0.007,5
0.018,-0.018,0.044,5
0.012,0.013,0.005,5
0.032,0.046,-0.042,5
0.029,0.063,-0.05,5
-0.029,0.091,-0.127,4
-0.035,0.104,-0.102,5
-0.053,0.136,-0.009,5
-0.039,0.123,0.012,5
-0.018,0.084,-0.049,5
0.035,0.033,0.003,5
0.014,0.047,-0.014,5
0.013,0.0,0.017,5
0.024,0.003,0.045,5
0.018,0.042,0.054,5
0.016,0.003,0.052,5
0.04,0.003,0.004,5
0.049,0.011,0.0,5
0.014,0.031,0.008,5
0.025,0.05,0.016,5
0.005,0.066,0.036,5
-0.007,0.06,0.045,5
-0.024,0.058,0.036,5
-0.008,0.056,0.08,5
0.013,0.051,0.106,5
0.033,0.011,0.147,4
0.03,0.057,0.081,5
0.044,0.047,-0.03,5
0.104,0.047,-0.078,5
0.115,0.051,-0.066,5
0.164,0.046,-0.124,5
0.174,0.071,-0.224,5
0.16,0.068,-0.253,5
0.123,0.079,-0.254,5
0.098,0.058,-0.241,5
0.092,0.048,-0.191,5
0.057,0.0,-0.086,5
0.0,-0.021,-0.034,5
0.017,-0.045,0.037,5
-0.018,-0.062,0.068,5
-0.073,-0.068,0.078,5
-0.065,-0.044,0.096,5
-0.059,-0.04,0.057,5
-0.07,-0.027,0.008,5
-0.046,-0.007,-0.083,5
-0.037,-0.011,-0.13,4
-0.037,-0.035,-0.087,5
-0.008,-0.032,-0.061,5
0.052,-0.011,-0.081,5
0.069,-0.036,-0.077,5
0.088,-0.024,-0.095,5
0.074,-0.043,-0.06,5
0.101,-0.03,-0.084,5
0.096,-0.04,-0.071,5
0.086,-0.036,-0.064,5
0.129,-0.032,-0.027,5
0.172,-0.037,-0.012,5
0.172,-0.038,-0.049,5
0.202,-0.026,-0.005,5
0.204,-0.023,-0.009,5
0.17,-0.012,-0.073,5
0.14,-0.024,-0.083,5
0.053,0.021,-0.083,5
0.056,0.01,-0.049,5
0.02,0.018,-0.022,5
0.04,0.029,-0.011,4
0.066,0.03,-0.019,5
0.02,0.049,0.042,5
0.027,0.057,0.038,5
0.029,0.081,0.039,5
0.013,0.06,0.039,5
-0.018,0.058,0.052,5
0.005,0.027,0.013,5
0.0,-0.001,0.016,5
-0.021,-0.035,0.018,5
0.002,-0.036,0.021,5
0.036,-0.058,-0.015,5
0.024,-0.027,-0.018,5
0.017,-0.041,-0.029,5
0.067,-0.058,0.016,5
0.043,-0.057,0.049,5
0.039,-0.064,-0.015,5
0.056,-0.101,0.033,5
0.042,-0.104,-0.013,5
-0.013,-0.102,-0.02,4
0.018,-0.13,0.007,5
0.003,-0.139,0.045,5
-0.022,-0.121,0.036,5
-0.033,-0.108,0.002,5
-0.012,-0.115,-0.062,5
-0.028,-0.082,-0.068,5
-0.06,-0.03,-0.018,5
-0.037,0.019,-0.06,5
-0.011,-0.003,-0.054,5
-0.04,0.035,-0.1,5
-0.062,0.074,-0.124,5
-0.06,0.088,-0.12,5
-0.106,0.088,-0.143,5
-0.16,0.088,-0.12,5
-0.174,0.096,-0.147,5
-0.161,0.065,-0.102,5
-0.162,0.024,-0.07,5
-0.202,0.022,-0.046,5
-0.173,-0.001,0.066,5
-0.168,-0.014,0.119,4
-0.164,-0.012,0.099,5
-0.144,-0.028,0.063,5
-0.099,-0.008,0.001,5
-0.18,0.048,-0.106,5
-0.308,0.168,-1.087,5
-0.114,0.181,-1.215,5
-0.214,0.284,-0.236,5
-0.262,0.247,0.127,5
-0.054,0.041,0.015,5
0.243,-0.135,0.065,5
0.279,-0.186,0.257,5
0.165,-0.146,0.356,5
0.11,-0.127,0.243,5
0.043,-0.153,0.257,5
-0.068,-0.181,0.361,5
-0.092,-0.257,0.325,5
-0.091,-0.236,0.223,5
-0.099,-0.186,0.166,5
-0.128,-0.142,0.098,5
-0.124,-0.106,0.11,4
-0.086,-0.065,0.142,5
-0.047,-0.059,0.175,5
-0.016,-0.014,0.192,5
0.049,-0.008,0.147,5
0.096,-0.016,0.162,5
0.069,0.015,0.236,5
0.084,0.013,0.239,5
0.075,0.021,0.172,5
0.063,0.066,0.06,5
0.061,0.124,0.032,5
0.0,0.189,0.05,5
0.012,0.213,0.037,5
0.006,0.231,0.029,5
0.04,0.233,0.008,5
0.045,0.232,0.0,5
0.027,0.243,-0.026,5
-0.013,0.287,0.01,5
-0.042,0.259,0.009,5
-0.077,0.267,-0.064,4
-0.099,0.249,-0.174,5
-0.068,0.22,-0.225,5
-0.056,0.241,-0.25,5
-0.081,0.268,-0.363,5
-0.056,0.427,-0.715,5
0.014,0.328,-0.747,5
-0.069,0.17,-0.534,5
-0.174,0.063,-0.157,5
-0.135,-0.042,0.271,5
0.003,-0.111,0.52,5
0.089,-0.164,0.52,5
0.11,-0.212,0.455,5
0.051,-0.221,0.353,5
-0.104,-0.143,0.236,5
-0.171,-0.112,0.217,5
-0.236,-0.096,0.238,5
-0.233,-0.082,0.283,5
-0.206,-0.069,0.272,5
-0.194,-0.101,0.283,5
-0.213,-0.143,0.367,4
-0.17,-0.141,0.404,5
-0.226,-0.157,0.264,5
-0.122,-0.198,0.466,5
-0.131,-0.152,0.665,5
-0.135,-0.154,0.486,5
-0.156,-0.147,0.33,5
-0.377,-0.063,0.232,5
-0.223,-0.104,0.175,5
-0.093,-0.128,0.226,5
-0.14,-0.098,0.126,5
-0.014,-0.127,0.126,5
0.06,-0.106,0.187,5
0.2,-0.125,0.246,5
0.279,-0.121,0.299,5
0.195,-0.109,0.256,5
0.103,-0.042,0.062,5
0.092,0.0,-0.107,5
0.117,0.086,-0.208,5
0.364,0.155,-0.274,5
0.405,0.17,-0.285,4
0.257,0.144,-0.304,5
0.21,0.142,-0.217,5
0.43,0.055,-0.239,5
0.396,0.028,-0.305,5
0.356,0.077,-0.184,5
0.381,0.026,-0.101,5
0.394,-0.023,-0.078,5
0.299,-0.047,-0.122,5
0.239,-0.076,-0.049,5
0.124,-0.108,0.032,5
0.013,-0.148,0.167,5
-0.104,-0.138,0.167,5
-0.167,-0.15,0.146,5
-0.215,-0.152,0.123,5
-0.301,-0.128,0.063,5
-0.327,-0.085,0.009,5

# Completed @Sat May 02 15:49:03 GMT+08:00 2020
