# Accelerometer Data File
# Started @Sat May 02 15:49:28 GMT+08:00 2020
#
#
# sensor Vendor: BOSCH
# sensor Name: BMI160 Accelerometer
# sensor Resolution: 0.0023956299m/sec^2; Max Range: 156.9064; Min Delay: 5000 microseconds
# The sensor's attributes are the result hardware and the Android capabilities.
# It means that the Android may not utilize all features provided by the hardware.
#
# Some devices and Android versions save battery too much so the device may go to sleep.
# It just happens after couple of minutes from turning off the scree and it is easy to find it out.
#
# The following file provides the data from accelerometer in the m/s^2 format.
# The diff value is just a time delta between the samples
#
#
# data format:
# so we have 4 columns with values separated by the ","
# X,Y,Z,time_from_previous_sample(ms)

# sensor speed set to:FASTEST
# units set to: m/sec^2
# gravity  filtered out
# Accuracy: HIGH
0.605,0.044,8.762,0
0.566,0.031,7.886,4
0.569,-0.01,7.17,5
0.616,-0.048,6.484,5
0.597,-0.039,5.809,5
0.559,-0.022,5.228,5
0.525,-0.007,4.787,5
0.485,0.006,4.257,5
0.449,-0.024,3.736,5
0.435,0.029,3.35,5
0.378,0.048,2.989,5
0.301,0.026,2.703,5
0.25,0.01,2.467,5
0.156,0.026,2.233,5
0.063,0.015,2.113,5
0.069,-0.046,1.841,5
0.174,-0.071,1.541,5
0.204,-0.047,1.426,5
0.184,-0.038,1.382,5
0.135,-0.051,1.231,5
0.096,0.0,1.134,5
0.077,-0.007,1.089,4
0.104,-0.011,0.954,5
0.076,0.015,0.906,5
0.039,0.001,0.781,5
0.022,-0.007,0.66,5
0.002,0.006,0.542,5
0.062,-0.003,0.44,5
0.078,0.005,0.375,5
0.091,-0.016,0.337,5
0.082,-0.031,0.312,5
0.16,-0.02,0.246,5
0.187,0.012,0.204,5
0.155,0.032,0.236,5
0.2,0.08,0.247,5
0.21,0.107,0.252,5
0.137,0.122,0.287,5
0.089,0.14,0.237,5
0.067,0.109,0.187,5
0.056,0.08,0.186,5
0.012,0.09,0.158,5
-0.036,0.072,0.121,4
-0.032,0.069,0.148,5
-0.059,0.058,0.103,5
-0.135,0.048,0.118,5
-0.143,0.051,0.106,5
-0.081,0.033,0.078,5
-0.073,0.03,0.04,5
-0.027,0.018,-0.032,5
0.035,0.047,-0.028,5
0.083,0.094,-0.116,5
0.114,0.119,-0.169,5
0.21,0.115,-0.126,5
0.254,0.043,-0.157,5
0.185,0.151,-0.219,5
0.227,0.106,-0.175,5
0.221,0.043,-0.153,5
0.186,0.013,-0.181,5
0.137,0.02,-0.171,5
0.081,0.014,-0.098,5
0.042,-0.012,-0.024,4
-0.004,-0.002,-0.039,5
-0.021,-0.019,-0.056,5
-0.07,-0.048,-0.05,5
-0.106,-0.051,-0.037,5
-0.109,-0.059,-0.024,5
-0.175,-0.032,0.003,5
-0.162,-0.02,-0.027,5
-0.193,-0.005,-0.007,5
-0.144,0.0,0.002,5
-0.073,-0.013,-0.006,5
0.032,0.0,-0.018,5
0.115,0.005,-0.038,5
0.164,0.021,-0.073,5
0.212,0.028,-0.083,5
0.217,0.047,-0.122,5
0.247,0.081,-0.105,5
0.231,0.055,-0.065,5
0.169,0.028,-0.058,5
0.143,0.012,-0.001,5
0.09,-0.005,0.024,4
0.025,-0.005,0.043,5
-0.054,-0.026,0.082,5
-0.105,-0.066,0.139,5
-0.167,-0.077,0.168,5
-0.181,-0.052,0.155,5
-0.24,-0.034,0.097,5
-0.238,-0.056,0.039,5
-0.214,-0.033,0.023,5
-0.158,-0.017,-0.022,5
-0.082,-0.011,-0.076,5
-0.052,0.019,-0.077,5
-0.004,0.009,-0.069,5
0.065,-0.034,-0.079,5
0.131,-0.061,-0.032,5
0.174,-0.063,0.03,5
0.183,-0.048,0.087,5
0.156,-0.061,0.1,5
0.2,-0.102,0.15,5
0.163,-0.092,0.148,5
0.117,-0.083,0.108,4
0.083,-0.035,0.105,5
0.066,-0.015,0.06,5
0.051,0.003,0.063,5
-0.026,-0.001,0.0,5
-0.032,-0.009,0.009,5
-0.046,-0.012,0.043,5
-0.089,-0.011,0.021,5
-0.089,-0.04,0.002,5
-0.075,-0.066,0.036,5
-0.046,-0.051,0.041,5
-0.063,-0.067,0.058,5
-0.087,-0.069,0.126,5
-0.052,-0.049,0.139,5
-0.008,-0.044,0.082,5
0.026,-0.044,0.112,5
0.036,-0.04,0.157,5
0.033,-0.049,0.107,5
0.068,-0.039,0.139,5
0.04,-0.044,0.117,4
-0.011,-0.044,0.114,5
-0.053,-0.014,0.068,5
-0.099,-0.008,0.1,5
-0.137,-0.016,0.038,5
-0.157,-0.018,-0.017,5
-0.111,-0.029,-0.032,5
-0.087,-0.022,-0.076,5
-0.044,-0.024,-0.073,5
-0.005,-0.043,-0.061,5
0.072,-0.056,-0.016,5
0.142,-0.05,-0.049,5
0.193,-0.063,-0.005,5
0.307,-0.099,-0.039,5
0.302,-0.072,-0.061,5
0.345,-0.056,-0.038,5
0.371,-0.068,-0.004,5
0.325,-0.022,-0.016,5
0.314,-0.046,0.019,5
0.235,-0.054,-0.004,5
0.199,-0.031,0.013,5
0.097,-0.093,0.094,4
0.018,-0.088,0.183,5
-0.09,-0.07,0.148,5
-0.146,-0.059,0.189,5
-0.217,-0.075,0.204,5
-0.217,-0.05,0.141,5
-0.221,-0.062,0.166,5
-0.195,-0.103,0.244,5
-0.167,-0.153,0.189,5
-0.154,-0.138,0.17,5
-0.117,-0.111,0.188,5
-0.08,-0.065,0.164,5
-0.054,-0.059,0.139,5
-0.049,-0.023,0.091,5
-0.014,0.03,0.056,5
-0.021,0.027,0.003,5
-0.023,0.029,-0.022,5
-0.029,0.078,-0.02,5
-0.1,0.083,-0.009,5
-0.115,0.087,0.064,4
-0.125,0.079,0.131,5
-0.13,0.101,0.113,5
-0.113,0.056,0.231,5
-0.084,0.02,0.221,5
-0.084,0.018,0.207,5
-0.11,0.0,0.217,5
-0.142,0.034,0.208,5
-0.15,0.017,0.161,5
-0.139,0.037,0.132,5
-0.194,0.059,0.128,5
-0.14,0.049,0.046,5
-0.104,0.091,-0.027,5
-0.12,0.095,-0.071,5
-0.056,0.103,-0.069,5
-0.037,0.131,-0.122,5
-0.008,0.153,-0.157,5
0.048,0.167,-0.184,5
0.091,0.176,-0.231,5
0.133,0.18,-0.212,5
0.103,0.145,-0.221,4
0.066,0.156,-0.225,5
0.159,0.115,-0.068,5
0.074,0.155,-0.195,5
-0.001,0.191,-0.223,5
-0.006,0.133,-0.235,5
-0.074,0.12,-0.186,5
-0.097,0.112,-0.176,5
-0.139,0.088,-0.149,5
-0.159,0.079,-0.134,5
-0.186,0.045,-0.16,5
-0.159,-0.006,-0.2,5
-0.165,0.015,-0.141,5
-0.139,-0.033,-0.122,5
-0.16,-0.012,-0.136,5
-0.14,0.005,-0.17,5
-0.143,-0.016,-0.174,5
-0.094,-0.044,-0.174,5
-0.063,-0.01,-0.182,5
-0.126,-0.021,-0.173,5
-0.122,-0.011,-0.203,4
-0.075,0.011,-0.165,5
-0.063,0.01,-0.14,5
-0.014,-0.012,-0.169,5
-0.012,0.04,-0.2,5
0.04,0.006,-0.201,5
0.07,-0.007,-0.207,5
0.119,-0.002,-0.152,5
0.146,0.002,-0.102,5
0.162,-0.023,-0.057,5
0.115,-0.073,0.017,5
0.082,-0.052,0.015,5
0.087,-0.056,0.052,5
0.078,-0.028,0.073,5
0.062,0.004,0.104,5
0.038,0.025,0.089,5
0.03,0.035,0.037,5
0.057,0.049,-0.03,5
0.06,0.096,-0.014,5
0.032,0.09,0.004,5
-0.013,0.142,0.051,4
-0.059,0.153,0.045,5
-0.083,0.125,0.075,5
-0.023,0.138,0.063,5
0.013,0.086,0.104,5
0.041,0.047,0.137,5
0.076,0.029,0.175,5
0.068,0.009,0.179,5
0.105,0.012,0.174,5
0.077,0.024,0.139,5
0.065,0.03,0.173,5
0.032,0.044,0.147,5
0.021,0.053,0.123,5
-0.062,0.03,0.077,5
-0.091,0.053,0.103,5
-0.094,0.039,0.089,5
-0.111,0.026,0.084,5
-0.095,0.006,0.02,5
-0.06,-0.002,0.009,5
0.01,-0.015,0.038,5
0.052,0.008,0.021,5
0.051,-0.001,-0.04,4
0.102,0.011,-0.092,5
0.109,-0.032,-0.104,5
0.137,-0.02,-0.146,5
0.114,-0.01,-0.148,5
0.103,-0.026,-0.151,5
0.071,-0.058,-0.148,5
0.081,-0.035,-0.099,5
0.043,-0.035,-0.059,5
0.043,-0.032,-0.044,5
0.09,-0.033,-0.014,5
0.128,-0.068,-0.03,5
0.12,-0.079,0.002,5
0.177,-0.058,0.028,5
0.245,-0.018,0.06,5
0.229,0.022,0.101,5
0.254,-0.005,0.147,5
0.284,-0.052,0.192,5
0.264,0.0,0.221,5
0.195,-0.004,0.155,4
0.115,0.0,0.088,5
0.06,0.052,0.109,5
-0.005,0.107,0.064,5
-0.061,0.174,0.045,5
-0.089,0.208,-0.019,5
-0.102,0.196,-0.043,5
-0.139,0.185,-0.043,5
-0.164,0.209,-0.034,5
-0.139,0.188,-0.027,5
-0.151,0.161,0.022,5
-0.114,0.123,0.033,5
-0.033,0.119,-0.008,5
-0.026,0.086,0.013,5
-0.006,0.086,-0.017,5
-0.014,0.116,-0.02,5
-0.008,0.113,-0.026,5
-0.025,0.05,-0.071,5
-0.026,0.079,-0.103,5
-0.071,0.102,-0.14,4
-0.034,0.078,-0.143,5
-0.052,0.036,-0.12,5
-0.103,0.08,-0.086,5
-0.174,0.098,-0.035,5
-0.208,0.058,-0.018,5
-0.218,0.048,0.021,5
-0.252,0.004,0.041,5
-0.304,0.0,-0.036,5
-0.3,0.029,-0.036,5
-0.347,0.005,-0.002,5
-0.364,0.009,-0.041,5
-0.358,0.034,-0.028,5
-0.335,0.039,-0.051,5
-0.245,0.031,-0.115,5
-0.156,0.032,-0.138,5
-0.145,0.02,-0.107,5
-0.096,0.031,-0.079,5
-0.022,-0.006,-0.058,5
0.01,-0.005,-0.026,5
0.009,-0.018,-0.006,4
0.042,-0.011,0.058,5
0.06,-0.01,0.065,5
-0.006,-0.001,0.046,5
-0.061,-0.052,0.054,5
-0.094,-0.021,0.048,5
-0.136,-0.019,0.0,5
-0.213,-0.017,-0.055,5
-0.192,-0.02,-0.084,5
-0.181,-0.043,-0.088,5
-0.197,-0.039,-0.088,5
-0.199,-0.013,-0.139,5
-0.179,0.0,-0.1,5
-0.084,-0.012,-0.077,5
-0.015,0.001,-0.103,5
0.089,-0.033,-0.076,5
0.218,-0.094,-0.068,5
0.313,-0.08,-0.057,5
0.367,-0.076,-0.099,5
0.413,-0.064,-0.046,5
0.41,-0.058,-0.08,4
0.403,-0.065,-0.067,5
0.376,-0.071,-0.065,5
0.287,-0.03,-0.028,5
0.206,-0.053,0.025,5
0.181,-0.06,0.006,5
0.133,-0.063,0.039,5
0.115,-0.069,0.031,5
0.095,-0.11,0.071,5
0.064,-0.12,0.073,5
0.066,-0.113,0.07,5
0.021,-0.097,0.075,5
0.01,-0.087,0.076,5
0.03,-0.104,0.047,5
0.096,-0.068,0.038,5
0.1,-0.074,-0.016,5
0.141,-0.032,-0.032,5
0.17,-0.007,-0.029,5
0.17,0.031,-0.052,5
0.214,0.063,-0.115,4
0.218,0.052,-0.13,5
0.222,0.086,-0.134,5
0.195,0.081,-0.189,5
0.172,0.108,-0.14,5
0.12,0.088,-0.109,5
0.065,0.092,-0.111,5
0.019,0.087,-0.044,5
-0.007,0.057,0.024,5
-0.067,0.055,0.018,5
-0.099,-0.001,0.08,5
-0.098,0.003,0.133,5
-0.084,-0.001,0.119,5
-0.114,-0.009,0.146,5
-0.141,-0.004,0.179,5
-0.153,0.004,0.217,5
-0.155,-0.026,0.26,5
-0.126,-0.014,0.208,5
-0.109,0.0,0.135,5
-0.176,0.0,0.113,5
-0.128,0.025,0.119,4
-0.163,0.04,0.068,5
-0.151,0.049,0.023,5
-0.092,0.052,0.0,5
-0.079,0.064,-0.004,5
-0.092,0.04,0.021,5
-0.062,-0.006,0.049,5
-0.064,-0.022,0.066,5
-0.079,-0.033,0.115,5
-0.088,-0.094,0.134,5
-0.092,-0.093,0.142,5
-0.053,-0.097,0.089,5
-0.056,-0.087,0.037,5
-0.089,-0.083,0.055,5
-0.042,-0.044,0.01,5
-0.033,-0.031,0.018,5
-0.021,-0.015,-0.056,5
-0.006,0.024,-0.038,5
-0.036,0.03,-0.025,5
0.006,0.006,0.05,4
-0.02,-0.007,0.118,5
-0.009,-0.019,0.119,5
0.004,-0.026,0.159,5
-0.052,-0.014,0.22,5
-0.059,-0.022,0.22,5
-0.122,-0.024,0.168,5
-0.157,-0.017,0.198,5
-0.18,-0.076,0.2,5
-0.214,-0.042,0.188,5
-0.253,-0.003,0.157,5
-0.279,0.031,0.115,5
-0.316,0.075,0.125,5
-0.276,0.141,0.056,5
-0.244,0.135,-0.017,5
-0.163,0.182,-0.084,5
-0.035,0.207,-0.145,5
0.054,0.199,-0.199,5
0.169,0.218,-0.244,5
0.294,0.226,-0.241,5
0.312,0.229,-0.277,5
0.367,0.215,-0.254,4
0.378,0.198,-0.271,5
0.37,0.187,-0.201,5
0.35,0.189,-0.155,5
0.268,0.145,-0.161,5
0.198,0.078,-0.115,5
0.088,0.062,-0.125,5
-0.002,0.043,-0.078,5
-0.084,0.012,-0.014,5
-0.213,-0.022,0.064,5
-0.248,-0.024,0.045,5
-0.258,-0.069,0.044,5
-0.249,-0.08,0.027,5
-0.19,-0.046,-0.026,5
-0.192,-0.106,-0.071,5
-0.16,-0.104,-0.103,5
-0.045,-0.046,-0.136,5
0.058,-0.041,-0.135,5
0.112,-0.033,-0.199,5
0.192,-0.012,-0.244,4
0.215,-0.015,-0.236,5
0.155,0.007,-0.165,5
0.174,-0.014,-0.119,5
0.152,-0.034,-0.145,5
0.064,-0.031,-0.083,5
-0.011,-0.049,-0.041,5
-0.109,-0.044,-0.019,5
-0.223,-0.07,0.029,5
-0.269,-0.093,0.039,5
-0.294,-0.11,0.065,5
-0.329,-0.129,0.098,5
-0.326,-0.133,0.109,5
-0.264,-0.163,0.077,5
-0.267,-0.172,0.078,5
-0.219,-0.177,0.061,5
-0.201,-0.202,0.077,5
-0.117,-0.177,0.065,5
-0.049,-0.164,0.054,5
-0.031,-0.156,-0.007,5
0.014,-0.115,-0.032,4
0.004,-0.086,-0.072,5
-0.017,-0.047,-0.086,5
-0.037,-0.029,-0.112,5
-0.106,-0.009,-0.092,5
-0.169,-0.021,-0.027,5
-0.195,-0.036,-0.037,5
-0.188,-0.076,-0.016,5
-0.174,-0.094,0.058,5
-0.178,-0.097,0.125,5
-0.156,-0.044,0.169,5
-0.157,-0.049,0.204,5
-0.133,-0.074,0.209,5
-0.081,-0.075,0.201,5
-0.043,-0.05,0.172,5
-0.004,-0.041,0.073,5
0.052,-0.028,0.005,5
0.137,0.008,-0.003,5
0.158,0.0,-0.05,5
0.172,-0.009,-0.028,4
0.163,0.008,-0.072,5
0.164,0.029,-0.082,5
0.139,0.022,-0.026,5
0.073,0.015,0.096,5
0.023,-0.007,0.172,5
0.008,-0.015,0.19,5
0.024,-0.052,0.209,5
0.017,-0.017,0.236,5
0.011,-0.019,0.225,5
0.045,-0.026,0.22,5
0.031,-0.028,0.189,5
0.119,0.004,0.131,5
0.163,0.021,0.097,5
0.22,0.032,0.065,5
0.288,0.067,0.063,5
0.35,0.091,0.078,5
0.392,0.082,0.023,5
0.379,0.061,0.051,5
0.354,0.042,0.041,5
0.34,0.076,0.059,4
0.31,0.099,0.036,5
0.275,0.102,-0.001,5
0.256,0.096,-0.049,5
0.226,0.112,-0.074,5
0.152,0.083,-0.127,5
0.136,0.084,-0.149,5
0.131,0.088,-0.099,5
0.045,0.088,-0.076,5
0.036,0.053,-0.06,5
0.054,0.039,-0.058,5
0.066,0.04,-0.065,5
0.068,0.014,-0.02,5
0.052,0.0,-0.052,5
0.056,-0.047,0.004,5
0.037,-0.042,0.02,5
0.02,-0.051,0.005,5
0.057,-0.011,-0.033,5
0.077,-0.023,-0.03,5
0.091,-0.064,-0.018,5
0.086,-0.057,-0.059,4
0.073,-0.03,-0.066,5
0.096,-0.061,-0.077,5
0.048,-0.047,-0.078,5
0.013,-0.059,-0.031,5
-0.014,-0.053,-0.041,5
-0.098,-0.065,0.014,5
-0.123,-0.097,0.047,5
-0.141,-0.087,0.064,5
-0.221,-0.143,0.105,5
-0.247,-0.146,0.18,5
-0.218,-0.114,0.184,5
-0.256,-0.142,0.17,5
-0.209,-0.17,0.161,5
-0.162,-0.136,0.175,5
-0.124,-0.084,0.205,5
-0.069,-0.11,0.202,5
-0.036,-0.116,0.169,5
0.014,-0.061,0.122,5
0.038,-0.081,0.079,5
0.125,-0.077,0.024,4
0.151,-0.013,0.056,5
0.136,0.0,0.037,5
0.114,0.0,0.029,5
0.137,-0.008,-0.003,5
0.076,-0.011,0.018,5
0.09,-0.057,0.0,5
0.107,-0.082,-0.06,5
0.109,-0.061,-0.067,5
0.106,-0.055,-0.142,5
0.104,-0.032,-0.24,5
0.124,-0.024,-0.216,5
0.176,-0.017,-0.237,5
0.184,0.005,-0.261,5
0.213,0.052,-0.235,5
0.17,0.055,-0.16,5
0.183,0.08,-0.174,5
0.187,0.093,-0.139,5
0.215,0.08,-0.125,5
0.172,0.067,-0.082,5
0.172,0.069,-0.074,4
0.142,0.088,-0.037,5
0.102,0.079,-0.05,5
0.083,0.054,0.01,5
0.066,0.031,0.031,5
-0.017,0.024,0.01,5
-0.059,0.026,-0.016,5
-0.061,0.04,-0.036,5
-0.072,0.028,-0.041,5
-0.061,0.02,-0.037,5
-0.068,0.061,0.044,5
-0.065,0.064,-0.037,5
-0.067,0.032,-0.09,5
0.012,0.02,-0.124,5
0.028,-0.007,-0.09,5
-0.039,0.014,-0.068,5
-0.104,0.082,0.003,5
-0.119,0.104,0.08,5
-0.15,0.072,0.132,5
-0.213,0.013,0.128,5
-0.196,0.02,0.111,4
-0.249,0.035,0.091,5
-0.263,0.045,0.073,5
-0.301,0.053,0.148,5
-0.288,0.061,0.12,5
-0.264,0.029,0.095,5
-0.164,0.034,0.025,5
-0.092,0.022,0.005,5
-0.001,0.05,-0.063,5
0.111,0.058,-0.1,5
0.155,0.065,-0.12,5
0.196,0.05,-0.173,5
0.224,0.062,-0.194,5
0.266,0.073,-0.192,5
0.304,0.044,-0.16,5
0.252,0.053,-0.139,5
0.205,0.065,-0.147,5
0.129,0.054,-0.106,5
0.09,0.031,-0.134,4
0.046,0.028,-0.13,5
0.003,0.025,-0.086,5
-0.014,0.018,-0.099,5
-0.055,-0.013,-0.068,5
-0.076,-0.042,-0.091,5
-0.072,-0.063,-0.06,5
-0.026,-0.083,-0.02,5
0.001,-0.096,-0.057,5
0.044,-0.104,-0.038,5
0.04,-0.085,-0.034,5
0.07,-0.089,-0.065,5
0.072,-0.093,-0.067,5
0.043,-0.066,-0.069,5
0.056,-0.055,-0.045,5
0.011,-0.045,-0.118,5
-0.049,-0.037,-0.128,5
-0.061,-0.046,-0.059,5
-0.107,-0.02,-0.053,5
-0.131,-0.022,-0.03,5
-0.143,0.009,-0.014,4
-0.163,0.017,0.003,5
-0.207,0.033,0.02,5
-0.247,0.064,0.035,5
-0.231,0.07,-0.002,5
-0.234,0.076,-0.036,5
-0.214,0.124,-0.032,5
-0.232,0.151,-0.055,5
-0.23,0.187,-0.041,5
-0.216,0.199,0.187,5
-0.022,0.088,0.09,5
-0.075,0.191,-0.194,5
-0.025,0.181,-0.191,5
0.016,0.253,-0.323,5
-0.011,0.318,-0.377,5
0.101,0.291,-0.257,5
0.117,0.313,-0.219,5
0.135,0.355,-0.257,5
0.139,0.311,-0.227,5
0.164,0.306,-0.174,4
0.169,0.31,-0.083,5
0.139,0.348,-0.062,5
0.142,0.3,-0.047,5
0.201,0.291,-0.077,5
0.211,0.318,-0.026,5
0.156,0.304,0.019,5
0.149,0.338,0.168,5
0.254,0.321,0.207,5
0.216,0.328,0.048,5
0.164,0.304,0.056,5
0.079,0.273,-0.052,5
0.118,0.246,0.013,5
0.128,0.23,0.149,5
-0.005,0.22,0.104,5
-0.082,0.232,0.085,5
-0.069,0.304,0.283,5
-0.088,0.338,0.311,5
-0.122,0.356,0.25,5
-0.106,0.247,0.087,5
-0.155,0.201,0.069,4
-0.118,0.181,0.144,5
-0.059,0.072,0.164,5
-0.057,0.017,0.208,5
-0.004,0.003,0.192,5
0.064,-0.027,0.233,5
0.135,-0.059,0.278,5
0.247,-0.036,0.263,5
0.3,-0.01,0.194,5
0.3,-0.014,0.149,5
0.33,-0.016,0.039,5
0.344,-0.01,0.031,5
0.293,-0.027,0.01,5
0.212,-0.02,0.065,5
0.139,0.007,0.123,5
0.09,-0.036,0.158,5
-0.004,-0.101,0.259,5
-0.103,-0.186,0.358,5
-0.204,-0.232,0.421,5
-0.249,-0.269,0.517,5
-0.28,-0.328,0.564,4
-0.346,-0.364,0.547,5
-0.394,-0.397,0.548,5
-0.531,-0.396,0.493,5
-0.586,-0.326,0.444,5
-0.626,-0.242,0.481,5
-0.611,-0.179,0.472,5
-0.532,-0.079,0.442,5
-0.458,0.006,0.35,5
-0.338,0.053,0.263,5
-0.098,0.108,0.177,5
0.105,0.187,0.159,5
0.306,0.207,0.221,5
0.439,0.243,0.224,5
0.498,0.24,0.245,5
0.595,0.216,0.229,5
0.591,0.177,0.275,5
0.597,0.107,0.213,5
0.567,0.032,0.209,5
0.519,-0.052,0.097,5
0.403,-0.073,0.019,4
0.276,-0.13,-0.025,5
0.141,-0.16,-0.006,5
0.066,-0.174,-0.014,5
-0.09,-0.204,-0.034,5
-0.193,-0.231,0.02,5
-0.23,-0.255,0.057,5
-0.259,-0.299,0.043,5
-0.332,-0.286,0.12,5
-0.333,-0.296,0.095,5
-0.364,-0.279,0.069,5
-0.358,-0.273,0.04,5
-0.27,-0.267,-0.088,5
-0.2,-0.284,-0.213,5
-0.185,-0.268,-0.325,5
-0.188,-0.194,-0.448,5
-0.177,-0.123,-0.48,5
-0.116,-0.106,-0.467,5
-0.109,-0.065,-0.541,5
-0.064,-0.003,-0.65,4
0.032,0.031,-0.646,5
0.02,0.075,-0.654,5
-0.007,0.102,-0.593,5
0.036,0.118,-0.525,5
-0.005,0.153,-0.477,5
0.007,0.173,-0.438,5
0.024,0.164,-0.39,5
-0.025,0.165,-0.355,5
-0.061,0.135,-0.332,5
-0.051,0.135,-0.295,5
-0.046,0.134,-0.282,5
-0.162,0.103,-0.31,5
-0.158,0.14,-0.344,5
-0.125,0.1,-0.378,5
-0.143,0.09,-0.34,5
-0.15,0.107,-0.285,5
-0.204,0.075,-0.269,5
-0.24,0.084,-0.229,5
-0.211,0.072,-0.159,5
-0.229,0.004,-0.186,4
-0.197,0.0,-0.21,5
-0.143,0.025,-0.189,5
-0.206,0.053,-0.201,5
-0.207,0.078,-0.206,5
-0.221,0.07,-0.173,5
-0.281,0.041,-0.237,5
-0.287,0.02,-0.282,5
-0.31,0.009,-0.276,5
-0.318,-0.021,-0.261,5
-0.294,-0.04,-0.235,5
-0.274,-0.041,-0.263,5
-0.22,-0.054,-0.228,5
-0.168,-0.109,-0.197,5
-0.091,-0.197,-0.138,5
0.016,-0.19,-0.116,5
0.109,-0.158,-0.044,5
0.159,-0.129,-0.056,5
0.195,-0.116,-0.09,5
0.205,-0.087,-0.068,5
0.241,-0.074,0.011,4
0.191,-0.054,0.006,5
0.077,-0.092,-0.002,5
0.022,-0.056,0.006,5
-0.027,-0.038,0.027,5
-0.08,-0.038,0.05,5
-0.098,-0.004,0.109,5
-0.14,0.025,0.068,5
-0.087,-0.028,0.035,5
-0.065,-0.034,-0.019,5
-0.02,-0.013,-0.064,5
0.059,0.0,-0.062,5
0.139,0.013,-0.116,5
0.237,-0.017,-0.139,5
0.36,0.009,-0.211,5
0.449,0.038,-0.177,5
0.516,0.078,-0.207,5
0.563,0.104,-0.221,5
0.585,0.068,-0.177,5
0.565,0.07,-0.116,5
0.448,0.106,-0.122,4
0.321,0.147,-0.036,5
0.233,0.167,0.053,5
0.106,0.159,0.116,5
-0.033,0.16,0.169,5
-0.124,0.196,0.182,5
-0.224,0.146,0.25,5
-0.266,0.079,0.385,5
-0.287,0.071,0.454,5
-0.293,0.021,0.555,5
-0.229,-0.023,0.62,5
-0.102,-0.072,0.601,5
0.053,-0.113,0.597,5
0.117,-0.05,0.576,5
0.183,-0.014,0.462,5
0.307,0.003,0.313,5
0.423,0.02,0.174,5
0.397,0.083,0.29,5
0.396,0.165,0.209,5
0.439,0.166,0.132,5
0.403,0.136,0.123,4
0.376,0.157,0.055,5
0.36,0.102,0.088,5
0.319,0.066,0.109,5
0.266,0.068,0.18,5
0.218,0.027,0.339,5
0.136,-0.014,0.469,5
0.019,-0.055,0.616,5
-0.013,-0.097,0.795,5
-0.08,-0.135,1.009,5
-0.176,-0.186,1.214,5
-0.261,-0.232,1.342,5
-0.321,-0.265,1.454,5
-0.38,-0.26,1.528,5
-0.484,-0.264,1.509,5
-0.448,-0.22,1.375,5
-0.373,-0.185,1.19,5
-0.31,-0.158,0.959,5
-0.154,-0.09,0.686,5
0.007,-0.06,0.463,5
0.118,0.006,0.309,4
0.253,0.027,0.256,5
0.413,0.032,0.174,5
0.587,0.042,0.071,5
0.8,-0.043,-0.022,5
0.935,-0.237,-0.248,5
1.165,-0.364,-0.533,5
1.264,-0.457,-0.842,5
1.293,-0.558,-1.107,5
1.185,-0.523,-1.181,5
1.027,-0.381,-0.981,5
0.774,-0.144,-0.737,5
0.481,0.007,-0.404,5
0.265,0.093,-0.071,5
0.109,-0.002,0.103,5
0.025,-0.148,0.153,5
-0.136,-0.323,0.263,5
-0.226,-0.424,0.323,5
-0.281,-0.485,0.316,5
-0.326,-0.441,0.285,5
-0.328,-0.397,0.028,4
-0.256,-0.344,-0.263,5
-0.123,-0.258,-0.456,5
-0.016,-0.129,-0.557,5
0.093,0.017,-0.725,5
0.182,0.196,-0.92,5
0.233,0.314,-1.039,5
0.296,0.386,-1.086,5
0.391,0.361,-1.072,5
0.382,0.346,-1.004,5
0.387,0.273,-0.981,5
0.258,0.189,-0.96,5
0.15,0.097,-0.899,5
0.032,0.023,-0.839,5
-0.083,-0.061,-0.613,5
-0.221,-0.128,-0.439,5
-0.306,-0.205,-0.391,5
-0.414,-0.297,-0.313,5
-0.536,-0.366,-0.187,5
-0.659,-0.472,-0.073,4
-0.774,-0.588,0.097,5
-0.869,-0.62,0.234,5
-0.989,-0.631,0.348,5
-1.088,-0.641,0.473,5
-1.147,-0.676,0.486,5
-1.179,-0.682,0.48,5
-1.152,-0.678,0.441,5
-1.161,-0.636,0.457,5
-1.106,-0.542,0.441,5
-0.986,-0.484,0.401,5
-0.892,-0.401,0.335,5
-0.729,-0.3,0.263,5
-0.51,-0.219,0.237,5
-0.308,-0.132,0.17,5
-0.044,-0.028,0.11,5
0.166,0.086,0.103,5
0.343,0.133,0.054,5
0.481,0.219,0.027,5
0.61,0.236,-0.018,5
0.674,0.242,-0.046,4
0.736,0.24,-0.046,5
0.791,0.267,-0.106,5
0.781,0.284,-0.134,5
0.802,0.303,-0.168,5
0.756,0.302,-0.155,5
0.788,0.281,-0.196,5
0.817,0.248,-0.258,5
0.787,0.21,-0.232,5
0.713,0.211,-0.226,5
0.646,0.164,-0.191,5
0.529,0.113,-0.206,5
0.459,0.11,-0.164,5
0.383,0.056,-0.208,5
0.302,0.007,-0.26,5
0.293,0.019,-0.294,5
0.225,0.013,-0.386,5
0.211,0.003,-0.485,5
0.16,0.033,-0.523,5
0.062,0.086,-0.543,4
0.038,0.068,-0.614,5
0.047,0.118,-0.647,5
0.051,0.11,-0.643,5
0.02,0.112,-0.682,5
0.009,0.083,-0.622,5
-0.029,0.097,-0.586,5
-0.052,0.091,-0.562,5
-0.094,0.013,-0.398,5
-0.106,-0.026,-0.319,5
-0.169,-0.045,-0.244,5
-0.255,-0.053,-0.168,5
-0.394,-0.052,-0.078,5
-0.458,-0.004,0.015,5
-0.537,0.056,0.001,5
-0.569,0.119,0.039,5
-0.655,0.142,-0.007,5
-0.675,0.158,0.019,5
-0.664,0.206,0.034,5
-0.658,0.212,-0.024,5
-0.643,0.246,-0.056,5
-0.57,0.299,-0.102,4
-0.466,0.308,-0.17,5
-0.393,0.376,-0.204,5
-0.315,0.408,-0.236,5
-0.297,0.375,-0.259,5
-0.28,0.398,-0.246,5
-0.247,0.453,-0.26,5
-0.218,0.416,-0.273,5
-0.123,0.396,-0.285,5
-0.115,0.374,-0.312,5
-0.125,0.371,-0.333,5
-0.052,0.299,-0.316,5
-0.073,0.222,-0.268,5
-0.031,0.148,-0.267,5
-0.019,0.142,-0.175,5
-0.047,0.067,-0.033,5
0.012,-0.012,0.064,5
0.007,-0.049,0.062,5
-0.083,-0.083,0.159,5
-0.196,-0.118,0.191,5
-0.262,-0.132,0.335,4
-0.391,-0.101,0.44,5
-0.455,-0.087,0.422,5
-0.509,-0.061,0.366,5
-0.497,-0.072,0.304,5
-0.46,-0.065,0.286,5
-0.423,0.005,0.331,5
-0.372,0.035,0.268,5
-0.235,0.044,0.211,5
-0.065,0.087,0.177,5
0.126,0.053,0.12,5
0.316,0.034,0.138,5
0.413,0.04,0.163,5
0.454,0.057,0.19,5
0.486,0.073,0.179,5
0.472,0.1,0.153,5
0.437,0.116,0.155,5
0.385,0.143,0.096,5
0.303,0.163,0.039,5
0.307,0.186,0.022,5
0.251,0.188,-0.001,4
0.234,0.191,-0.044,5
0.181,0.211,-0.031,5
0.197,0.194,0.019,5
0.229,0.131,0.086,5
0.202,0.105,0.09,5
0.22,0.047,0.167,5
0.233,0.017,0.207,5
0.235,0.015,0.251,5
0.216,-0.037,0.312,5
0.293,-0.051,0.311,5
0.303,-0.024,0.284,5
0.307,0.008,0.169,5
0.401,0.033,0.075,5
0.43,0.068,-0.027,5
0.469,0.096,-0.076,5
0.465,0.138,-0.15,5
0.457,0.176,-0.122,5
0.459,0.201,-0.08,5
0.374,0.185,0.031,4
0.367,0.158,0.174,5
0.274,0.108,0.282,5
0.229,0.058,0.447,5
0.224,0.022,0.536,5
0.158,-0.018,0.668,5
0.065,-0.02,0.795,5
0.011,-0.044,0.815,5
-0.067,-0.061,0.849,5
-0.09,-0.051,0.911,5
-0.103,-0.08,0.872,5
-0.088,-0.063,0.814,5
-0.127,-0.053,0.776,5
-0.092,-0.086,0.798,5
-0.113,-0.112,0.705,5
-0.111,-0.109,0.66,5
-0.052,-0.107,0.62,5
-0.025,-0.113,0.618,5
0.019,-0.154,0.552,5
-0.033,-0.143,0.613,5
-0.125,-0.163,0.629,4
-0.198,-0.181,0.691,5
-0.26,-0.219,0.803,5
-0.355,-0.292,0.878,5
-0.319,-0.456,0.894,5
-0.214,-0.626,0.735,5
-0.038,-0.805,0.506,5
0.224,-1.004,0.089,5
0.464,-1.145,-0.354,5
0.737,-1.19,-0.818,5
0.926,-1.019,-1.185,5
0.98,-0.655,-1.372,5
0.912,-0.231,-1.243,5
0.808,0.101,-0.908,5
0.71,0.397,-0.477,5
0.527,0.573,0.048,5
0.306,0.533,0.531,5
0.176,0.397,0.973,5
0.305,0.194,1.315,5
0.361,-0.152,1.399,5
-0.006,-0.456,1.587,4
0.08,-0.841,1.781,5
-0.221,-0.903,1.383,5
-0.354,-1.003,1.288,5
-0.62,-0.928,1.039,5
-0.963,-0.702,0.831,5
-1.095,-0.485,0.623,5
-1.166,-0.342,0.276,5
-1.183,-0.195,0.003,5
-1.086,-0.085,-0.121,5
-0.883,-0.068,-0.467,5
-0.747,-0.018,-0.623,5
-0.56,-0.012,-0.642,5
-0.358,0.018,-0.63,5
-0.309,0.064,-0.532,5
-0.205,0.075,-0.449,5
-0.098,0.067,-0.382,5
-0.062,0.035,-0.361,5
-0.017,0.018,-0.48,5
0.031,0.021,-0.622,5
0.041,0.057,-0.736,4
0.041,0.095,-0.861,5
0.058,0.176,-0.947,5
0.083,0.292,-1.042,5
0.079,0.353,-1.166,5
0.071,0.399,-1.217,5
0.12,0.433,-1.178,5
0.086,0.437,-1.099,5
0.129,0.38,-1.32,5
0.159,0.381,-1.244,5
0.083,0.364,-1.124,5
0.053,0.392,-0.99,5
0.026,0.336,-0.745,5
-0.032,0.259,-0.601,5
-0.102,0.169,-0.45,5
-0.13,0.074,-0.328,5
-0.216,-0.062,-0.136,5
-0.315,-0.142,-0.006,5
-0.439,-0.14,0.123,5
-0.472,-0.174,0.184,5
-0.516,-0.182,0.273,4
-0.555,-0.129,0.268,5
-0.581,-0.091,0.198,5
-0.592,-0.034,0.118,5
-0.571,-0.009,0.037,5
-0.518,0.012,-0.035,5
-0.428,0.046,-0.083,5
-0.29,0.101,-0.217,5
-0.183,0.078,-0.337,5
0.015,0.096,-0.334,5
0.19,0.095,-0.374,5
0.322,0.06,-0.414,5
0.436,0.049,-0.372,5
0.47,0.044,-0.357,5
0.557,-0.002,-0.355,5
0.596,-0.011,-0.371,5
0.601,-0.022,-0.321,5
0.622,-0.024,-0.354,5
0.56,-0.043,-0.323,5
0.504,-0.074,-0.277,5
0.398,-0.07,-0.181,4
0.332,-0.106,-0.171,5
0.281,-0.117,-0.111,5
0.245,-0.166,-0.044,5
0.293,-0.158,-0.074,5
0.242,-0.211,-0.032,5
0.175,-0.229,-0.033,5
0.123,-0.206,0.004,5
0.042,-0.172,0.055,5
0.063,-0.155,-0.001,5
0.022,-0.139,-0.031,5
0.012,-0.099,-0.08,5
0.036,-0.072,-0.106,5
0.071,-0.048,-0.1,5
0.107,0.0,-0.107,5
0.135,0.072,-0.157,5
0.212,0.078,-0.145,5
0.23,0.109,-0.126,5
0.177,0.115,-0.058,5
0.215,0.112,0.016,5
0.176,0.105,0.04,4
0.163,0.155,0.045,5
0.125,0.221,0.062,5
0.121,0.208,0.064,5
0.122,0.217,0.088,5
0.062,0.191,0.088,5
-0.034,0.159,0.118,5
0.033,0.109,0.179,5
0.034,0.136,0.2,5
0.074,0.136,0.219,5
0.088,0.122,0.201,5
0.127,0.174,0.146,5
0.157,0.191,0.067,5
0.184,0.224,-0.025,5
0.235,0.245,-0.078,5
0.237,0.259,-0.126,5
0.239,0.289,-0.148,5
0.237,0.325,-0.151,5
0.217,0.292,-0.174,5
0.144,0.302,-0.109,4
0.134,0.293,-0.077,5
0.103,0.242,-0.03,5
0.084,0.183,0.062,5
0.089,0.169,0.138,5
0.058,0.135,0.197,5
-0.016,0.104,0.182,5
-0.079,0.137,0.211,5
-0.066,0.115,0.168,5
-0.081,0.09,0.074,5
-0.052,0.094,0.101,5
-0.016,0.05,-0.012,5
-0.027,0.118,-0.118,5
-0.029,0.128,0.0,5
0.029,0.128,0.039,5
0.035,0.137,0.07,5
-0.011,0.123,0.08,5
0.041,0.111,0.042,5
0.054,0.104,0.05,5
0.027,0.085,0.041,5
0.024,0.111,-0.001,5
-0.055,0.147,0.015,4
-0.054,0.128,0.005,5
-0.027,0.18,0.026,5
-0.007,0.192,-0.01,5
0.075,0.211,-0.035,5
0.089,0.268,-0.01,5
0.097,0.319,-0.108,5
0.023,0.433,-0.162,5
0.033,0.545,0.065,5
0.03,0.62,0.106,5
-0.08,0.713,0.134,5
-0.214,0.814,0.103,5
-0.33,0.926,0.084,5
-0.56,0.954,0.037,5
-0.728,0.936,0.025,5
-0.918,0.894,-0.024,5
-1.15,0.861,-0.026,5
-1.315,0.779,0.057,5
-1.437,0.688,0.129,5
-1.505,0.529,0.215,4
-1.471,0.45,0.383,5
-1.289,0.34,0.453,5
-1.147,0.203,0.343,5
-0.955,0.088,0.278,5
-0.777,0.01,0.225,5
-0.549,-0.072,0.219,5
-0.274,-0.125,0.219,5
-0.035,-0.125,0.098,5
0.183,-0.117,-0.075,5
0.371,-0.075,-0.24,5
0.459,-0.05,-0.401,5
0.572,-0.032,-0.512,5
0.606,0.009,-0.624,5
0.545,0.034,-0.76,5
0.491,0.043,-0.779,5
0.368,0.039,-0.757,5
0.236,0.0,-0.655,5
0.079,-0.042,-0.499,5
0.002,-0.154,-0.385,5
-0.075,-0.255,-0.264,4
-0.149,-0.303,-0.083,5
-0.151,-0.402,0.084,5
-0.136,-0.478,0.222,5
-0.101,-0.516,0.385,5
-0.043,-0.525,0.454,5
0.003,-0.55,0.435,5
0.093,-0.555,0.443,5
0.161,-0.521,0.506,5
0.18,-0.49,0.486,5
0.188,-0.506,0.411,5
0.302,-0.486,0.344,5
0.388,-0.471,0.297,5
0.388,-0.515,0.271,5
0.388,-0.511,0.231,5
0.461,-0.563,0.191,5
0.609,-0.726,0.06,5
0.759,-1.054,-0.156,5
1.037,-1.294,-0.473,5
1.295,-1.47,-0.822,5
1.321,-1.465,-1.046,4
1.279,-1.302,-0.889,5
1.155,-1.102,-0.486,5
0.971,-0.884,0.096,5
0.688,-0.723,0.716,5
0.361,-0.689,1.312,5
-0.002,-0.676,1.845,5
-0.243,-0.69,2.302,5
-0.305,-0.768,2.46,5
-0.253,-0.825,2.27,5
-0.102,-0.846,1.879,5
0.079,-0.808,1.342,5
0.287,-0.684,0.704,5
0.504,-0.577,0.202,5
0.733,-0.407,-0.239,5
0.85,-0.134,-0.59,5
0.782,0.18,-0.906,5
0.695,0.442,-1.203,5
0.557,0.652,-1.238,5
0.315,0.721,-1.05,5
0.038,0.778,-0.751,4
-0.245,0.782,-0.495,5
-0.324,0.561,-0.363,5
-0.399,0.35,-0.103,5
-0.441,0.13,0.2,5
-0.436,-0.055,0.391,5
-0.388,-0.226,0.692,5
-0.336,-0.419,0.881,5
-0.298,-0.562,0.953,5
-0.264,-0.708,1.038,5
-0.212,-0.81,1.081,5
-0.143,-0.884,1.042,5
-0.12,-0.964,0.972,5
-0.112,-0.906,0.858,5
-0.11,-0.897,0.755,5
-0.185,-0.838,0.632,5
-0.295,-0.784,0.564,5
-0.387,-0.731,0.469,5
-0.516,-0.637,0.422,5
-0.611,-0.517,0.431,4
-0.683,-0.409,0.384,5
-0.692,-0.321,0.345,5
-0.619,-0.246,0.255,5
-0.587,-0.143,0.264,5
-0.546,-0.103,0.237,5
-0.456,-0.05,0.244,5
-0.303,-0.01,0.237,5
-0.169,0.007,0.204,5
0.002,0.045,0.184,5
0.221,0.036,0.049,5
0.428,0.058,-0.093,5
0.579,0.083,-0.196,5
0.676,0.087,-0.327,5
0.763,0.109,-0.441,5
0.778,0.171,-0.53,5
0.743,0.214,-0.649,5
0.707,0.257,-0.696,5
0.68,0.283,-0.713,5
0.693,0.259,-0.749,5
0.71,0.242,-0.743,4
0.695,0.222,-0.764,5
0.72,0.165,-0.847,5
0.717,0.131,-0.788,5
0.65,0.067,-0.778,5
0.624,0.09,-0.722,5
0.531,0.085,-0.757,5
0.512,0.081,-0.768,5
0.448,0.081,-0.717,5
0.36,0.095,-0.71,5
0.272,0.103,-0.699,5
0.211,0.114,-0.655,5
0.099,0.137,-0.619,5
0.08,0.119,-0.489,5
0.085,0.12,-0.418,5
0.068,0.129,-0.393,5
0.07,0.168,-0.341,5
0.015,0.194,-0.281,5
0.061,0.231,-0.283,5
0.034,0.251,-0.272,4
-0.008,0.312,-0.296,5
-0.003,0.393,-0.37,5
-0.058,0.483,-0.454,5
-0.121,0.577,-0.464,5
-0.101,0.644,-0.539,5
-0.099,0.678,-0.536,5
-0.076,0.692,-0.59,5
-0.06,0.696,-0.622,5
-0.084,0.726,-0.564,5
-0.145,0.744,-0.546,5
-0.169,0.708,-0.496,5
-0.186,0.685,-0.468,5
-0.176,0.642,-0.434,5
-0.172,0.66,-0.494,5
-0.141,0.611,-0.505,5
-0.188,0.571,-0.407,5
-0.22,0.527,-0.414,5
-0.241,0.487,-0.394,5
-0.291,0.503,-0.277,5
-0.253,0.5,-0.279,4
-0.262,0.463,-0.26,5
-0.21,0.412,-0.273,5
-0.176,0.388,-0.306,5
-0.068,0.349,-0.327,5
-0.001,0.323,-0.359,5
0.02,0.308,-0.323,5
0.061,0.299,-0.312,5
0.068,0.316,-0.294,5
0.061,0.328,-0.234,5
0.068,0.308,-0.228,5
0.052,0.311,-0.218,5
0.034,0.297,-0.222,5
-0.042,0.276,-0.182,5
-0.085,0.326,-0.151,5
-0.115,0.315,-0.106,5
-0.151,0.305,-0.065,5
-0.218,0.305,-0.024,5
-0.23,0.304,0.033,5
-0.229,0.274,0.039,5
-0.193,0.251,0.112,4
-0.156,0.221,0.192,5
-0.11,0.216,0.194,5
-0.035,0.199,0.252,5
-0.005,0.175,0.322,5
0.046,0.17,0.332,5
0.097,0.123,0.278,5
0.144,0.149,0.215,5
0.164,0.152,0.172,5
0.177,0.179,0.052,5
0.19,0.187,-0.048,5
0.171,0.233,-0.142,5
0.154,0.253,-0.141,5
0.069,0.21,-0.122,5
0.049,0.185,-0.11,5
0.001,0.158,-0.112,5
-0.032,0.155,-0.066,5
-0.124,0.144,-0.008,5
-0.124,0.086,0.04,5
-0.155,0.065,0.104,5
-0.157,0.032,0.116,4
-0.175,-0.03,0.143,5
-0.175,-0.088,0.133,5
-0.231,-0.066,0.111,5
-0.225,-0.081,0.147,5
-0.168,-0.094,0.15,5
-0.207,-0.085,0.126,5
-0.182,-0.042,0.07,5
-0.181,-0.055,0.111,5
-0.167,-0.041,0.095,5
-0.202,0.014,0.124,5
-0.203,-0.021,0.142,5
-0.153,-0.023,0.08,5
-0.125,-0.021,0.077,5
-0.142,-0.01,0.082,5
-0.132,-0.022,0.069,5
-0.175,-0.041,0.105,5
-0.179,-0.02,0.121,5
-0.152,-0.022,0.113,5
-0.107,-0.015,0.067,5
-0.07,-0.001,0.052,4
-0.072,-0.001,0.042,5
-0.052,-0.018,0.042,5
-0.038,-0.059,0.098,5
0.0,-0.07,0.153,5
-0.034,-0.093,0.228,5
-0.031,-0.157,0.339,5
-0.084,-0.167,0.4,5
-0.131,-0.202,0.42,5
-0.127,-0.225,0.486,5
-0.071,-0.284,0.459,5
-0.064,-0.29,0.46,5
-0.049,-0.27,0.354,5
-0.022,-0.213,0.267,5
0.027,-0.174,0.197,5
0.088,-0.221,0.056,5
0.205,-0.195,-0.013,5
0.296,-0.154,-0.102,5
0.275,-0.112,-0.057,5
0.286,-0.093,-0.008,4
0.361,-0.079,0.03,5
0.316,-0.097,0.122,5
0.233,-0.117,0.209,5
0.128,-0.131,0.373,5
0.093,-0.153,0.508,5
0.002,-0.137,0.673,5
-0.083,-0.18,0.761,5
-0.161,-0.192,0.758,5
-0.154,-0.259,0.828,5
-0.138,-0.375,0.806,5
-0.06,-0.484,0.665,5
0.204,-0.608,0.331,5
0.515,-0.702,-0.067,5
0.692,-0.705,-0.552,5
0.744,-0.574,-0.958,5
0.704,-0.327,-1.095,5
0.521,-0.165,-0.895,5
0.279,-0.015,-0.417,5
0.001,0.007,0.111,5
-0.239,-0.096,0.505,4
-0.564,-0.229,0.958,5
-0.93,-0.426,1.655,5
-1.294,-0.715,2.352,5
-1.539,-1.001,2.862,5
-1.808,-1.246,3.093,5
-2.153,-1.401,3.335,5
-2.519,-1.412,3.441,5
-2.724,-1.305,3.338,5
-2.775,-1.123,3.022,5
-2.566,-0.92,2.526,5
-2.197,-0.729,1.924,5
-1.616,-0.621,1.322,5
-0.954,-0.525,0.53,5
-0.238,-0.364,-0.254,5
0.5,-0.061,-1.005,5
1.286,0.332,-1.701,5
1.907,0.605,-2.139,5
2.324,0.82,-2.408,5
2.605,1.083,-2.486,5
2.654,1.246,-2.237,4
2.695,1.173,-2.19,5
2.593,1.095,-2.208,5
2.17,1.076,-1.879,5
1.703,1.067,-1.351,5
1.27,0.995,-0.811,5
0.695,0.835,-0.531,5
0.293,0.665,-0.336,5
-0.028,0.452,-0.074,5
-0.189,0.278,0.178,5
-0.334,0.168,0.156,5
-0.559,0.134,0.115,5
-0.469,0.103,0.043,5
-0.219,0.106,-0.159,5
-0.098,0.16,-0.367,5
0.079,0.148,-0.503,5
0.282,0.146,-0.5,5
0.375,0.101,-0.497,5
0.44,0.026,-0.534,5
0.448,-0.018,-0.54,5
0.343,-0.055,-0.43,4
0.214,-0.114,-0.31,5
0.076,-0.163,-0.197,5
-0.133,-0.186,-0.125,5
-0.34,-0.296,-0.074,5
-0.53,-0.4,0.032,5
-0.744,-0.476,0.158,5
-0.898,-0.532,0.293,5
-1.101,-0.6,0.397,5
-1.245,-0.617,0.508,5
-1.349,-0.633,0.643,5
-1.46,-0.6,0.746,5
-1.538,-0.57,0.784,5
-1.53,-0.539,0.783,5
-1.477,-0.498,0.709,5
-1.221,-0.444,0.534,5
-1.0,-0.416,0.442,5
-0.904,-0.237,0.338,5
-0.667,-0.097,0.097,5
-0.445,-0.065,-0.076,5
-0.241,-0.003,-0.327,4
-0.01,0.048,-0.501,5
0.214,0.125,-0.627,5
0.378,0.173,-0.784,5
0.487,0.22,-0.852,5
0.559,0.228,-0.888,5
0.528,0.21,-0.808,5
0.51,0.215,-0.753,5
0.498,0.159,-0.643,5
0.448,0.138,-0.561,5
0.455,0.086,-0.44,5
0.422,0.068,-0.332,5
0.432,0.01,-0.324,5
0.453,-0.038,-0.292,5
0.498,-0.029,-0.241,5
0.431,-0.039,-0.299,5
0.306,-0.022,-0.26,5
0.34,-0.037,-0.165,5
0.336,-0.025,-0.205,5
0.341,-0.022,-0.365,4
0.303,0.043,-0.389,5
0.229,0.082,-0.303,5
0.249,0.039,-0.259,5
0.199,0.044,-0.294,5
0.209,0.005,-0.325,5
0.227,0.009,-0.365,5
0.2,0.051,-0.32,5
0.15,0.016,-0.288,5
0.109,0.049,-0.324,5
0.085,0.07,-0.343,5
0.007,0.097,-0.21,5
-0.066,0.066,-0.128,5
-0.15,0.038,-0.081,5
-0.208,0.016,-0.03,5
-0.273,-0.001,0.02,5
-0.306,-0.018,0.069,5
-0.293,-0.008,0.101,5
-0.25,-0.033,0.1,5
-0.264,-0.012,0.098,5
-0.272,-0.02,0.041,4
-0.262,-0.005,0.007,5
-0.24,0.059,-0.079,5
-0.229,0.118,-0.166,5
-0.241,0.141,-0.218,5
-0.225,0.213,-0.274,5
-0.159,0.23,-0.268,5
-0.105,0.293,-0.323,5
-0.055,0.298,-0.338,5
-0.011,0.264,-0.3,5
-0.001,0.264,-0.244,5
0.054,0.246,-0.181,5
0.079,0.204,-0.072,5
0.105,0.166,0.0,5
0.026,0.154,0.033,5
0.045,0.1,0.146,5
0.014,0.038,0.282,5
-0.021,0.051,0.319,5
-0.049,-0.035,0.386,5
-0.057,-0.079,0.442,5
-0.081,-0.135,0.493,4
-0.138,-0.143,0.474,5
-0.158,-0.142,0.43,5
-0.229,-0.097,0.379,5
-0.249,-0.101,0.388,5
-0.185,-0.09,0.367,5
-0.167,-0.038,0.304,5
-0.154,0.012,0.265,5
-0.104,-0.023,0.23,5
-0.051,0.03,0.194,5
-0.063,0.126,0.187,5
-0.009,0.118,0.203,5
0.038,0.102,0.187,5
0.078,0.122,0.177,5
0.014,0.144,0.258,5
-0.017,0.168,0.284,5
0.044,0.126,0.312,5
0.04,0.091,0.341,5
-0.028,0.061,0.302,5
-0.077,0.085,0.255,5
-0.06,0.119,0.32,4
-0.132,0.107,0.327,5
-0.157,0.109,0.264,5
-0.159,0.12,0.259,5
-0.109,0.155,0.142,5
-0.05,0.174,0.016,5
-0.032,0.243,-0.049,5
-0.025,0.27,-0.044,5
0.029,0.282,-0.092,5
0.069,0.314,-0.134,5
0.083,0.321,-0.155,5
0.157,0.337,-0.157,5
0.227,0.35,-0.137,5
0.239,0.341,-0.179,5
0.267,0.346,-0.183,5
0.266,0.359,-0.225,5
0.252,0.396,-0.202,5
0.274,0.382,-0.203,5
0.268,0.404,-0.209,5
0.276,0.381,-0.235,4
0.21,0.377,-0.246,5
0.197,0.378,-0.204,5
0.152,0.384,-0.214,5
0.106,0.388,-0.21,5
0.104,0.384,-0.15,5
0.089,0.358,-0.169,5
0.059,0.353,-0.118,5
0.062,0.33,-0.089,5
0.038,0.297,-0.08,5
0.0,0.242,0.035,5
0.008,0.179,0.083,5
0.046,0.135,0.144,5
0.024,0.07,0.164,5
0.061,0.063,0.147,5
0.076,0.052,0.15,5
0.094,0.064,0.096,5
0.128,0.057,0.06,5
0.128,0.026,-0.031,5
0.115,0.062,-0.019,5
0.134,0.069,-0.03,4
0.103,0.075,-0.04,5
0.084,0.089,-0.019,5
0.119,0.067,-0.021,5
0.115,0.056,-0.019,5
0.138,0.02,-0.013,5
0.18,-0.08,0.035,5
0.253,-0.141,0.092,5
0.228,-0.17,0.156,5
0.17,-0.209,0.166,5
0.153,-0.24,0.214,5
0.129,-0.285,0.24,5
0.095,-0.299,0.311,5
0.068,-0.291,0.306,5
0.052,-0.279,0.262,5
0.017,-0.281,0.24,5
-0.048,-0.322,0.229,5
-0.095,-0.277,0.301,5
-0.129,-0.284,0.365,5
-0.159,-0.311,0.406,5
-0.117,-0.383,0.534,4
-0.067,-0.492,0.567,5
-0.008,-0.623,0.536,5
0.151,-0.781,0.417,5
0.356,-0.948,0.255,5
0.505,-1.047,0.066,5
0.679,-1.128,-0.16,5
0.783,-1.024,-0.325,5
0.8,-0.947,-0.266,5
0.75,-0.775,0.009,5
0.619,-0.702,0.306,5
0.458,-0.67,0.654,5
0.261,-0.694,1.072,5
0.054,-0.797,1.378,5
-0.101,-0.906,1.641,5
-0.246,-1.023,1.839,5
-0.398,-1.058,1.875,5
-0.458,-1.107,1.795,5
-0.45,-1.113,1.607,5
-0.371,-1.114,1.476,5
-0.136,-1.058,1.41,4
0.222,-0.918,1.123,5
0.553,-0.744,0.67,5
0.812,-0.558,0.064,5
0.916,-0.317,-0.588,5
0.945,-0.048,-1.072,5
0.816,0.219,-1.426,5
0.661,0.486,-1.533,5
0.457,0.665,-1.595,5
0.23,0.754,-1.608,5
-0.003,0.791,-1.546,5
-0.123,0.793,-1.413,5
-0.279,0.671,-1.233,5
-0.385,0.617,-0.959,5
-0.445,0.486,-0.703,5
-0.474,0.39,-0.413,5
-0.457,0.304,-0.182,5
-0.467,0.208,0.042,5
-0.39,0.106,0.111,5
-0.321,0.069,0.199,5
-0.31,0.11,0.097,4
-0.266,0.159,0.049,5
-0.231,0.225,-0.024,5
-0.169,0.276,-0.194,5
-0.092,0.321,-0.42,5
-0.065,0.401,-0.624,5
-0.037,0.417,-0.833,5
-0.003,0.423,-1.013,5
-0.007,0.458,-1.114,5
-0.045,0.468,-1.14,5
-0.015,0.426,-1.13,5
0.02,0.348,-1.081,5
0.057,0.262,-1.016,5
0.09,0.171,-0.906,5
0.046,0.081,-0.815,5
0.025,0.034,-0.665,5
-0.033,-0.051,-0.473,5
-0.068,-0.136,-0.327,5
-0.023,-0.226,-0.178,5
-0.064,-0.285,-0.087,5
-0.096,-0.356,-0.056,4
-0.108,-0.398,0.009,5
-0.14,-0.435,0.008,5
-0.186,-0.387,0.024,5
-0.215,-0.375,0.013,5
-0.254,-0.303,-0.035,5
-0.28,-0.259,-0.113,5
-0.287,-0.203,-0.136,5
-0.34,-0.088,-0.23,5
-0.37,-0.032,-0.224,5
-0.372,0.005,-0.288,5
-0.305,0.026,-0.302,5
-0.283,0.023,-0.311,5
-0.203,0.086,-0.297,5
-0.195,0.137,-0.289,5
-0.141,0.098,-0.251,5
-0.118,0.075,-0.204,5
-0.18,0.141,-0.193,5
-0.192,0.127,-0.135,5
-0.173,0.131,-0.095,4
-0.168,0.161,-0.099,5
-0.164,0.145,-0.076,5
-0.161,0.182,-0.103,5
-0.14,0.198,-0.148,5
-0.161,0.209,-0.12,5
-0.102,0.222,-0.061,5
-0.122,0.196,-0.081,5
-0.17,0.176,-0.06,5
-0.148,0.197,-0.071,5
-0.138,0.212,-0.038,5
-0.111,0.191,-0.03,5
-0.087,0.146,-0.018,5
-0.035,0.148,0.06,5
-0.01,0.112,0.076,5
0.0,0.049,0.124,5
0.076,0.018,0.069,5
0.103,0.029,0.07,5
0.101,0.048,0.111,5
0.044,0.06,0.104,5
0.087,0.076,0.124,4
0.147,0.128,0.029,5
0.106,0.111,0.039,5
0.139,0.1,0.053,5
0.138,0.129,0.082,5
0.107,0.159,0.138,5
0.049,0.16,0.228,5
0.065,0.144,0.27,5
0.041,0.13,0.333,5
0.08,0.099,0.304,5
0.124,0.12,0.394,5
0.107,0.095,0.424,5
0.122,0.128,0.381,5
0.14,0.133,0.403,5
0.139,0.149,0.419,5
0.181,0.16,0.368,5
0.236,0.2,0.276,5
0.269,0.253,0.213,5
0.319,0.263,0.11,5
0.313,0.271,0.043,5
0.39,0.3,-0.068,4
0.445,0.326,-0.117,5
0.435,0.31,-0.222,5
0.482,0.314,-0.316,5
0.447,0.274,-0.362,5
0.437,0.246,-0.42,5
0.44,0.265,-0.426,5
0.34,0.251,-0.349,5
0.259,0.247,-0.279,5
0.237,0.257,-0.238,5
0.196,0.231,-0.197,5
0.159,0.256,-0.199,5
0.178,0.273,-0.196,5
0.173,0.22,-0.172,5
0.181,0.228,-0.177,5
0.159,0.218,-0.09,5
0.083,0.201,-0.046,5
0.01,0.189,0.074,5
-0.021,0.144,0.127,5
-0.083,0.125,0.157,5
-0.182,0.091,0.245,4
-0.151,0.108,0.28,5
-0.11,0.084,0.295,5
-0.091,0.037,0.262,5
-0.094,0.085,0.192,5
-0.106,0.098,0.169,5
-0.109,0.101,0.165,5
-0.106,0.099,0.135,5
-0.16,0.098,0.096,5
-0.23,0.118,0.056,5
-0.216,0.119,0.025,5
-0.194,0.095,0.035,5
-0.222,0.102,0.105,5
-0.217,0.057,0.107,5
-0.191,0.022,0.148,5
-0.237,0.037,0.202,5
-0.265,-0.022,0.264,5
-0.225,-0.041,0.332,5
-0.224,-0.046,0.364,5
-0.236,-0.067,0.297,5
-0.221,-0.056,0.241,4
-0.186,-0.016,0.204,5
-0.116,-0.031,0.253,5
-0.121,-0.093,0.219,5
-0.049,-0.062,0.175,5
0.028,-0.008,0.128,5
0.004,0.009,0.085,5
0.016,0.012,0.003,5
0.023,0.032,-0.053,5
0.043,0.02,-0.146,5
0.038,0.027,-0.188,5
-0.012,0.042,-0.182,5
-0.067,0.076,-0.12,5
-0.082,0.064,-0.074,5
-0.065,0.036,-0.075,5
-0.097,0.02,-0.098,5
-0.079,-0.025,-0.109,5
-0.006,-0.005,-0.116,5
0.054,0.0,-0.083,5
0.096,-0.06,0.007,5
0.151,-0.106,0.066,4
0.183,-0.138,0.038,5
0.26,-0.211,0.077,5
0.337,-0.233,0.13,5
0.355,-0.261,0.156,5
0.35,-0.282,0.218,5
0.345,-0.319,0.278,5
0.302,-0.338,0.362,5
0.28,-0.399,0.468,5
0.209,-0.463,0.611,5
0.106,-0.55,0.817,5
-0.024,-0.667,1.032,5
-0.177,-0.782,1.386,5
-0.388,-0.953,1.631,5
-0.573,-1.108,1.769,5
-0.649,-1.286,1.666,5
-0.657,-1.498,1.322,5
-0.557,-1.619,0.815,5
-0.32,-1.561,0.087,5
-0.133,-1.293,-0.541,4
-0.008,-0.939,-0.832,5
0.108,-0.578,-0.934,5
0.154,-0.231,-0.806,5
0.198,0.002,-0.609,5
0.179,0.101,-0.126,5
0.212,0.065,0.145,5
0.118,0.144,0.897,5
-0.199,0.117,1.626,5
-0.485,-0.036,1.683,5
-0.346,-0.334,1.705,5
-0.329,-0.568,1.461,5
-0.653,-0.632,1.358,5
-0.967,-0.616,1.825,5
-0.931,-0.468,1.858,5
-1.014,-0.335,1.521,5
-0.865,-0.189,1.089,5
-0.71,-0.037,0.48,5
-0.691,0.199,0.109,5
-0.617,0.399,-0.168,5
-0.486,0.566,-0.216,4
-0.382,0.703,-0.22,5
-0.18,0.753,-0.336,5
-0.024,0.794,-0.531,5
0.107,0.81,-0.568,5
0.26,0.815,-0.671,5
0.393,0.789,-0.703,5
0.41,0.796,-0.706,5
0.571,0.734,-0.726,5
0.738,0.665,-0.812,5
0.815,0.637,-0.865,5
0.859,0.603,-0.873,5
0.941,0.53,-0.898,5
1.015,0.46,-0.804,5
0.999,0.41,-0.749,5
0.869,0.394,-0.704,5
0.851,0.338,-0.707,5
0.71,0.269,-0.675,5
0.518,0.238,-0.586,5
0.294,0.231,-0.583,5
0.079,0.234,-0.551,4
-0.117,0.228,-0.5,5
-0.265,0.183,-0.441,5
-0.35,0.1,-0.397,5
-0.367,0.069,-0.444,5
-0.395,0.019,-0.438,5
-0.373,-0.025,-0.411,5
-0.353,-0.105,-0.4,5
-0.274,-0.111,-0.403,5
-0.165,-0.126,-0.428,5
-0.075,-0.208,-0.501,5
-0.033,-0.248,-0.468,5
0.025,-0.253,-0.516,5
0.062,-0.236,-0.512,5
0.017,-0.238,-0.426,5
-0.014,-0.279,-0.302,5
-0.026,-0.32,-0.164,5
-0.088,-0.361,-0.117,5
-0.157,-0.381,-0.084,5
-0.244,-0.382,-0.11,4
-0.319,-0.361,-0.138,5
-0.334,-0.316,-0.154,5
-0.378,-0.259,-0.229,5
-0.388,-0.207,-0.284,5
-0.397,-0.169,-0.359,5
-0.387,-0.13,-0.344,5
-0.353,-0.122,-0.288,5
-0.304,-0.135,-0.255,5
-0.261,-0.139,-0.238,5
-0.2,-0.203,-0.206,5
-0.249,-0.247,-0.107,5
-0.237,-0.209,-0.062,5
-0.213,-0.257,-0.009,5
-0.231,-0.296,0.043,5
-0.251,-0.279,0.073,5
-0.286,-0.256,-0.045,5
-0.331,-0.196,-0.14,5
-0.362,-0.133,-0.195,5
-0.343,-0.059,-0.261,5
-0.304,-0.002,-0.352,4
-0.274,0.032,-0.42,5
-0.19,0.111,-0.481,5
-0.107,0.13,-0.476,5
-0.04,0.13,-0.489,5
0.079,0.138,-0.483,5
0.153,0.133,-0.387,5
0.177,0.124,-0.344,5
0.232,0.107,-0.301,5
0.226,0.131,-0.211,5
0.268,0.109,-0.125,5
0.246,0.111,-0.048,5
0.225,0.109,0.038,5
0.19,0.106,0.047,5
0.132,0.104,0.098,5
0.11,0.072,0.11,5
0.004,0.009,0.095,5
-0.017,0.025,0.128,5
-0.084,0.036,0.12,5
-0.114,0.006,0.099,5
-0.142,-0.019,0.093,4
-0.149,0.0,0.097,5
-0.125,-0.022,0.087,5
-0.061,-0.041,0.074,5
-0.025,-0.058,0.144,5
-0.005,-0.053,0.117,5
0.076,-0.013,0.075,5
0.103,0.022,0.063,5
0.093,0.067,0.035,5
0.161,0.104,-0.062,5
0.192,0.141,-0.151,5
0.139,0.2,-0.226,5
0.12,0.283,-0.272,5
0.113,0.285,-0.323,5
0.127,0.317,-0.368,5
0.162,0.358,-0.387,5
0.223,0.37,-0.396,5
0.201,0.372,-0.386,5
0.245,0.304,-0.287,5
0.216,0.231,-0.185,4
0.229,0.177,0.005,5
0.202,0.095,0.133,5
0.169,0.068,0.241,5
0.148,0.027,0.316,5
0.077,-0.001,0.379,5
-0.021,-0.009,0.375,5
-0.044,-0.004,0.372,5
-0.044,0.013,0.37,5
-0.147,0.037,0.298,5
-0.171,0.068,0.148,5
-0.223,0.121,0.081,5
-0.248,0.165,-0.034,5
-0.245,0.243,-0.112,5
-0.238,0.288,-0.153,5
-0.231,0.32,-0.181,5
-0.204,0.322,-0.162,5
-0.175,0.285,-0.103,5
-0.123,0.24,0.049,5
-0.076,0.19,0.164,5
-0.072,0.136,0.187,4
-0.031,0.118,0.258,5
-0.015,0.106,0.314,5
0.007,0.07,0.373,5
0.015,0.024,0.439,5
0.04,-0.033,0.404,5
-0.002,-0.047,0.394,5
-0.024,-0.012,0.372,5
-0.073,0.035,0.39,5
-0.139,0.023,0.373,5
-0.146,0.034,0.348,5
-0.188,0.078,0.275,5
-0.208,0.087,0.157,5
-0.23,0.121,0.089,5
-0.246,0.139,0.046,5
-0.204,0.19,0.007,5
-0.153,0.18,-0.01,5
-0.108,0.196,-0.082,5
-0.015,0.138,-0.143,5
0.08,0.137,-0.142,5
0.09,0.14,-0.132,4
0.076,0.1,-0.101,5
0.069,0.146,-0.052,5
0.062,0.114,0.017,5
0.086,0.107,-0.023,5
0.081,0.122,-0.033,5
0.077,0.149,-0.06,5
0.039,0.125,-0.093,5
0.04,0.177,-0.066,5
0.079,0.185,-0.064,5
0.105,0.154,-0.088,5
0.134,0.134,-0.092,5
0.146,0.112,-0.096,5
0.153,0.062,-0.082,5
0.133,0.069,-0.065,5
0.202,0.045,-0.084,5
0.225,0.031,-0.067,5
0.258,-0.001,-0.06,5
0.267,-0.04,0.014,5
0.27,-0.087,0.073,5
0.17,-0.126,0.117,4
0.036,-0.139,0.174,5
-0.044,-0.129,0.247,5
-0.13,-0.129,0.274,5
-0.207,-0.108,0.329,5
-0.251,-0.097,0.347,5
-0.23,-0.053,0.351,5
-0.207,-0.052,0.286,5
-0.178,-0.029,0.335,5
-0.082,-0.018,0.426,5
0.007,-0.012,0.444,5
0.097,-0.019,0.512,5
0.156,-0.086,0.633,5
0.209,-0.133,0.72,5
0.231,-0.258,0.868,5
0.234,-0.383,0.988,5
0.232,-0.465,1.01,5
0.269,-0.621,0.969,5
0.324,-0.753,0.889,5
0.451,-0.902,0.706,5
0.522,-0.997,0.428,4
0.608,-1.0,0.127,5
0.672,-0.9,-0.126,5
0.652,-0.694,-0.2,5
0.608,-0.487,-0.171,5
0.47,-0.33,0.056,5
0.432,-0.237,0.339,5
0.272,-0.243,0.469,5
0.055,-0.275,0.62,5
-0.126,-0.316,0.881,5
-0.247,-0.384,1.125,5
-0.317,-0.384,1.241,5
-0.277,-0.41,1.225,5
-0.111,-0.447,1.055,5
0.209,-0.553,0.708,5
0.602,-0.51,0.318,5
0.917,-0.446,-0.109,5
1.118,-0.324,-0.434,5
1.157,-0.149,-0.589,5
1.179,-0.066,-0.97,5
1.152,-0.029,-1.179,4
0.942,0.025,-1.143,5
0.679,0.07,-0.998,5
0.491,0.084,-0.756,5
0.23,0.106,-0.581,5
0.052,0.026,-0.506,5
-0.03,-0.13,-0.425,5
-0.134,-0.273,-0.271,5
-0.263,-0.357,-0.17,5
-0.366,-0.468,-0.071,5
-0.476,-0.499,-0.081,5
-0.614,-0.531,-0.082,5
-0.759,-0.581,-0.043,5
-0.765,-0.596,0.016,5
-0.826,-0.627,-0.023,5
-0.821,-0.573,-0.133,5
-0.761,-0.533,-0.206,5
-0.624,-0.501,-0.241,5
-0.501,-0.434,-0.282,5
-0.356,-0.338,-0.353,4
-0.204,-0.287,-0.343,5
-0.046,-0.215,-0.361,5
0.109,-0.151,-0.424,5
0.218,-0.062,-0.48,5
0.39,-0.009,-0.501,5
0.481,0.026,-0.554,5
0.553,0.088,-0.525,5
0.537,0.191,-0.61,5
0.517,0.271,-0.614,5
0.466,0.339,-0.595,5
0.397,0.387,-0.562,5
0.323,0.404,-0.514,5
0.235,0.415,-0.476,5
0.112,0.399,-0.372,5
0.053,0.381,-0.266,5
0.022,0.334,-0.209,5
-0.001,0.292,-0.158,5
0.011,0.289,-0.142,5
0.053,0.299,-0.21,5
0.095,0.277,-0.27,4
0.116,0.301,-0.364,5
0.147,0.331,-0.435,5
0.137,0.35,-0.543,5
0.136,0.431,-0.596,5
0.105,0.435,-0.584,5
0.077,0.452,-0.637,5
-0.003,0.485,-0.638,5
-0.045,0.47,-0.544,5
-0.088,0.423,-0.516,5
-0.097,0.394,-0.46,5
-0.203,0.372,-0.375,5
-0.23,0.322,-0.29,5
-0.289,0.307,-0.183,5
-0.389,0.328,-0.087,5
-0.441,0.316,0.028,5
-0.53,0.302,0.133,5
-0.576,0.285,0.197,5
-0.661,0.321,0.264,5
-0.664,0.332,0.293,5
-0.671,0.311,0.346,5
-0.642,0.302,0.428,4
-0.604,0.323,0.411,5
-0.63,0.347,0.365,5
-0.567,0.372,0.333,5
-0.497,0.352,0.304,5
-0.46,0.373,0.295,5
-0.371,0.375,0.235,5
-0.321,0.393,0.238,5
-0.272,0.414,0.257,5
-0.262,0.394,0.218,5
-0.197,0.398,0.119,5
-0.168,0.388,0.059,5
-0.156,0.367,-0.01,5
-0.17,0.317,-0.044,5
-0.196,0.328,-0.156,5
-0.159,0.343,-0.192,5
-0.148,0.317,-0.246,5
-0.124,0.29,-0.29,5
-0.06,0.286,-0.295,5
-0.028,0.258,-0.296,4
-0.06,0.197,-0.327,5
-0.062,0.143,-0.367,5
-0.03,0.12,-0.343,5
0.019,0.035,-0.296,5
0.0,0.053,-0.34,5
-0.025,0.065,-0.37,5
-0.061,0.05,-0.355,5
-0.085,0.075,-0.388,5
-0.128,0.089,-0.444,5
-0.094,0.084,-0.451,5
-0.071,0.089,-0.385,5
-0.034,0.071,-0.355,5
-0.091,0.081,-0.315,5
-0.103,0.069,-0.253,5
-0.102,0.023,-0.176,5
-0.173,-0.009,-0.021,5
-0.233,-0.033,0.024,5
-0.253,-0.056,0.043,5
-0.236,-0.115,0.112,5
-0.23,-0.103,0.118,4
-0.28,-0.11,0.205,5
-0.351,-0.125,0.309,5
-0.368,-0.095,0.36,5
-0.357,-0.116,0.423,5
-0.312,-0.139,0.42,5
-0.277,-0.168,0.429,5
-0.21,-0.177,0.486,5
-0.099,-0.211,0.502,5
-0.024,-0.259,0.512,5
0.0,-0.241,0.465,5
0.059,-0.234,0.427,5
0.079,-0.215,0.423,5
0.071,-0.185,0.381,5
0.038,-0.171,0.338,5
0.06,-0.111,0.278,5
-0.001,-0.074,0.22,5
-0.048,-0.045,0.168,5
-0.095,-0.014,0.169,5
-0.189,-0.004,0.242,5
-0.2,0.0,0.261,5
-0.189,-0.012,0.304,4
-0.148,-0.007,0.312,5
-0.133,-0.032,0.264,5
-0.073,-0.037,0.181,5
-0.014,-0.029,0.193,5
0.047,-0.061,0.204,5
0.107,-0.072,0.158,5
0.152,-0.034,0.116,5
0.172,0.015,-0.024,5
0.163,0.061,-0.09,5
0.181,0.163,-0.107,5
0.232,0.181,-0.148,5
0.243,0.215,-0.211,5
0.193,0.249,-0.267,5
0.204,0.31,-0.249,5
0.192,0.322,-0.22,5
0.173,0.355,-0.228,5
0.155,0.375,-0.261,5
0.179,0.329,-0.257,5
0.234,0.326,-0.188,5
0.284,0.332,-0.186,4
0.307,0.29,-0.116,5
0.362,0.244,-0.009,5
0.361,0.246,0.051,5
0.325,0.247,0.085,5
0.357,0.2,0.119,5
0.416,0.185,0.163,5
0.465,0.201,0.082,5
0.414,0.185,0.001,5
0.377,0.175,0.001,5
0.3,0.17,-0.072,5
0.223,0.14,-0.112,5
0.213,0.174,-0.234,5
0.209,0.165,-0.267,5
0.188,0.174,-0.331,5
0.178,0.191,-0.306,5
0.19,0.15,-0.34,5
0.24,0.066,-0.323,5
0.207,0.012,-0.157,5
0.157,-0.053,-0.055,4
0.158,-0.129,0.04,5
0.078,-0.155,0.087,5
-0.041,-0.139,0.208,5
-0.162,-0.121,0.291,5
-0.228,-0.131,0.395,5
-0.278,-0.191,0.489,5
-0.341,-0.228,0.5,5
-0.324,-0.244,0.532,5
-0.313,-0.288,0.595,5
-0.286,-0.289,0.682,5
-0.262,-0.295,0.773,5
-0.274,-0.27,0.838,5
-0.307,-0.273,0.978,5
-0.337,-0.319,1.057,5
-0.329,-0.334,1.24,5
-0.248,-0.344,1.267,5
-0.129,-0.404,1.166,5
0.034,-0.523,0.998,5
0.315,-0.592,0.695,4
0.62,-0.687,0.337,5
0.838,-0.649,-0.04,5
1.03,-0.519,-0.463,5
1.034,-0.299,-0.649,5
0.94,0.01,-0.567,5
0.656,0.237,-0.191,5
0.302,0.386,0.275,5
-0.137,0.429,0.739,5
-0.692,0.378,1.272,5
-1.097,0.18,1.671,5
-1.41,-0.095,2.094,5
-1.691,-0.439,2.398,5
-2.095,-0.649,2.472,5
-2.286,-0.783,2.531,5
-2.661,-0.976,2.437,5
-2.433,-1.051,1.87,5
-2.38,-0.795,1.735,5
-2.318,-0.582,1.781,5
-1.931,-0.554,1.034,5
-1.493,-0.524,0.138,4
-1.046,-0.411,-0.491,5
-0.394,-0.284,-0.946,5
0.265,-0.087,-1.416,5
0.876,0.063,-1.826,5
1.452,0.143,-2.204,5
2.057,0.158,-2.544,5
2.605,0.117,-2.707,5
2.901,0.152,-2.876,5
3.029,0.18,-2.877,5
3.002,0.192,-2.719,5
2.809,0.108,-2.455,5
2.507,-0.009,-2.059,5
2.101,-0.155,-1.633,5
1.606,-0.338,-1.181,5
1.122,-0.472,-0.778,5
0.687,-0.636,-0.416,5
0.256,-0.736,-0.004,5
-0.169,-0.748,0.09,5
-0.458,-0.876,0.336,5
-0.667,-0.844,0.367,4
-0.859,-0.812,0.502,5
-0.949,-0.739,0.62,5
-0.941,-0.661,0.575,5
-0.894,-0.573,0.44,5
-0.839,-0.49,0.254,5
-0.746,-0.398,0.108,5
-0.603,-0.246,-0.036,5
-0.542,-0.101,-0.105,5
-0.428,0.012,-0.224,5
-0.329,0.127,-0.283,5
-0.205,0.17,-0.272,5
-0.077,0.175,-0.18,5
-0.069,0.11,-0.055,5
-0.045,0.043,0.075,5
-0.049,0.017,0.167,5
-0.109,0.002,0.193,5
-0.249,0.032,0.23,5
-0.37,-0.048,0.241,5
-0.51,-0.073,0.238,5
-0.679,-0.152,0.176,4
-0.667,-0.193,0.374,5
-0.716,-0.247,0.431,5
-0.679,-0.33,0.543,5
-0.65,-0.379,0.579,5
-0.559,-0.418,0.534,5
-0.456,-0.454,0.485,5
-0.38,-0.408,0.471,5
-0.299,-0.312,0.475,5
-0.153,-0.168,0.329,5
-0.09,-0.052,0.179,5
-0.016,0.064,0.071,5
0.161,0.148,-0.004,5
0.223,0.185,-0.03,5
0.239,0.205,-0.108,5
0.138,0.288,-0.154,5
0.016,0.337,-0.142,5
-0.032,0.368,-0.128,5
-0.089,0.344,-0.18,5
-0.059,0.396,-0.218,5
-0.048,0.416,-0.338,4
-0.005,0.439,-0.339,5
0.047,0.503,-0.451,5
0.119,0.53,-0.462,5
0.237,0.507,-0.416,5
0.394,0.418,-0.538,5
0.454,0.441,-0.566,5
0.473,0.435,-0.531,5
0.417,0.456,-0.607,5
0.336,0.471,-0.641,5
0.221,0.476,-0.685,5
0.138,0.501,-0.793,5
0.107,0.52,-0.856,5
0.019,0.502,-0.869,5
-0.029,0.456,-0.972,5
-0.13,0.488,-0.849,5
-0.186,0.435,-0.863,5
-0.21,0.379,-0.777,5
-0.254,0.367,-0.596,5
-0.198,0.295,-0.497,5
-0.153,0.249,-0.452,4
-0.176,0.237,-0.303,5
-0.115,0.252,-0.243,5
-0.082,0.196,-0.123,5
-0.057,0.159,-0.059,5
-0.176,0.182,-0.01,5
-0.279,0.164,0.115,5
-0.26,0.053,0.189,5
-0.458,-0.012,0.343,5
-0.649,-0.093,0.533,5
-0.718,-0.217,0.712,5
-0.844,-0.212,0.671,5
-0.958,-0.239,0.763,5
-1.017,-0.266,0.881,5
-1.002,-0.283,0.926,5
-1.022,-0.298,0.946,5
-1.01,-0.272,0.842,5
-0.892,-0.258,0.788,5
-0.794,-0.202,0.731,5
-0.68,-0.151,0.623,5
-0.56,-0.067,0.578,4
-0.444,-0.009,0.482,5
-0.322,0.013,0.425,5
-0.122,0.016,0.477,5
0.036,0.01,0.546,5
0.132,0.013,0.513,5
0.2,0.051,0.427,5
0.202,0.106,0.509,5
0.229,0.121,0.497,5
0.236,0.122,0.438,5
0.225,0.135,0.433,5
0.22,0.165,0.321,5
0.237,0.157,0.276,5
0.226,0.197,0.3,5
0.221,0.169,0.33,5
0.263,0.152,0.237,5
0.271,0.124,0.192,5
0.317,0.094,0.134,5
0.29,0.136,0.056,5
0.351,0.144,0.059,4
0.428,0.108,0.117,5
0.45,0.145,0.006,5
0.478,0.156,-0.049,5
0.555,0.175,-0.027,5
0.582,0.196,-0.046,5
0.554,0.194,-0.201,5
0.584,0.204,-0.275,5
0.526,0.236,-0.304,5
0.43,0.277,-0.291,5
0.34,0.275,-0.335,5
0.15,0.299,-0.383,5
0.062,0.291,-0.405,5
-0.077,0.283,-0.377,5
-0.181,0.237,-0.348,5
-0.232,0.231,-0.318,5
-0.239,0.229,-0.359,5
-0.249,0.189,-0.345,5
-0.233,0.187,-0.327,5
-0.171,0.177,-0.256,5
-0.106,0.172,-0.217,4
-0.044,0.177,-0.221,5
0.016,0.146,-0.156,5
0.096,0.088,-0.123,5
0.164,0.084,-0.107,5
0.1,0.101,-0.139,5
0.034,0.082,-0.125,5
0.039,0.061,-0.134,5
-0.054,0.033,-0.129,5
-0.092,0.021,-0.194,5
-0.122,0.054,-0.273,5
-0.161,0.078,-0.345,5
-0.149,0.062,-0.354,5
-0.07,0.03,-0.305,5
0.079,0.027,-0.352,5
0.075,0.071,-0.364,5
0.205,0.0,-0.181,5
0.288,-0.038,-0.129,5
0.328,-0.069,-0.081,5
0.334,-0.127,-0.082,5
0.331,-0.131,-0.108,4
0.298,-0.139,-0.084,5
0.294,-0.138,-0.175,5
0.213,-0.107,-0.205,5
0.191,-0.157,-0.163,5
0.112,-0.128,-0.129,5
-0.015,-0.124,-0.099,5
-0.13,-0.142,-0.037,5
-0.267,-0.093,0.0,5
-0.318,-0.161,0.181,5
-0.342,-0.223,0.227,5
-0.36,-0.274,0.256,5
-0.354,-0.272,0.287,5
-0.301,-0.271,0.292,5
-0.275,-0.278,0.259,5
-0.308,-0.315,0.285,5
-0.191,-0.223,0.153,5
0.081,-0.183,-0.021,5
0.185,-0.165,0.096,5
0.296,-0.118,0.194,5
0.378,-0.072,0.072,4
0.409,-0.056,-0.103,5
0.403,0.048,-0.286,5
0.488,0.073,-0.352,5
0.465,0.113,-0.321,5
0.47,0.119,-0.285,5
0.483,0.116,-0.269,5
0.469,0.095,-0.199,5
0.457,0.064,-0.158,5
0.476,0.015,-0.073,5
0.415,0.013,0.002,5
0.339,0.003,0.032,5
0.249,0.003,0.016,5
0.125,-0.018,0.096,5
0.048,-0.003,0.138,5
-0.081,-0.003,0.202,5
-0.155,-0.011,0.281,5
-0.169,-0.027,0.3,5
-0.2,-0.076,0.339,5
-0.145,-0.073,0.335,5
-0.083,-0.061,0.336,4
-0.053,-0.072,0.13,5
0.054,-0.074,-0.416,5
0.217,-0.036,-0.31,5
0.213,0.105,0.272,5
0.256,0.137,0.451,5
0.321,0.029,0.109,5
0.551,-0.09,-0.315,5
0.772,-0.085,-0.563,5
0.712,0.056,-0.628,5
0.602,0.227,-0.384,5
0.443,0.304,-0.268,5
0.252,0.295,-0.271,5
0.084,0.222,-0.291,5
-0.031,0.131,-0.288,5
-0.153,0.053,-0.208,5
-0.228,0.0,0.002,5
-0.317,-0.059,0.161,5
-0.397,-0.109,0.257,5
-0.418,-0.184,0.326,5
-0.303,-0.231,0.358,4
-0.221,-0.272,0.417,5
-0.117,-0.314,0.38,5
0.045,-0.287,0.311,5
0.092,-0.219,0.263,5
0.134,-0.189,0.198,5
0.186,-0.144,0.083,5
0.257,-0.078,-0.053,5
0.331,-0.044,-0.186,5
0.397,0.007,-0.292,5
0.357,0.041,-0.319,5
0.313,0.123,-0.391,5
0.195,0.179,-0.476,5
0.081,0.179,-0.485,5
-0.056,0.165,-0.475,5
-0.119,0.105,-0.376,5
-0.215,0.069,-0.196,5
-0.262,0.036,0.0,5
-0.27,-0.061,0.193,5
-0.2,-0.124,0.299,4
-0.232,-0.116,0.368,5
-0.191,-0.191,0.465,5
-0.146,-0.189,0.444,5
-0.097,-0.17,0.408,5
-0.1,-0.144,0.406,5
-0.034,-0.134,0.331,5
-0.057,-0.086,0.268,5
-0.029,-0.039,0.206,5
-0.044,-0.017,0.212,5
-0.104,-0.011,0.16,5
-0.132,-0.006,0.192,5
-0.166,0.015,0.177,5
-0.249,0.04,0.124,5
-0.332,0.049,0.108,5
-0.359,0.035,0.149,5
-0.31,0.083,0.129,5
-0.3,0.07,0.095,5
-0.275,0.068,0.115,5
-0.226,0.039,0.061,5
-0.156,0.031,0.003,4
-0.084,0.019,-0.018,5
-0.063,0.022,0.004,5
-0.017,0.024,0.017,5
-0.029,0.034,-0.001,5
-0.06,0.035,-0.022,5
-0.132,0.053,-0.063,5
-0.118,0.035,-0.078,5
-0.089,0.027,-0.101,5
-0.046,0.016,-0.104,5
-0.028,-0.032,-0.149,5
0.021,0.0,-0.134,5
0.066,0.09,-0.069,5
0.077,0.146,-0.01,5
0.056,0.101,0.02,5
0.068,0.082,-0.011,5
0.087,0.061,0.054,5
0.074,0.046,0.044,5
0.127,0.063,-0.007,5
0.118,0.078,0.04,5
0.102,0.092,0.023,4
0.109,0.135,-0.039,5
0.107,0.121,-0.039,5
0.118,0.117,-0.018,5
0.097,0.136,-0.037,5
0.1,0.109,-0.081,5
0.125,0.103,-0.047,5
0.116,0.075,-0.021,5
0.096,0.068,-0.01,5
0.164,0.009,-0.018,5
0.217,-0.021,0.052,5
0.238,-0.053,0.043,5
0.27,-0.078,0.077,5
0.282,-0.083,0.048,5
0.262,-0.036,0.043,5
0.176,0.001,-0.309,5
0.317,0.027,-1.059,5
0.415,0.041,-0.496,5
0.287,0.106,0.074,5
0.22,0.048,0.054,4
0.167,-0.033,-0.011,5
0.189,-0.116,0.071,5
0.106,-0.242,0.249,5
0.022,-0.231,0.272,5
-0.066,-0.247,0.137,5
-0.128,-0.179,0.024,5
-0.201,-0.058,0.004,5
-0.168,-0.06,0.021,5
-0.104,-0.041,0.006,5
-0.059,-0.041,-0.058,5
-0.027,-0.085,-0.07,5
0.013,-0.102,-0.063,5
0.038,-0.087,-0.009,5
0.094,-0.092,-0.012,5
0.094,-0.091,-0.002,5
0.067,-0.056,-0.045,5
0.034,-0.037,-0.075,5
0.044,-0.038,-0.106,5
0.078,-0.008,-0.087,5
0.062,-0.007,-0.091,5
0.133,0.027,-0.142,4
0.171,-0.001,-0.107,5
0.158,0.029,-0.104,5
0.117,0.082,-0.18,5
-0.286,0.267,-0.326,5
-0.262,0.249,-0.496,5
-0.128,0.164,-0.554,5
-0.18,0.126,-0.361,5
-0.127,0.139,-0.161,5
-0.084,0.078,-0.002,5
-0.054,0.014,0.075,5
0.011,-0.043,0.101,5
0.07,-0.073,0.083,5
0.033,-0.052,0.023,5
0.059,-0.03,-0.009,5
0.109,-0.018,-0.017,5
0.077,0.008,-0.079,5
0.069,0.059,-0.067,5
0.067,0.058,-0.065,5
0.043,0.026,-0.002,4
-0.004,-0.019,0.049,5
-0.064,0.0,0.126,5
-0.087,-0.038,0.217,5
-0.1,-0.078,0.303,5
-0.116,-0.087,0.246,5
-0.113,-0.096,0.217,5
-0.145,-0.073,0.209,5
-0.104,-0.048,0.127,5
-0.077,-0.005,0.011,5
-0.069,0.016,0.019,5
-0.04,0.049,-0.008,5
0.023,0.066,-0.063,5
0.059,0.055,-0.061,5
0.088,0.071,-0.081,5
0.105,0.055,-0.107,5
0.056,0.05,-0.045,5
0.024,0.062,0.01,5
0.03,0.021,0.057,5
-0.019,-0.01,0.038,5
-0.039,-0.001,0.064,4
-0.065,-0.009,0.127,5
-0.089,-0.021,0.149,5
-0.144,-0.036,0.151,5
-0.177,-0.063,0.274,5
-0.181,-0.104,0.311,5
-0.128,-0.141,0.267,5
-0.072,-0.165,0.283,5
-0.108,-0.123,0.289,5
-0.11,-0.106,0.178,5
-0.099,-0.121,0.182,5
-0.068,-0.114,0.104,5
-0.078,-0.124,0.067,5
-0.062,-0.09,0.112,5
-0.034,-0.051,0.084,5
0.029,-0.024,0.019,5
0.095,0.003,0.009,5
0.163,-0.026,-0.013,5
0.177,-0.023,-0.02,5
0.198,-0.021,-0.009,5
0.225,-0.036,-0.052,4
0.224,-0.028,-0.107,5
0.202,-0.025,-0.092,5
0.19,-0.04,-0.095,5
0.132,-0.07,-0.064,5
0.08,-0.137,-0.032,5
0.033,-0.127,-0.003,5
-0.154,-0.084,0.04,5
-0.333,0.018,-0.015,5
-0.304,0.016,-0.026,5
-0.265,-0.028,-0.028,5
-0.208,-0.064,-0.025,5
-0.187,-0.036,0.088,5
-0.13,-0.041,0.101,5
-0.104,-0.028,0.026,5
-0.166,0.017,-0.036,5
-0.163,0.02,-0.075,5
-0.082,0.005,-0.085,5
-0.013,0.108,0.013,5
0.0,0.174,-0.06,4
-0.021,0.127,-0.059,5
-0.014,0.045,-0.01,5
0.068,0.04,0.089,5
0.13,-0.023,0.124,5
0.152,-0.008,0.064,5
0.154,-0.028,0.031,5
0.13,-0.008,0.071,5
0.13,0.022,0.099,5
0.082,-0.001,0.119,5
0.044,-0.044,0.09,5
0.013,-0.031,0.055,5
0.008,-0.006,0.067,5
0.003,-0.018,0.038,5
-0.001,-0.004,0.021,5
0.11,-0.008,-0.018,5
0.159,0.009,-0.051,5
0.174,0.043,-0.102,5
0.191,0.073,-0.105,5
0.21,0.117,-0.081,5
0.185,0.157,-0.107,4
0.123,0.129,-0.135,5
0.051,0.133,-0.105,5
0.037,0.12,-0.09,5
0.068,0.082,-0.046,5
0.056,0.0,-0.003,5
0.025,0.0,0.001,5
0.022,0.017,0.031,5
-0.009,0.02,0.084,5
-0.047,-0.041,0.093,5
-0.038,-0.046,0.118,5
-0.025,-0.046,0.011,5
-0.036,-0.05,-0.024,5
-0.058,-0.006,-0.09,5
-0.061,-0.018,-0.111,5
-0.033,-0.008,-0.096,5
-0.056,-0.011,-0.108,5
-0.02,0.024,-0.14,5
-0.018,-0.034,-0.117,5
-0.007,-0.039,-0.054,5
0.014,-0.048,-0.014,4
-0.017,-0.048,-0.034,5
0.023,-0.103,-0.035,5
0.042,-0.093,-0.014,5
0.072,-0.161,0.021,5
0.056,-0.166,0.036,5
0.025,-0.141,0.041,5
0.052,-0.148,-0.014,5
0.077,-0.125,0.008,5
0.1,-0.065,-0.031,5
0.159,-0.063,-0.131,5
0.156,-0.022,-0.169,5
0.131,0.035,-0.191,5
0.079,0.092,-0.211,5
0.028,0.079,-0.203,5
0.038,0.066,-0.144,5
0.022,0.081,-0.125,5
0.015,0.082,-0.108,5
0.082,0.06,-0.05,5
0.07,0.046,-0.036,5
0.028,0.041,0.001,4
-0.051,0.037,0.057,5
-0.011,0.016,0.051,5
-0.019,0.01,0.05,5
-0.004,0.005,0.067,5
0.017,0.013,0.069,5
0.024,0.011,0.019,5
0.043,0.01,-0.008,5
0.039,0.044,-0.02,5
0.052,0.065,-0.031,5
0.047,0.063,-0.011,5
0.033,0.082,-0.113,5
0.013,0.104,-0.119,5
-0.009,0.111,-0.141,5
0.0,0.096,-0.123,5
-0.038,0.082,-0.076,5
-0.043,0.03,0.025,5
0.012,0.027,0.07,5
-0.031,-0.022,0.149,5
-0.002,-0.076,0.203,5
0.049,-0.128,0.204,4
0.035,-0.159,0.231,5
0.053,-0.134,0.251,5
0.069,-0.116,0.205,5
0.067,-0.143,0.184,5
0.09,-0.12,0.148,5
0.064,-0.104,0.108,5
0.079,-0.068,0.088,5
0.062,-0.035,0.079,5
0.082,-0.023,0.037,5
0.044,-0.029,0.007,5
0.052,0.025,0.011,5
0.03,0.035,0.01,5
0.018,0.014,0.0,5
0.02,0.013,0.026,5
0.048,-0.001,0.066,5
0.0,0.016,0.06,5
0.009,0.027,0.045,5
-0.03,0.02,0.071,5
-0.074,0.048,0.033,4
-0.071,0.039,-0.012,5
-0.111,0.031,0.014,5
-0.096,-0.002,0.008,5
-0.077,0.019,-0.009,5
0.003,0.004,-0.021,5
0.05,0.004,-0.062,5
0.088,0.025,-0.094,5
0.169,0.027,-0.072,5
0.23,-0.001,-0.138,5
0.237,0.02,-0.146,5
0.222,0.022,-0.14,5
0.178,0.05,-0.121,5
0.066,-0.001,-0.075,5
0.024,-0.006,-0.015,5
-0.037,-0.014,0.037,5
-0.077,-0.055,0.016,5
-0.069,-0.028,0.023,5
-0.049,-0.047,0.042,5
-0.044,-0.064,0.012,5
-0.031,-0.044,0.037,4
-0.067,-0.04,0.05,5
-0.051,-0.057,-0.001,5
0.009,-0.017,-0.018,5
0.051,0.022,-0.051,5
0.054,0.033,-0.08,5
0.006,0.008,-0.064,5
0.005,0.0,-0.049,5
-0.016,-0.035,-0.065,5
-0.044,-0.005,-0.007,5
-0.061,-0.026,0.023,5
-0.008,-0.071,0.072,5
-0.003,-0.064,0.082,5
-0.033,-0.04,0.052,5
0.004,-0.058,0.073,5
-0.021,-0.009,0.023,5
-0.036,0.039,-0.052,5
-0.028,0.052,-0.086,5
-0.06,0.064,-0.129,5
-0.08,0.066,-0.094,5
-0.072,0.077,-0.098,4
-0.039,0.065,-0.109,5
-0.043,0.067,-0.085,5
-0.026,0.056,-0.094,5
0.006,0.016,-0.037,5
0.044,0.01,-0.029,5
-0.033,-0.016,-0.013,5
-0.047,0.006,0.022,5
-0.111,-0.007,0.071,5
-0.091,-0.023,0.06,5
-0.116,-0.003,0.075,5
-0.144,0.013,0.072,5
-0.108,0.033,0.035,5
-0.088,0.034,0.04,5
-0.075,0.052,0.018,5
-0.029,0.038,-0.021,5
0.029,0.013,-0.028,5
0.056,-0.026,-0.021,5
0.107,-0.006,0.037,5
0.019,0.002,-0.255,4
0.068,0.041,-0.535,5
0.113,0.088,-0.167,5
0.067,0.066,0.038,5
0.095,0.012,0.026,5
0.137,-0.031,-0.062,5
0.188,-0.088,-0.06,5
0.079,-0.045,0.018,5
-0.049,-0.01,0.051,5
-0.096,0.016,0.003,5
-0.125,0.01,-0.061,5
-0.121,-0.025,-0.042,5
-0.104,-0.061,0.008,5
-0.12,-0.046,-0.035,5
-0.065,-0.037,-0.053,5
-0.097,-0.042,-0.034,5
-0.079,-0.055,0.033,5
-0.041,-0.037,0.06,5
-0.049,-0.024,0.049,5
-0.044,-0.013,0.027,5
-0.027,0.039,0.007,5
-0.037,0.039,0.019,4
-0.059,0.044,0.026,5
-0.075,0.044,-0.01,5
-0.076,0.035,-0.065,5
-0.09,0.032,-0.041,5
-0.12,0.007,-0.067,5
-0.086,0.019,-0.117,5
-0.056,0.021,-0.174,5
-0.054,0.028,-0.225,5
-0.062,0.029,-0.242,5
-0.103,-0.016,-0.282,5
-0.132,-0.001,-0.305,5
-0.127,0.015,-0.288,5
-0.149,-0.007,-0.237,5
-0.168,-0.041,-0.209,5
-0.134,-0.041,-0.343,5
-0.401,0.031,-0.421,5
-0.404,0.097,-0.607,5
-0.294,0.109,-0.637,5
-0.334,0.119,-0.573,4
-0.3,0.086,-0.451,5
-0.227,0.026,-0.264,5
-0.196,-0.036,-0.156,5
-0.185,-0.033,-0.11,5
-0.196,0.004,-0.038,5
-0.207,0.06,-0.017,5
-0.268,0.097,0.083,5
-0.263,0.13,0.221,5
-0.223,0.182,0.401,5
-0.257,0.202,0.551,5
-0.27,0.165,0.651,5
-0.2,0.153,0.758,5
-0.128,0.077,0.76,5
-0.115,0.099,0.934,5
-0.074,0.132,0.995,5
-0.014,0.05,0.887,5
0.137,-0.027,0.798,5
0.248,-0.033,0.727,5
0.297,-0.073,0.719,4
0.319,-0.027,0.643,5
0.308,0.018,0.531,5
0.351,0.016,0.374,5
0.432,0.01,0.255,5
0.518,-0.016,0.212,5
0.565,0.011,0.247,5
0.59,0.031,0.296,5
0.807,0.08,0.206,5
0.726,0.111,0.043,5
0.348,0.242,-0.202,5
0.192,0.338,-0.406,5
0.139,0.343,-0.24,5
0.107,0.257,0.102,5
0.006,0.162,0.346,5
-0.14,0.068,0.591,5
-0.303,-0.045,0.817,5
-0.423,-0.14,0.946,5
-0.411,-0.165,0.86,5
-0.413,-0.139,0.602,5
-0.359,-0.039,0.447,4
-0.396,0.071,0.337,5
-0.374,0.138,0.243,5
-0.297,0.15,0.163,5
-0.134,0.199,0.013,5
0.012,0.166,-0.1,5
0.131,0.145,-0.115,5
0.222,0.105,-0.078,5
0.307,0.021,0.041,5
0.332,-0.023,0.088,5

# Completed @Sat May 02 15:49:42 GMT+08:00 2020
